1 0 0 0 0 1 0 0 0 0 1 0
0.999028 -0.000464224 0.0440727 0.0439269 0.000578742 0.999996 -0.00258568 -0.0188032 -0.0440713 0.00260868 0.999025 1.02227
0.996057 -0.00473658 0.0885943 0.132364 0.00540193 0.999959 -0.00727181 -0.0411974 -0.0885562 0.00772172 0.996041 2.03419
0.990933 -0.00411034 0.134295 0.270309 0.00569454 0.999919 -0.0114144 -0.0661311 -0.134237 0.0120757 0.990876 3.04722
0.98361 -0.0017946 0.180298 0.44966 0.00437594 0.999894 -0.0139203 -0.09367 -0.180253 0.0144812 0.983514 4.06538
0.97413 -0.00429247 0.22595 0.679847 0.00762995 0.999874 -0.0138997 -0.124336 -0.225861 0.0152641 0.97404 5.06895
0.962522 -0.00482514 0.271162 0.957882 0.00925801 0.999844 -0.0150709 -0.159426 -0.271046 0.0170165 0.962416 6.06181
0.949064 -0.00738089 0.314997 1.2802 0.0136604 0.999749 -0.017732 -0.193709 -0.314787 0.0211318 0.948927 7.03297
0.933979 -0.00914464 0.357211 1.6524 0.0172752 0.999659 -0.019577 -0.227745 -0.35691 0.0244554 0.933819 7.98862
0.916743 -0.00899733 0.399377 2.06097 0.0186614 0.999619 -0.0203161 -0.261779 -0.399042 0.0260776 0.916562 8.93007
0.897167 -0.0093619 0.441592 2.51008 0.0197706 0.999624 -0.0189749 -0.29631 -0.441248 0.0257542 0.897015 9.85772
0.875288 -0.00909315 0.483516 2.99998 0.0204096 0.999627 -0.0181474 -0.331613 -0.483171 0.0257526 0.875147 10.7624
0.851417 -0.00923176 0.524408 3.53359 0.0212771 0.99963 -0.0169475 -0.367475 -0.524057 0.0255872 0.851299 11.6423
0.825764 -0.00942701 0.563937 4.10438 0.0229948 0.999592 -0.0169614 -0.402729 -0.563547 0.0269737 0.825644 12.4957
0.798459 -0.0112464 0.601944 4.71786 0.0265838 0.999509 -0.0165883 -0.43631 -0.601462 0.029247 0.798366 13.3123
0.770048 -0.0101451 0.637905 5.36176 0.0274371 0.999475 -0.0172252 -0.469326 -0.637396 0.0307665 0.769922 14.084
0.739615 -0.013433 0.672896 6.04515 0.0325423 0.999345 -0.0158191 -0.503318 -0.672243 0.0335976 0.739568 14.8175
0.707531 -0.0124745 0.706572 6.75841 0.0327794 0.999347 -0.0151805 -0.538609 -0.705921 0.0339017 0.707478 15.522
0.673542 -0.0115481 0.739059 7.50936 0.0343594 0.999286 -0.0156992 -0.574706 -0.73835 0.0359677 0.673458 16.1996
0.638037 -0.0126278 0.769902 8.30525 0.0389992 0.999112 -0.0159322 -0.605421 -0.769018 0.0401909 0.637963 16.8489
0.601227 -0.0108564 0.799005 9.12305 0.0391067 0.999109 -0.0158513 -0.635991 -0.798121 0.0407767 0.601116 17.468
0.563478 -0.00943802 0.826077 9.95329 0.0420734 0.998965 -0.0172856 -0.669027 -0.825059 0.0444959 0.563292 18.0183
0.524589 -0.00780722 0.85132 10.815 0.0467908 0.998711 -0.0196739 -0.69937 -0.850069 0.0501546 0.524278 18.5414
0.485658 -0.0066877 0.874123 11.7076 0.0483816 0.998644 -0.0192402 -0.728663 -0.872809 0.0516357 0.485323 19.0339
0.447003 -0.00827308 0.894494 12.6513 0.0533219 0.998426 -0.0174121 -0.760851 -0.892942 0.0554794 0.44674 19.5007
0.374554 -0.0064072 0.927183 14.6122 0.0587766 0.998129 -0.0168465 -0.821273 -0.92534 0.0608066 0.37423 20.3223
0.307575 -0.00890755 0.951482 16.6706 0.0619051 0.998025 -0.0106681 -0.874139 -0.949508 0.0621828 0.307519 21.0188
0.241603 -0.00518801 0.970361 18.8083 0.059614 0.998176 -0.00950614 -0.918871 -0.968542 0.0601438 0.241472 21.6121
0.179781 -0.0031995 0.983702 21.0218 0.0615985 0.998069 -0.00801147 -0.958721 -0.981776 0.0620348 0.17963 22.0741
0.118722 -0.00389529 0.99292 23.3248 0.0621567 0.99806 -0.00351651 -0.992453 -0.99098 0.0621342 0.118733 22.4011
0.0624182 -0.00393444 0.998042 25.6239 0.0657269 0.997838 -0.000176964 -1.0138 -0.995883 0.0656092 0.0625419 22.5724
0.0143621 -0.00295188 0.999893 28.0493 0.0742207 0.99724 0.00187797 -1.02598 -0.997138 0.0741857 0.0145415 22.6158
-0.0236437 -0.00344541 0.999715 30.5274 0.0844385 0.996414 0.00543104 -1.03343 -0.996148 0.0845428 -0.023268 22.5544
-0.0536379 -0.00391966 0.998553 33.0433 0.0899164 0.995911 0.00873922 -1.03859 -0.994504 0.0902551 -0.0530662 22.4117
-0.0791383 -0.00479338 0.996852 35.613 0.089742 0.995894 0.0119132 -1.03749 -0.992816 0.0904023 -0.0783832 22.2161
-0.100583 0.0015044 0.994927 38.1381 0.0901424 0.9959 0.00760719 -1.02946 -0.990837 0.0904503 -0.100307 21.9504
-0.117117 0.00522855 0.993104 40.6996 0.0907241 0.995861 0.00545606 -1.01919 -0.988965 0.0907375 -0.117107 21.6263
-0.128071 0.0076182 0.991736 43.3981 0.0915523 0.995792 0.00417356 -1.01183 -0.98753 0.0913302 -0.12823 21.2586
-0.136975 0.0102806 0.990521 46.1797 0.0906235 0.995883 0.00219566 -1.00819 -0.98642 0.0900652 -0.137343 20.8607
-0.140214 0.00911771 0.990079 47.5989 0.0905222 0.995888 0.00364845 -1.00603 -0.985975 0.0901357 -0.140463 20.6367
-0.143001 0.00730649 0.989696 49.0059 0.0912634 0.99581 0.00583499 -1.00199 -0.985506 0.0911574 -0.143068 20.4203
-0.145271 0.00620854 0.989372 50.3981 0.0912105 0.995806 0.00714365 -0.994722 -0.985179 0.0912789 -0.145228 20.2003
-0.147265 0.00719366 0.989071 51.8589 0.0940213 0.995547 0.00675824 -0.987424 -0.984618 0.093989 -0.147285 19.9833
-0.148474 0.00705016 0.988891 53.2964 0.0937623 0.99557 0.00697989 -0.979613 -0.984461 0.093757 -0.148478 19.7549
-0.149156 0.00854267 0.988777 54.8165 0.0957252 0.995391 0.00584027 -0.973061 -0.984169 0.095522 -0.149287 19.5312
-0.149488 0.00892249 0.988723 56.313 0.0954984 0.995415 0.00545584 -0.966761 -0.984141 0.095237 -0.149655 19.3073
-0.148656 0.0104847 0.988833 57.7774 0.0955278 0.995419 0.00380653 -0.962706 -0.984264 0.0950269 -0.148976 19.0918
-0.147747 0.0103996 0.988971 59.2761 0.0960365 0.99537 0.00388041 -0.959847 -0.984351 0.0955506 -0.148062 18.8601
-0.146465 0.00926638 0.989172 60.7692 0.0950669 0.99546 0.00475108 -0.957639 -0.984637 0.0947334 -0.146681 18.6215
-0.145264 0.0100252 0.989342 62.3259 0.0960453 0.995369 0.00401595 -0.956151 -0.98472 0.095605 -0.145554 18.382
-0.144135 0.0107358 0.9895 63.9863 0.0961081 0.995366 0.00320009 -0.955233 -0.98488 0.0955602 -0.144499 18.147
-0.143352 0.0114716 0.989605 65.5713 0.0970695 0.995274 0.00252404 -0.95329 -0.9849 0.0964223 -0.143789 17.9057
-0.142326 0.0113534 0.989755 67.2435 0.0970398 0.995277 0.00253752 -0.953199 -0.985052 0.0964067 -0.142756 17.6608
-0.141361 0.00980282 0.98991 68.8589 0.0987698 0.995101 0.00425026 -0.952503 -0.985019 0.098374 -0.141636 17.4276
-0.140854 0.00785239 0.989999 70.4871 0.100512 0.994915 0.00640914 -0.952261 -0.984915 0.100409 -0.140927 17.1841
-0.139962 0.00892213 0.990117 72.1839 0.102029 0.994766 0.00545864 -0.953963 -0.984886 0.101784 -0.14014 16.9388
-0.139084 0.0107551 0.990222 73.8963 0.104012 0.994569 0.00380696 -0.955955 -0.984803 0.103525 -0.139447 16.6974
-0.138547 0.0103301 0.990302 75.6352 0.103143 0.994658 0.00405454 -0.961734 -0.98497 0.102704 -0.138872 16.4552
-0.138385 0.0101318 0.990327 77.377 0.103581 0.994612 0.00429839 -0.964463 -0.984947 0.103174 -0.138689 16.2282
-0.138318 0.00900437 0.990347 79.1163 0.103294 0.994636 0.00538331 -0.965694 -0.984987 0.103042 -0.138506 15.9821
-0.138086 0.00926752 0.990377 80.8981 0.104692 0.994491 0.00529092 -0.964999 -0.984872 0.104415 -0.138295 15.7319
-0.138071 0.00901753 0.990381 82.6937 0.105601 0.994392 0.00566799 -0.965561 -0.984777 0.105368 -0.138249 15.4842
-0.138229 0.00999698 0.99035 84.481 0.105854 0.99437 0.00473706 -0.967041 -0.984727 0.105487 -0.138509 15.2427
-0.138712 0.010656 0.990275 86.2528 0.105325 0.99443 0.00405261 -0.970405 -0.984716 0.104863 -0.139062 14.995
-0.139857 0.0113312 0.990107 88.0723 0.104534 0.994516 0.00338425 -0.972149 -0.984638 0.103973 -0.140275 14.7405
-0.141093 0.011961 0.989924 89.9072 0.103795 0.994595 0.00277639 -0.976351 -0.98454 0.103141 -0.141572 14.4878
-0.142275 0.0110999 0.989765 91.7071 0.10252 0.994724 0.00358131 -0.979588 -0.984504 0.10198 -0.142662 14.2296
-0.14332 0.0108134 0.989617 93.548 0.102466 0.994729 0.00397022 -0.985389 -0.984358 0.101971 -0.143673 13.966
-0.143939 0.00981589 0.989538 95.377 0.100038 0.994973 0.00468175 -0.987872 -0.984517 0.0996649 -0.144197 13.7047
-0.145316 0.0108144 0.989326 97.2184 0.0999791 0.994982 0.00380909 -0.987313 -0.984321 0.0994655 -0.145668 13.4315
-0.14821 0.0115555 0.988888 99.1086 0.0985031 0.995132 0.00313474 -0.986122 -0.984038 0.0978731 -0.148627 13.16
-0.152157 0.0125945 0.988276 101.015 0.0991152 0.995073 0.00257883 -0.989544 -0.983374 0.0983456 -0.152655 12.8744
-0.156805 0.0118542 0.987558 102.871 0.0972177 0.995257 0.00348962 -0.993098 -0.982833 0.0965554 -0.157214 12.5831
-0.161759 0.011066 0.986768 104.773 0.0956622 0.995404 0.00451887 -0.999535 -0.982183 0.0951273 -0.162074 12.2822
-0.166493 0.0118269 0.985972 106.656 0.094418 0.995525 0.00400217 -1.00694 -0.981512 0.0937598 -0.166865 11.969
-0.171078 0.0137399 0.985162 108.555 0.0949831 0.995475 0.00261047 -1.01384 -0.980668 0.0940203 -0.171609 11.6431
-0.176067 0.0153722 0.984258 110.379 0.0944012 0.995533 0.00133853 -1.02328 -0.979841 0.0931508 -0.176732 11.3253
-0.180969 0.01564 0.983364 112.404 0.0931196 0.995654 0.00130135 -1.03437 -0.97907 0.091806 -0.181639 10.9697
-0.186228 0.0153176 0.982387 114.301 0.0911261 0.995838 0.00174713 -1.04571 -0.978272 0.0898465 -0.186848 10.6247
-0.191668 0.0146824 0.98135 116.239 0.0891844 0.996012 0.0025169 -1.05553 -0.977399 0.0880035 -0.192213 10.2607
-0.197094 0.0141657 0.980282 118.242 0.08849 0.996071 0.00339783 -1.06392 -0.976383 0.0874149 -0.197574 9.87375
-0.202782 0.0139233 0.979125 120.245 0.0886226 0.996056 0.00419013 -1.07272 -0.975205 0.0876223 -0.203216 9.47402
-0.208346 0.0156361 0.97793 122.202 0.0892372 0.996006 0.00308671 -1.0808 -0.973976 0.0879109 -0.208909 9.06629
-0.213799 0.0166721 0.976735 124.149 0.088738 0.996052 0.00242217 -1.08817 -0.972839 0.0871914 -0.214435 8.64901
-0.219817 0.0166114 0.9754 126.137 0.0892289 0.996006 0.00314637 -1.09924 -0.971452 0.0877255 -0.220422 8.21143
-0.225067 0.0164742 0.974204 128.115 0.0885214 0.996068 0.00360682 -1.111 -0.970314 0.0870497 -0.22564 7.75999
-0.230201 0.0172764 0.97299 130.099 0.0879635 0.996119 0.00312435 -1.12089 -0.969159 0.0863068 -0.230828 7.29878
-0.235454 0.0177265 0.971724 132.096 0.087063 0.996199 0.00292286 -1.13212 -0.967978 0.0852894 -0.236102 6.82489
-0.241296 0.017019 0.970302 134.237 0.0886263 0.996054 0.00456902 -1.14153 -0.966396 0.0870967 -0.241852 6.31391
-0.246436 0.0167702 0.969014 136.214 0.0910723 0.995827 0.00592692 -1.15569 -0.964871 0.0897109 -0.246935 5.82662
-0.2494 0.017495 0.968242 138.178 0.0921118 0.995732 0.0057345 -1.16026 -0.96401 0.0906167 -0.249947 5.32954
-0.252013 0.0181957 0.967553 140.121 0.0926118 0.995688 0.00539733 -1.16718 -0.963282 0.090967 -0.252612 4.82226
-0.255299 0.0180531 0.966694 142.127 0.091633 0.995777 0.00560362 -1.16998 -0.96251 0.0900116 -0.255875 4.30626
-0.259561 0.0187179 0.965545 144.165 0.0903651 0.995896 0.0049859 -1.17612 -0.96149 0.0885457 -0.260187 3.76963
-0.264343 0.0196827 0.964228 146.225 0.0892887 0.995997 0.00414728 -1.18045 -0.960286 0.0871909 -0.265043 3.21333
-0.269446 0.0193575 0.962821 148.268 0.0881843 0.996093 0.0046519 -1.18266 -0.95897 0.0861591 -0.2701 2.65769
-0.27355 0.0198288 0.961653 150.258 0.0884704 0.996068 0.0046277 -1.1847 -0.95778 0.0863437 -0.274229 2.11308
-0.278277 0.0206705 0.960278 152.386 0.0882679 0.996088 0.00413759 -1.18895 -0.956437 0.0859131 -0.279013 1.52037
-0.28243 0.0205316 0.959068 154.421 0.0877643 0.996131 0.00452017 -1.19753 -0.955265 0.0854486 -0.283139 0.929274
-0.286708 0.0200527 0.957808 156.498 0.0875508 0.996146 0.00535187 -1.20322 -0.954009 0.0853913 -0.287359 0.325786
-0.291391 0.0201896 0.956391 158.567 0.0880472 0.996099 0.00579821 -1.20751 -0.952543 0.0858971 -0.292033 -0.282852
-0.295258 0.0210556 0.955185 160.576 0.0892766 0.995991 0.00564123 -1.21116 -0.951237 0.0869413 -0.295954 -0.894627
-0.298959 0.0221636 0.954009 162.652 0.089422 0.995982 0.0048836 -1.21862 -0.950067 0.0867693 -0.29974 -1.53138
-0.302398 0.0237665 0.952885 164.749 0.0895107 0.995979 0.00356489 -1.22741 -0.94897 0.0863714 -0.30331 -2.18739
-0.305883 0.0248174 0.951746 166.844 0.0902991 0.99591 0.00305239 -1.23827 -0.947777 0.0868754 -0.306873 -2.84932
-0.309158 0.0255145 0.950668 168.959 0.0900285 0.995936 0.00254795 -1.24939 -0.94674 0.086375 -0.310198 -3.52616
-0.312782 0.0255701 0.949481 171.055 0.0902196 0.995918 0.00289982 -1.26021 -0.945531 0.0865688 -0.313812 -4.20365
-0.316659 0.0256355 0.948193 173.229 0.0899175 0.995944 0.00310237 -1.27144 -0.944268 0.0862415 -0.31768 -4.91825
-0.320391 0.0264021 0.946917 175.399 0.0920771 0.995746 0.00339093 -1.28305 -0.9428 0.0882758 -0.321459 -5.64162
-0.323352 0.0266641 0.945903 177.497 0.0941412 0.99555 0.00411815 -1.29415 -0.941584 0.0903801 -0.324424 -6.35734
-0.325781 0.0262012 0.945082 179.599 0.0949242 0.995471 0.00512326 -1.3033 -0.940668 0.0913802 -0.326793 -7.08273
-0.328623 0.0255973 0.944114 181.772 0.0944455 0.995513 0.00588332 -1.30921 -0.939727 0.0911007 -0.329566 -7.83021
-0.331446 0.0260793 0.943114 183.843 0.0935518 0.9956 0.00534698 -1.3158 -0.938825 0.0900022 -0.332427 -8.54846
-0.334411 0.0278214 0.942017 185.87 0.0926383 0.995694 0.00347938 -1.3245 -0.937863 0.0884304 -0.335548 -9.25638
-0.33759 0.0295963 0.940828 187.946 0.0921305 0.995745 0.00173461 -1.33531 -0.936774 0.0872646 -0.33888 -9.98926
-0.341035 0.0305457 0.939554 190.066 0.091255 0.995827 0.000748173 -1.34891 -0.935611 0.0859941 -0.3424 -10.7521
-0.34445 0.031266 0.938284 192.244 0.0896914 0.99597 -0.000261955 -1.36694 -0.93451 0.0840658 -0.345866 -11.5387
-0.348327 0.0317204 0.936836 194.407 0.0905811 0.995889 -4.07115e-05 -1.38255 -0.932986 0.0848454 -0.349768 -12.3303
-0.35172 0.0309246 0.935594 196.523 0.0901936 0.995924 0.000988054 -1.40099 -0.93175 0.0847321 -0.353076 -13.1081
-0.355643 0.0301588 0.934135 198.688 0.0901064 0.99593 0.00215144 -1.41974 -0.930268 0.0849367 -0.356913 -13.9143
-0.359752 0.0299259 0.932568 200.881 0.0899251 0.995945 0.00273032 -1.43643 -0.928705 0.0848436 -0.360984 -14.7456
-0.363378 0.0299771 0.931159 203.114 0.0888902 0.996038 0.00262296 -1.45108 -0.927392 0.0837241 -0.364603 -15.6073
-0.366959 0.0305504 0.929735 205.271 0.088146 0.996105 0.00205921 -1.46396 -0.926051 0.0827081 -0.368223 -16.4478
-0.370233 0.031202 0.928415 207.416 0.0882645 0.996096 0.00172145 -1.48276 -0.924736 0.0825834 -0.371541 -17.2927
-0.373169 0.0318892 0.927215 209.526 0.0891991 0.996012 0.00164398 -1.501 -0.923466 0.0833203 -0.374525 -18.1267
-0.375873 0.0316472 0.926131 211.631 0.0901201 0.995928 0.00254328 -1.51727 -0.922279 0.0844189 -0.377195 -18.9725
-0.378437 0.0312285 0.9251 213.763 0.0914198 0.995805 0.00378245 -1.52977 -0.921102 0.0860039 -0.379704 -19.8384
-0.380877 0.0319563 0.924074 215.944 0.0925615 0.9957 0.0037179 -1.54291 -0.919981 0.0869497 -0.382197 -20.7328
-0.38351 0.0328292 0.922953 218.15 0.0926385 0.995695 0.00307699 -1.55905 -0.918879 0.0866811 -0.3849 -21.6421
-0.386075 0.0330856 0.921874 220.324 0.0923408 0.995723 0.00293574 -1.57769 -0.917834 0.0862599 -0.387479 -22.5509
-0.388829 0.0343435 0.92067 222.518 0.0921676 0.995742 0.00178148 -1.59798 -0.916688 0.0855486 -0.390339 -23.4729
-0.391784 0.0354692 0.919373 224.713 0.0919305 0.995765 0.00075911 -1.61945 -0.915453 0.0848158 -0.393385 -24.3962
-0.394262 0.035372 0.918317 226.861 0.0896485 0.995973 0.000125697 -1.6428 -0.914615 0.0823753 -0.395845 -25.3076
-0.39733 0.0362985 0.916958 228.997 0.0904881 0.995898 -0.000213771 -1.66895 -0.913204 0.0828888 -0.398984 -26.2224
-0.399862 0.0359107 0.915872 231.129 0.0920342 0.995755 0.00113843 -1.69321 -0.911943 0.0847467 -0.401469 -27.1434
-0.4025 0.0349946 0.914751 233.304 0.092506 0.995709 0.0026119 -1.71711 -0.910734 0.0856712 -0.40401 -28.0899
-0.405611 0.0344528 0.913396 235.434 0.0915063 0.9958 0.00307408 -1.73519 -0.909454 0.0848284 -0.40706 -29.023
-0.408635 0.0347086 0.912038 237.497 0.0901379 0.995926 0.00248486 -1.75251 -0.908236 0.0832245 -0.410099 -29.9392
-0.41212 0.0339509 0.910497 239.72 0.0884849 0.996073 0.00290921 -1.7724 -0.906823 0.0817642 -0.413506 -30.9316
-0.415584 0.0332473 0.908947 241.909 0.0875458 0.996154 0.00359016 -1.79196 -0.905332 0.0810665 -0.416897 -31.9154
-0.419232 0.0334652 0.907262 244.023 0.087261 0.996179 0.00357699 -1.81217 -0.903676 0.0806682 -0.42055 -32.8754
-0.422915 0.0330644 0.905566 246.188 0.0865384 0.99624 0.00403979 -1.83177 -0.902028 0.0800747 -0.424186 -33.8682
-0.42704 0.0324794 0.903649 248.285 0.0855337 0.996325 0.00461052 -1.84844 -0.900178 0.0792614 -0.428249 -34.8423
-0.430896 0.0323582 0.901821 250.425 0.0847973 0.996387 0.00476537 -1.86491 -0.898408 0.0785253 -0.432083 -35.8485
-0.434693 0.0330443 0.899972 252.553 0.0848637 0.996383 0.00440561 -1.88391 -0.896571 0.07829 -0.435925 -36.8609
-0.438076 0.0333878 0.898318 254.66 0.0852721 0.996347 0.0045528 -1.90138 -0.894884 0.0785959 -0.439323 -37.8791
-0.441763 0.0331865 0.896518 256.812 0.0850023 0.996368 0.00500263 -1.91865 -0.893096 0.078416 -0.44298 -38.9227
-0.44539 0.0335558 0.894708 258.921 0.0838058 0.996473 0.00434642 -1.93234 -0.891406 0.0769175 -0.446631 -39.9574
-0.449207 0.033847 0.892786 261.02 0.0843718 0.996423 0.0046758 -1.94747 -0.889435 0.0774264 -0.450456 -40.997
-0.452656 0.0344403 0.89102 263.162 0.0849795 0.996372 0.00465883 -1.96165 -0.887627 0.0778273 -0.45394 -42.0627
-0.455891 0.0356931 0.88932 265.296 0.0864909 0.996243 0.00435319 -1.9757 -0.885823 0.0789026 -0.457265 -43.1391
-0.458999 0.0377545 0.887634 267.436 0.0886975 0.996052 0.00349988 -1.99037 -0.883998 0.0803374 -0.460535 -44.2382
-0.461947 0.038597 0.886068 269.492 0.0900416 0.995932 0.00356004 -2.00519 -0.882325 0.0814275 -0.463543 -45.2981
-0.464865 0.0406851 0.884446 271.578 0.0918605 0.995769 0.00247582 -2.01827 -0.880603 0.0823966 -0.466635 -46.3881
-0.467444 0.0431913 0.882967 273.7 0.0935783 0.995612 0.000839084 -2.03132 -0.879056 0.0830188 -0.469434 -47.5062
-0.470362 0.0437406 0.881389 275.793 0.0942982 0.995544 0.000917481 -2.04353 -0.877421 0.083545 -0.47239 -48.6234
-0.473658 0.0448247 0.879568 277.904 0.0946869 0.995507 0.000256788 -2.05597 -0.875604 0.0834052 -0.475774 -49.7487
-0.476939 0.0447299 0.877798 280.095 0.0939514 0.995577 0.000315588 -2.0729 -0.873901 0.0826208 -0.479032 -50.9206
-0.480359 0.0459015 0.87587 282.284 0.0947292 0.995503 -0.000218113 -2.08866 -0.871941 0.0828657 -0.482547 -52.1065
-0.483476 0.0461797 0.874138 284.403 0.0937987 0.995591 -0.000716834 -2.10208 -0.870317 0.0816465 -0.485676 -53.2644
-0.486443 0.0460529 0.872498 286.476 0.0923929 0.995722 -0.00104532 -2.11616 -0.868813 0.0801041 -0.488617 -54.4033
-0.4891 0.046704 0.870976 288.579 0.0938687 0.995584 -0.000673481 -2.12934 -0.867162 0.081428 -0.491325 -55.5764
-0.491258 0.0466809 0.869762 290.702 0.0952373 0.995455 0.000364961 -2.14228 -0.865792 0.0830131 -0.493471 -56.7678
-0.493382 0.0467661 0.868555 292.832 0.0961856 0.995363 0.00104426 -2.15461 -0.864478 0.0840577 -0.495592 -57.9711
-0.495422 0.0464074 0.867412 294.915 0.0958985 0.99539 0.001518 -2.1643 -0.863343 0.0839355 -0.497589 -59.1533
-0.497751 0.045637 0.866118 297.097 0.0954117 0.995435 0.00238145 -2.17245 -0.862056 0.0838232 -0.499833 -60.3988
-0.500293 0.0457855 0.864645 299.323 0.0967816 0.9953 0.00329485 -2.18052 -0.86043 0.0853301 -0.502373 -61.6746
-0.502625 0.0456341 0.863299 301.466 0.0970566 0.995271 0.00389761 -2.18795 -0.859039 0.085748 -0.504677 -62.9087
-0.504723 0.0462816 0.86204 303.656 0.0963076 0.995347 0.00294928 -2.19438 -0.857892 0.0845095 -0.506832 -64.176
-0.507228 0.0485007 0.860446 305.838 0.0955098 0.995428 0.000193251 -2.20503 -0.856503 0.0822791 -0.509541 -65.4482
-0.510588 0.0477222 0.8585 308.027 0.0937935 0.995592 0.000440295 -2.21955 -0.854695 0.0807465 -0.512813 -66.7335
-0.515139 0.0458126 0.855881 310.163 0.0916929 0.995786 0.00188701 -2.23392 -0.852188 0.0794504 -0.517169 -67.9943
-0.520144 0.0434423 0.852973 312.378 0.0895358 0.995976 0.00387345 -2.24685 -0.849373 0.0783864 -0.52194 -69.3138
-0.52462 0.0422207 0.850289 314.618 0.0887391 0.996041 0.00529316 -2.25543 -0.846699 0.0782308 -0.526289 -70.672
-0.529088 0.0425443 0.8475 316.87 0.0895337 0.995966 0.00589795 -2.25935 -0.84383 0.0790004 -0.530763 -72.0524
-0.533213 0.0439544 0.844838 319.113 0.0920241 0.995737 0.00627516 -2.26235 -0.840961 0.0810915 -0.534985 -73.442
-0.53691 0.0452308 0.842426 321.288 0.0936365 0.995587 0.00622401 -2.26425 -0.838427 0.0822236 -0.538776 -74.8061
-0.540724 0.0450763 0.839992 323.412 0.0938878 0.995558 0.00701343 -2.26225 -0.835944 0.0826573 -0.542554 -76.1565
-0.544719 0.0437233 0.837478 325.623 0.0940073 0.995529 0.00917014 -2.26246 -0.833333 0.0837242 -0.546394 -77.577
-0.548757 0.0420157 0.834926 327.834 0.0926974 0.995636 0.0108225 -2.26273 -0.830827 0.0833343 -0.550256 -79.0052
-0.552147 0.042174 0.83268 329.946 0.0927377 0.995629 0.0110668 -2.2621 -0.828573 0.0833314 -0.553644 -80.3934
-0.556185 0.0418819 0.830003 332.123 0.0925931 0.995634 0.011807 -2.26187 -0.825884 0.0834195 -0.557634 -81.8357
-0.560238 0.0422418 0.827254 334.416 0.0938658 0.995503 0.0127354 -2.25385 -0.822996 0.0847857 -0.561684 -83.3665
-0.564479 0.0415229 0.824402 336.57 0.0939682 0.995474 0.014202 -2.24598 -0.820081 0.0854843 -0.565826 -84.821
-0.568114 0.0405557 0.82195 338.757 0.0925712 0.995595 0.0148598 -2.23643 -0.817726 0.084531 -0.569366 -86.3041
-0.571613 0.0395234 0.819571 340.872 0.0919409 0.995634 0.0161107 -2.22235 -0.815356 0.0845611 -0.572752 -87.7556
-0.574619 0.0388001 0.817501 343.012 0.0919638 0.995611 0.0173876 -2.20354 -0.813238 0.0851717 -0.575665 -89.2387
-0.577629 0.0380009 0.815414 345.189 0.0895807 0.995834 0.0170488 -2.1848 -0.811369 0.0828933 -0.578627 -90.7564
-0.580539 0.0369194 0.813395 347.276 0.0856864 0.996195 0.0159399 -2.1678 -0.809711 0.0789506 -0.581493 -92.2224
-0.583674 0.0362891 0.811177 349.334 0.0823469 0.996496 0.0146723 -2.15263 -0.807802 0.0753618 -0.584617 -93.6723
-0.58656 0.0336377 0.809207 351.415 0.0799475 0.996662 0.0165207 -2.13719 -0.80595 0.0743845 -0.587291 -95.1566
-0.589584 0.03301 0.807032 353.577 0.0806279 0.996579 0.0181404 -2.11741 -0.803673 0.0757646 -0.590229 -96.7142
-0.592284 0.0334672 0.805034 355.772 0.0804747 0.996598 0.0177764 -2.09755 -0.8017 0.0753135 -0.592963 -98.3094
-0.595668 0.0321658 0.802587 357.903 0.0783758 0.996757 0.0182216 -2.08086 -0.799398 0.0737574 -0.596257 -99.8617
-0.598916 0.028674 0.800298 359.966 0.0763271 0.996853 0.0214043 -2.06142 -0.797166 0.0739038 -0.59922 -101.377
-0.601832 0.0264484 0.798185 362.077 0.0740729 0.996992 0.022815 -2.03151 -0.79518 0.0728546 -0.601981 -102.939
-0.604702 0.0257571 0.796035 364.214 0.0728407 0.997077 0.0230707 -1.99717 -0.793114 0.0719347 -0.604811 -104.532
-0.607265 0.0260373 0.794073 366.386 0.072424 0.997116 0.022691 -1.96616 -0.791192 0.0712894 -0.607399 -106.161
-0.609595 0.0253847 0.792307 368.469 0.0721428 0.997116 0.0235595 -1.93872 -0.789424 0.071521 -0.609668 -107.737
-0.612109 0.0245481 0.790392 370.572 0.0714058 0.997151 0.0243297 -1.91172 -0.787543 0.071331 -0.612118 -109.342
-0.615128 0.0230316 0.788091 372.743 0.0680702 0.997392 0.0239824 -1.88142 -0.785483 0.0683977 -0.615092 -110.997
-0.618251 0.0194128 0.785741 374.89 0.0579334 0.998101 0.0209247 -1.85544 -0.783843 0.0584573 -0.618201 -112.632
-0.621603 0.0218312 0.783028 376.88 0.050291 0.998662 0.0120801 -1.84769 -0.781717 0.0468883 -0.621869 -114.158
-0.62407 0.0322725 0.780702 378.924 0.0607102 0.998129 0.00726938 -1.85144 -0.779007 0.0519331 -0.624861 -115.764
-0.624737 0.0332515 0.780127 380.942 0.0679093 0.997621 0.011861 -1.85556 -0.777876 0.0603879 -0.625509 -117.375
-0.62698 0.0240532 0.778664 383.048 0.0669205 0.997492 0.0230715 -1.83683 -0.776156 0.0665739 -0.627017 -119.051
-0.630064 0.0135135 0.776425 385.133 0.0608388 0.997634 0.0320067 -1.78939 -0.774156 0.0674031 -0.629396 -120.701
-0.633167 0.00748865 0.773979 387.16 0.0549275 0.997867 0.0352795 -1.73188 -0.772064 0.0648506 -0.632227 -122.312
-0.635837 0.00715207 0.771791 389.103 0.0538674 0.99793 0.0351307 -1.67646 -0.769942 0.0639117 -0.634906 -123.88
-0.638287 0.0124028 0.769699 390.991 0.0592449 0.997696 0.0330532 -1.62655 -0.767515 0.0666982 -0.637551 -125.428
-0.640417 0.0191087 0.767789 392.944 0.0640563 0.997536 0.028603 -1.5803 -0.765351 0.0674996 -0.640064 -127.045
-0.642839 0.0220731 0.765683 395.049 0.0653265 0.997523 0.0260891 -1.53905 -0.763211 0.0667905 -0.642688 -128.788
-0.645729 0.0219784 0.76325 397.086 0.0651933 0.997523 0.0264308 -1.50424 -0.760778 0.0668259 -0.645562 -130.486
-0.648673 0.0214027 0.760766 399.051 0.0658803 0.997431 0.0281125 -1.46477 -0.758211 0.0683553 -0.648417 -132.136
-0.650966 0.0208605 0.75882 401.073 0.0666205 0.997335 0.0297341 -1.42012 -0.756178 0.0699088 -0.650621 -133.842
-0.652923 0.0211305 0.757129 403.061 0.06701 0.997303 0.0299538 -1.37634 -0.754454 0.0702928 -0.652578 -135.531
-0.654127 0.0212151 0.756087 405.116 0.0671479 0.997289 0.0301099 -1.32874 -0.753398 0.0704654 -0.653778 -137.281
-0.655354 0.0219814 0.755002 407.199 0.0681949 0.997216 0.0301609 -1.28252 -0.752237 0.0712533 -0.655028 -139.057
-0.656343 0.0215075 0.754156 409.109 0.0695796 0.997059 0.0321204 -1.23984 -0.751248 0.0735558 -0.655909 -140.698
-0.657451 0.0209541 0.753206 411.148 0.0713706 0.996851 0.034565 -1.18537 -0.75011 0.0764816 -0.656876 -142.463
-0.658944 0.0204923 0.751913 413.117 0.0728782 0.996665 0.0367047 -1.12835 -0.748653 0.0789844 -0.65824 -144.173
-0.66049 0.0207299 0.750548 415.06 0.0716938 0.996793 0.0355601 -1.06937 -0.747404 0.0772967 -0.659858 -145.867
-0.662072 0.0209405 0.749148 417.072 0.0678552 0.997179 0.0320945 -1.01281 -0.746362 0.0720824 -0.661625 -147.613
-0.663392 0.0202288 0.747998 419.02 0.0648715 0.997426 0.0305596 -0.964317 -0.745454 0.0687968 -0.662997 -149.315
-0.664552 0.0195795 0.746985 420.971 0.0644007 0.997438 0.0311496 -0.917346 -0.744461 0.0688069 -0.664111 -151.029
-0.665438 0.0183793 0.746227 422.938 0.0623956 0.997568 0.0310708 -0.87113 -0.74384 0.067237 -0.664967 -152.759
-0.666472 0.0173588 0.745328 424.929 0.0596679 0.997764 0.0301169 -0.824638 -0.743138 0.0645442 -0.666018 -154.513
-0.667203 0.0167335 0.744688 426.987 0.0586911 0.99782 0.0301628 -0.77641 -0.74256 0.0638312 -0.666731 -156.325
-0.667878 0.0154325 0.744111 428.872 0.0593134 0.997709 0.0325449 -0.733705 -0.741904 0.0658717 -0.667263 -157.988
-0.667744 0.0141724 0.744256 430.858 0.0615824 0.997443 0.0362579 -0.67734 -0.741839 0.0700441 -0.66691 -159.755
-0.666761 0.0131211 0.745157 432.864 0.0662648 0.996929 0.0417388 -0.606757 -0.74232 0.0772074 -0.665582 -161.539
-0.665432 0.0124601 0.746354 434.894 0.0700785 0.996487 0.0458444 -0.520897 -0.743161 0.0828097 -0.663968 -163.339
-0.663908 0.00985801 0.747749 436.892 0.0642522 0.996967 0.0439044 -0.434906 -0.745049 0.0771931 -0.662528 -165.087
-0.662932 0.00903289 0.748625 438.816 0.0569664 0.997637 0.0384082 -0.359232 -0.746509 0.0681085 -0.66188 -166.766
-0.661259 0.00699746 0.750125 440.854 0.0524036 0.997945 0.0368862 -0.293084 -0.748325 0.0637006 -0.660266 -168.546
-0.658655 0.00691823 0.752413 442.812 0.0508126 0.998084 0.0353037 -0.233585 -0.750727 0.061485 -0.657745 -170.244
-0.655679 0.00777549 0.755 444.702 0.0531235 0.997944 0.0358576 -0.175629 -0.753169 0.0636193 -0.654744 -171.879
-0.652923 0.00737253 0.757388 446.714 0.0531856 0.997931 0.0361358 -0.110292 -0.755555 0.063876 -0.651964 -173.609
-0.650629 0.00841712 0.759349 448.709 0.0511927 0.99815 0.032799 -0.0491591 -0.757668 0.0602131 -0.649856 -175.308
-0.649012 0.00350183 0.76077 450.601 0.0442077 0.998473 0.0331176 0.00227846 -0.759492 0.0551256 -0.648176 -176.894
-0.648066 -0.00264371 0.761579 452.618 0.0358272 0.998781 0.0339543 0.0563241 -0.760741 0.0492899 -0.647182 -178.575
-0.647945 -0.006355 0.761661 454.608 0.028325 0.999073 0.032432 0.111034 -0.76116 0.0425882 -0.647164 -180.233
-0.647601 -0.00684454 0.761949 456.684 0.0267106 0.999141 0.0316772 0.16804 -0.761511 0.0408663 -0.646862 -181.978
-0.646331 -0.00667661 0.763028 458.724 0.0289627 0.999026 0.0332748 0.221398 -0.762508 0.0436059 -0.645508 -183.692
-0.644952 -0.00752591 0.764186 460.638 0.0307843 0.998884 0.0358184 0.274226 -0.763603 0.046626 -0.644001 -185.284
-0.643409 -0.0100434 0.765457 462.613 0.028828 0.998887 0.0373378 0.336681 -0.76498 0.04609 -0.642403 -186.928
-0.642416 -0.0101789 0.766288 464.575 0.0270713 0.998986 0.0359651 0.399103 -0.765877 0.043849 -0.64149 -188.548
-0.641663 -0.0093013 0.76693 466.526 0.0258716 0.999095 0.0337628 0.458816 -0.76655 0.0415061 -0.640842 -190.157
-0.640636 -0.007727 0.767806 468.531 0.0268445 0.999113 0.0324531 0.513228 -0.767376 0.041402 -0.63986 -191.82
-0.63959 -0.00696224 0.768685 470.512 0.0291948 0.999018 0.0333402 0.564571 -0.768162 0.0437656 -0.638758 -193.456
-0.638507 -0.00713749 0.769583 472.672 0.0307863 0.99892 0.0348072 0.625905 -0.769 0.0459172 -0.637598 -195.239
-0.63737 -0.00710816 0.770525 474.665 0.031092 0.998906 0.0349339 0.681822 -0.76993 0.046223 -0.636452 -196.86
-0.636402 -0.00791312 0.771317 476.7 0.0303444 0.998917 0.0352848 0.741014 -0.770761 0.0458604 -0.635472 -198.513
-0.635724 -0.00892589 0.771865 478.671 0.0302368 0.998878 0.0364548 0.799529 -0.771324 0.0465139 -0.634741 -200.111
-0.634866 -0.00974443 0.772561 480.566 0.0298313 0.998866 0.0371133 0.8564 -0.772046 0.0466085 -0.633855 -201.638
-0.634049 -0.00908485 0.77324 482.566 0.0291323 0.998941 0.0356249 0.917891 -0.772744 0.0451142 -0.633112 -203.248
-0.633679 -0.00803872 0.773554 484.571 0.029247 0.998982 0.0343399 0.97407 -0.773043 0.0443846 -0.632799 -204.864
-0.632816 -0.00833497 0.774257 486.624 0.0296346 0.998949 0.0349747 1.03222 -0.773735 0.0450774 -0.631904 -206.516
-0.632426 -0.00952113 0.774563 488.739 0.0294089 0.998908 0.036291 1.09552 -0.774063 0.0457304 -0.631455 -208.219
-0.632322 -0.0108118 0.77463 490.841 0.0279668 0.998932 0.0367714 1.16041 -0.7742 0.0449153 -0.631345 -209.913
-0.632334 -0.01121 0.774615 492.925 0.0276649 0.998931 0.0370397 1.22481 -0.774202 0.0448511 -0.631347 -211.59
-0.632591 -0.0108509 0.77441 494.908 0.0277297 0.998943 0.0366486 1.28427 -0.773989 0.0446577 -0.631622 -213.186
-0.632956 -0.010311 0.774119 496.881 0.0283258 0.998933 0.036466 1.34484 -0.77367 0.0450089 -0.631989 -214.784
-0.632945 -0.0119273 0.774105 498.858 0.0276381 0.998896 0.0379891 1.4054 -0.773704 0.0454398 -0.631916 -216.371
-0.632983 -0.0133831 0.77405 500.892 0.0271585 0.998851 0.0394788 1.4727 -0.773689 0.0460115 -0.631892 -218.003
-0.633089 -0.0139686 0.773953 502.932 0.0264422 0.998863 0.0396574 1.54223 -0.773627 0.0455717 -0.632 -219.639
-0.633212 -0.0143263 0.773846 504.988 0.0255069 0.998899 0.0393641 1.61298 -0.773558 0.0446642 -0.632149 -221.291
-0.633376 -0.0132056 0.773732 507.013 0.026117 0.99892 0.0384283 1.67869 -0.773404 0.0445471 -0.632347 -222.925
-0.633193 -0.0127325 0.773889 508.987 0.0269254 0.998897 0.0384647 1.74227 -0.773525 0.0451929 -0.632152 -224.52
-0.632652 -0.0130207 0.774326 511.065 0.0269619 0.998882 0.0388255 1.80841 -0.773966 0.0454404 -0.631594 -226.186
-0.63237 -0.012671 0.774563 513.094 0.0269398 0.998902 0.0383352 1.87096 -0.774198 0.0451085 -0.631334 -227.803
-0.632376 -0.0126948 0.774557 515.162 0.0260916 0.998949 0.0376747 1.93493 -0.774222 0.044034 -0.631381 -229.467
-0.632248 -0.0133132 0.774652 517.185 0.0260732 0.99892 0.0384477 2.00202 -0.774327 0.0445062 -0.631218 -231.097
-0.631947 -0.0145104 0.774876 519.183 0.025779 0.998878 0.039729 2.07097 -0.774583 0.0450822 -0.630863 -232.711
-0.631773 -0.0156969 0.774995 521.223 0.0257721 0.998817 0.0412396 2.14234 -0.774725 0.0460274 -0.630621 -234.363
-0.631548 -0.0147102 0.775198 523.255 0.0263561 0.998835 0.040426 2.2154 -0.774889 0.0459621 -0.630424 -236.001
-0.631424 -0.0139936 0.775311 525.361 0.0271451 0.998825 0.0401352 2.29246 -0.774962 0.0463882 -0.630303 -237.705
-0.6312 -0.0141687 0.775491 527.312 0.027649 0.998787 0.040753 2.36077 -0.775127 0.0471648 -0.630042 -239.278
-0.631126 -0.0152088 0.775531 529.352 0.0268613 0.99878 0.0414465 2.43486 -0.775215 0.0469897 -0.629947 -240.924
-0.631081 -0.0154551 0.775563 531.4 0.0264115 0.998794 0.0413947 2.50798 -0.775267 0.0466072 -0.629911 -242.568
-0.631136 -0.0150734 0.775526 533.404 0.0263429 0.998818 0.0408517 2.57864 -0.775225 0.0462126 -0.629993 -244.171
-0.631127 -0.0162024 0.775511 535.337 0.0261026 0.998772 0.0421097 2.64827 -0.77524 0.0468194 -0.629929 -245.719
-0.631301 -0.0179142 0.775331 537.414 0.0256461 0.998704 0.0439572 2.72943 -0.775114 0.0476344 -0.630023 -247.392
-0.631813 -0.0189413 0.77489 539.478 0.0247422 0.998699 0.0445859 2.81241 -0.774726 0.0473424 -0.630522 -249.052
-0.632284 -0.0178491 0.774531 541.556 0.0239148 0.998808 0.0425403 2.89447 -0.774367 0.0454204 -0.631104 -250.734
-0.632504 -0.0156625 0.774399 543.563 0.023951 0.998922 0.0397661 2.96817 -0.774187 0.0436999 -0.631447 -252.35
-0.632434 -0.0149658 0.77447 545.441 0.0245065 0.998926 0.0393153 3.03148 -0.774227 0.0438438 -0.631388 -253.856
-0.632484 -0.0168459 0.77439 547.573 0.024983 0.9988 0.0421326 3.10887 -0.77417 0.0459948 -0.631304 -255.576
-0.632674 -0.0177192 0.774215 549.702 0.0258417 0.998698 0.0439742 3.19305 -0.773987 0.0478284 -0.631393 -257.306
-0.632764 -0.0172943 0.774152 551.686 0.0261801 0.998701 0.0437094 3.27283 -0.773902 0.0479251 -0.631489 -258.911
-0.632801 -0.0162993 0.774143 553.669 0.0268309 0.998716 0.0429597 3.35036 -0.77385 0.0479558 -0.631551 -260.509
-0.633022 -0.0154336 0.77398 555.716 0.0274989 0.998722 0.0424058 3.42992 -0.773645 0.0481274 -0.631789 -262.168
-0.633116 -0.0153202 0.773906 557.685 0.0286668 0.998654 0.043221 3.50551 -0.773526 0.0495493 -0.631825 -263.764
-0.632804 -0.0158577 0.77415 559.719 0.0293531 0.99858 0.0444487 3.58519 -0.773756 0.050851 -0.63144 -265.41
-0.632465 -0.0169227 0.774404 561.833 0.0287088 0.998562 0.045268 3.67117 -0.774057 0.0508626 -0.63107 -267.115
-0.632283 -0.0166642 0.774558 564.011 0.0289596 0.998562 0.0451237 3.76122 -0.774196 0.0509618 -0.630891 -268.874
-0.63204 -0.01635 0.774763 566.016 0.0298057 0.998525 0.0453872 3.84235 -0.774362 0.0517789 -0.630621 -270.497
-0.631643 -0.0169651 0.775074 568.072 0.0303319 0.998454 0.0465734 3.92824 -0.774666 0.0529272 -0.630152 -272.148
-0.631265 -0.0184846 0.775347 570.115 0.0287474 0.998471 0.0472093 4.01608 -0.775034 0.0520908 -0.629768 -273.787
-0.631036 -0.0199748 0.775497 572.105 0.0271119 0.99849 0.04778 4.10329 -0.77528 0.051176 -0.629541 -275.378
-0.63073 -0.0191925 0.775765 574.098 0.0270084 0.998545 0.0466631 4.19037 -0.775532 0.050384 -0.629295 -276.977
-0.630303 -0.0175768 0.77615 576.154 0.028756 0.998529 0.0459652 4.27785 -0.775817 0.051291 -0.62887 -278.633
-0.629492 -0.0165634 0.776831 578.216 0.0299575 0.998512 0.0455656 4.36309 -0.776429 0.0519551 -0.628059 -280.292
-0.62888 -0.0171195 0.777314 580.247 0.0302822 0.99846 0.0464896 4.44632 -0.776912 0.0527751 -0.627393 -281.917
-0.628488 -0.018065 0.777609 582.252 0.0303468 0.9984 0.0477216 4.53205 -0.777227 0.0535904 -0.626934 -283.524
-0.627965 -0.017243 0.778051 584.3 0.0305404 0.998438 0.0467764 4.62073 -0.777642 0.0531359 -0.626458 -285.162
-0.627187 -0.017473 0.778673 586.291 0.0298151 0.998477 0.04642 4.70515 -0.778298 0.0523302 -0.625711 -286.746
-0.626649 -0.0178032 0.779098 588.379 0.0289353 0.998518 0.0460905 4.7937 -0.778764 0.051426 -0.625205 -288.405
-0.626041 -0.0185045 0.779571 590.501 0.0286423 0.998498 0.0467026 4.88381 -0.779264 0.0515665 -0.624571 -290.1
-0.625585 -0.0187954 0.77993 592.577 0.0282991 0.998505 0.0467616 4.97198 -0.779643 0.0513246 -0.624118 -291.751
-0.625342 -0.0199499 0.780095 594.623 0.0268666 0.99853 0.047073 5.05793 -0.779888 0.0503952 -0.623887 -293.37
-0.624793 -0.0208769 0.780512 596.57 0.0252019 0.998582 0.0468837 5.13937 -0.780384 0.048963 -0.623381 -294.893
-0.62488 -0.0204297 0.780453 598.559 0.024267 0.998666 0.0455715 5.2234 -0.780343 0.047416 -0.623551 -296.453
-0.625117 -0.0197616 0.780281 600.524 0.0259841 0.998598 0.0461078 5.30672 -0.780098 0.0490977 -0.623728 -298.008
-0.625435 -0.0212592 0.779987 602.449 0.0257172 0.998524 0.0478371 5.39183 -0.779852 0.049978 -0.623965 -299.532
-0.625566 -0.0227075 0.779841 604.531 0.0243861 0.998519 0.0486368 5.48805 -0.77979 0.0494428 -0.624085 -301.174
-0.625665 -0.0221823 0.779777 606.664 0.0235899 0.9986 0.0473349 5.58598 -0.779735 0.0480107 -0.624266 -302.862
-0.625899 -0.0201549 0.779643 608.667 0.0242912 0.998677 0.0453183 5.67397 -0.779525 0.0473032 -0.624582 -304.45
-0.625887 -0.0190618 0.77968 610.671 0.0242298 0.998743 0.043868 5.75829 -0.779537 0.0463479 -0.624639 -306.049
-0.625953 -0.0190843 0.779627 612.791 0.0245973 0.99872 0.0441964 5.84532 -0.779472 0.0468416 -0.624683 -307.739
-0.626027 -0.0196014 0.779555 614.807 0.0253164 0.998646 0.0454407 5.92834 -0.779391 0.0481827 -0.624683 -309.343
-0.625871 -0.0202808 0.779662 616.879 0.0255984 0.998589 0.0465246 6.01625 -0.779506 0.0490765 -0.624469 -310.989
-0.625753 -0.0206698 0.779747 618.926 0.0257747 0.998555 0.0471544 6.10309 -0.779595 0.0496048 -0.624316 -312.608
-0.62537 -0.0206622 0.780055 621.01 0.0250888 0.9986 0.0465648 6.19207 -0.779925 0.0486908 -0.623976 -314.252
-0.625081 -0.0200209 0.780303 622.949 0.0253347 0.998624 0.0459176 6.2735 -0.780149 0.048471 -0.623714 -315.782
-0.625123 -0.0203256 0.780262 624.967 0.0253429 0.998605 0.0463173 6.36123 -0.780115 0.0487281 -0.623736 -317.382
-0.624799 -0.0202678 0.780522 626.98 0.0261284 0.99856 0.046845 6.44778 -0.780348 0.0496625 -0.62337 -318.973
-0.624553 -0.0211219 0.780697 629.013 0.0251835 0.99857 0.047163 6.53528 -0.780577 0.0491165 -0.623127 -320.578
-0.624026 -0.0214471 0.781109 631.161 0.0246932 0.998583 0.0471457 6.62745 -0.781013 0.0487082 -0.622612 -322.273
-0.623801 -0.0203488 0.781318 633.169 0.0247084 0.998648 0.0457361 6.71233 -0.781192 0.0478353 -0.622455 -323.858
-0.62346 -0.0207291 0.78158 635.212 0.024604 0.998633 0.0461122 6.79665 -0.781468 0.0479791 -0.622098 -325.462
-0.623364 -0.0211304 0.781646 637.278 0.0249547 0.998588 0.0468965 6.88554 -0.781533 0.0487393 -0.621957 -327.093
-0.622852 -0.0213384 0.782048 639.471 0.0252502 0.998559 0.0473561 6.98362 -0.781932 0.0492427 -0.621416 -328.819
-0.622211 -0.0201966 0.782589 641.47 0.0254487 0.998617 0.0460051 7.06812 -0.782436 0.0485408 -0.620836 -330.386
-0.622093 -0.018755 0.782719 643.444 0.0259521 0.99867 0.0445558 7.14798 -0.782513 0.048031 -0.620779 -331.934
-0.621786 -0.0185484 0.782967 645.538 0.0269301 0.998622 0.0450435 7.23288 -0.782724 0.0490928 -0.62043 -333.578
-0.621267 -0.0194542 0.783358 647.52 0.0272696 0.998549 0.0464254 7.31237 -0.783125 0.0502044 -0.619835 -335.132
-0.6207 -0.0198571 0.783797 649.577 0.0274676 0.998515 0.0470488 7.39769 -0.783567 0.0507322 -0.619233 -336.736
-0.620371 -0.0204689 0.784041 651.607 0.0270386 0.998507 0.0474623 7.48362 -0.783842 0.0506436 -0.618892 -338.313
-0.62009 -0.0208608 0.784254 653.642 0.0267307 0.998504 0.047695 7.57236 -0.784076 0.0505388 -0.618604 -339.897
-0.61942 -0.02045 0.784793 655.775 0.0267331 0.998531 0.0471194 7.66549 -0.784604 0.0501667 -0.617964 -341.556
-0.61904 -0.0196015 0.785114 657.881 0.026621 0.99859 0.0459211 7.75565 -0.784908 0.0493276 -0.617646 -343.198
-0.618669 -0.0189695 0.785423 659.93 0.0267801 0.998618 0.0452131 7.84132 -0.785195 0.0490057 -0.617306 -344.792
-0.61826 -0.0191769 0.78574 661.981 0.0264326 0.998629 0.0451712 7.92435 -0.785529 0.0486967 -0.616906 -346.378
-0.618373 -0.0199423 0.785632 664.056 0.0255668 0.998638 0.0454729 8.00885 -0.785469 0.0482053 -0.617021 -347.984
-0.618708 -0.0200332 0.785365 666.103 0.0252499 0.998651 0.0453654 8.0904 -0.785215 0.0478983 -0.617368 -349.574
-0.619013 -0.0208878 0.785103 668.155 0.0242716 0.99866 0.0457064 8.17406 -0.785006 0.0473486 -0.617676 -351.163
-0.619495 -0.0208053 0.784725 670.2 0.0234427 0.998713 0.0449855 8.25858 -0.784651 0.0462644 -0.618209 -352.751
-0.620037 -0.0206215 0.784301 672.239 0.0232107 0.998735 0.044609 8.34063 -0.784229 0.0458634 -0.618774 -354.334
-0.620391 -0.0209298 0.784013 674.333 0.0235883 0.998694 0.0453263 8.42638 -0.783938 0.0466135 -0.619087 -355.968
-0.620732 -0.0212424 0.783735 676.423 0.0240615 0.998646 0.0461245 8.51363 -0.783654 0.0474888 -0.61938 -357.593
-0.621323 -0.0210876 0.783271 678.443 0.0250631 0.998591 0.0467657 8.59903 -0.783154 0.0486878 -0.619919 -359.166
-0.621655 -0.0217318 0.782989 680.504 0.0245975 0.99858 0.0472447 8.68729 -0.782905 0.0486294 -0.620238 -360.775
