1 0 0 0 0 1 0 0 0 0 1 0
0.999997 -0.00235929 -0.000834759 -0.0051154 0.00236171 0.999993 0.00291512 -0.0201113 0.000827876 -0.00291708 0.999995 1.5195
0.999992 -0.00279335 -0.00277064 -0.0157441 0.00280394 0.999989 0.00382751 -0.0386869 0.00275992 -0.00383525 0.999989 3.02376
0.99999 -0.00154567 -0.00419476 -0.0308969 0.0015606 0.999992 0.00355785 -0.0550519 0.00418923 -0.00356436 0.999985 4.5113
0.999984 -0.000957269 -0.00550297 -0.0498428 0.00097596 0.999994 0.00339493 -0.0712391 0.00549968 -0.00340025 0.999979 6.00232
0.999976 -0.0010645 -0.00686287 -0.067133 0.0010893 0.999993 0.0036112 -0.087901 0.00685898 -0.00361859 0.99997 7.49124
0.999962 -0.00118146 -0.00862987 -0.086649 0.00121589 0.999991 0.00398582 -0.103917 0.00862508 -0.00399616 0.999955 8.97324
0.999942 -0.00309643 -0.010337 -0.105271 0.00312822 0.99999 0.00306059 -0.118597 0.0103275 -0.00309275 0.999942 10.4628
0.99992 -0.00437622 -0.0118706 -0.126389 0.00441619 0.999985 0.00334265 -0.134626 0.0118558 -0.00339481 0.999924 11.9508
0.999905 -0.00407295 -0.0131399 -0.14949 0.00411696 0.999986 0.00332374 -0.151606 0.0131261 -0.00337752 0.999908 13.432
0.999892 -0.00362567 -0.0142142 -0.178352 0.0036724 0.999988 0.00326261 -0.167512 0.0142022 -0.00331446 0.999894 14.9011
0.999887 -0.00219736 -0.0148675 -0.208676 0.00225446 0.99999 0.00382501 -0.18329 0.0148589 -0.00385809 0.999882 16.3701
0.999882 -0.000712977 -0.0153137 -0.243812 0.000783185 0.999989 0.00457918 -0.198962 0.0153102 -0.00459063 0.999872 17.8344
0.999873 0.000152642 -0.0159158 -0.276883 -6.6557e-05 0.999985 0.00540917 -0.211711 0.0159164 -0.00540742 0.999859 19.3017
0.999867 8.19049e-05 -0.0162998 -0.307344 5.7344e-06 0.999986 0.00537658 -0.224767 0.0163 -0.00537596 0.999853 20.7686
0.999857 0.0007119 -0.0168888 -0.338803 -0.000618443 0.999984 0.00553821 -0.238855 0.0168925 -0.00552698 0.999842 22.2041
0.999855 0.00119426 -0.0169774 -0.370167 -0.00109063 0.999981 0.00611175 -0.251533 0.0169844 -0.00609235 0.999837 23.6354
0.999856 0.00218058 -0.0168459 -0.404994 -0.00205704 0.999971 0.00734734 -0.264143 0.0168614 -0.00731163 0.999831 25.065
0.999856 0.00240835 -0.0167887 -0.438456 -0.00230794 0.999979 0.0059975 -0.276827 0.0168028 -0.00595789 0.999841 26.5123
0.999858 0.00293035 -0.0165938 -0.470743 -0.00286486 0.999988 0.00396921 -0.29079 0.0166053 -0.00392111 0.999854 27.9316
0.999866 0.000976796 -0.0163189 -0.498998 -0.000914587 0.999992 0.00381911 -0.306218 0.0163225 -0.00380367 0.99986 29.3366
0.999871 5.30786e-05 -0.0160716 -0.526506 5.14965e-05 0.999979 0.00650636 -0.321272 0.0160716 -0.00650635 0.99985 30.7298
0.999871 -0.00165723 -0.0159573 -0.554215 0.00178104 0.999968 0.00774749 -0.335348 0.015944 -0.00777491 0.999843 32.1443
0.999874 -0.00250434 -0.0156605 -0.585648 0.00261648 0.999971 0.00714447 -0.348681 0.0156422 -0.00718455 0.999852 33.5217
0.999881 -0.00238205 -0.0152539 -0.609935 0.00246463 0.999982 0.0053973 -0.361839 0.0152407 -0.00543425 0.999869 34.8786
0.999892 -0.00151639 -0.0146149 -0.63596 0.00158372 0.999988 0.00459675 -0.377987 0.0146078 -0.00461939 0.999883 36.2538
0.999905 -0.000886813 -0.0137286 -0.664064 0.000937077 0.999993 0.00365526 -0.395595 0.0137253 -0.00366777 0.999899 37.6154
0.999923 -0.000413665 -0.0124162 -0.690533 0.000472436 0.999989 0.00473083 -0.413183 0.0124141 -0.00473634 0.999912 38.9445
0.999941 0.000109357 -0.0108763 -0.715871 -3.49968e-05 0.999977 0.00683687 -0.429012 0.0108768 -0.00683608 0.999917 40.2569
0.999958 -0.000517286 -0.0091608 -0.737269 0.000589603 0.999969 0.0078932 -0.444156 0.00915643 -0.00789827 0.999927 41.5342
0.999976 -8.22553e-05 -0.00694811 -0.754464 0.000141677 0.999963 0.00855213 -0.457504 0.00694716 -0.00855291 0.999939 42.8051
0.999993 -0.000465572 -0.00358463 -0.76529 0.000493962 0.999968 0.00792321 -0.471043 0.00358083 -0.00792493 0.999962 44.0556
0.999999 -0.00121412 5.79556e-06 -0.768946 0.00121406 0.99998 0.00617814 -0.484468 -1.32964e-05 -0.00617813 0.999981 45.2758
0.999993 -0.00133547 0.00345511 -0.772291 0.00132001 0.999989 0.00447299 -0.499522 -0.00346105 -0.00446839 0.999984 46.5029
0.999971 -0.00106657 0.00759445 -0.771632 0.00102789 0.999986 0.00509475 -0.515553 -0.00759978 -0.0050868 0.999958 47.707
0.999914 -0.000697493 0.0130604 -0.76638 0.000632787 0.999988 0.00495786 -0.529829 -0.0130637 -0.00494917 0.999902 48.8935
0.999809 0.00080917 0.0195111 -0.751643 -0.000889481 0.999991 0.00410779 -0.543956 -0.0195076 -0.00412437 0.999801 50.085
0.999636 0.00220529 0.0268812 -0.729514 -0.00231709 0.999989 0.00412877 -0.557477 -0.0268718 -0.00418956 0.99963 51.2779
0.999372 0.00319165 0.0353036 -0.696485 -0.00337576 0.999981 0.0051567 -0.572255 -0.0352864 -0.00527264 0.999363 52.4395
0.998939 0.00555757 0.0457183 -0.655937 -0.00582872 0.999966 0.00579965 -0.58744 -0.0456846 -0.00605997 0.998938 53.6069
0.998255 0.00791292 0.0585171 -0.602198 -0.0082671 0.999949 0.00581312 -0.601194 -0.0584682 -0.00628674 0.998269 54.753
0.997253 0.00998776 0.0733916 -0.530309 -0.0104804 0.999925 0.00633115 -0.617655 -0.0733228 -0.00708294 0.997283 55.8695
0.995897 0.0124285 0.0896323 -0.442432 -0.0131595 0.999885 0.00757006 -0.628873 -0.0895279 -0.00871853 0.995946 56.9746
0.994139 0.0125591 0.10738 -0.335405 -0.0135482 0.999872 0.00848591 -0.641445 -0.10726 -0.00989097 0.994182 58.0813
0.991892 0.012288 0.126491 -0.207904 -0.0133564 0.999882 0.00760172 -0.655304 -0.126383 -0.00922955 0.991939 59.1884
0.98912 0.011313 0.146673 -0.0586239 -0.0124437 0.999899 0.00679402 -0.66646 -0.146581 -0.00854525 0.989162 60.2482
0.985853 0.00852992 0.167394 0.120492 -0.00976431 0.999931 0.00655245 -0.675276 -0.167327 -0.00809424 0.985868 61.2916
0.981916 0.00360817 0.189281 0.323351 -0.00533485 0.999949 0.00861364 -0.686348 -0.18924 -0.00946766 0.981885 62.325
0.977203 -0.00180977 0.2123 0.547044 -0.000340964 0.999949 0.0100936 -0.695401 -0.212307 -0.00993586 0.977152 63.375
0.971743 -0.00710646 0.235933 0.794857 0.00497059 0.999941 0.00964643 -0.704235 -0.235988 -0.00820113 0.971721 64.4118
0.965268 -0.012955 0.26094 1.06898 0.0113059 0.999906 0.00781995 -0.712665 -0.261017 -0.00459817 0.965323 65.3889
0.957852 -0.0165713 0.286784 1.36777 0.0147553 0.999855 0.00849263 -0.718402 -0.286884 -0.00390309 0.957957 66.3724
0.949297 -0.0193367 0.313784 1.6852 0.0167539 0.9998 0.010926 -0.725193 -0.313933 -0.00511491 0.949432 67.3592
0.939658 -0.0237157 0.341293 2.03116 0.0201986 0.9997 0.0138557 -0.729707 -0.341519 -0.00612596 0.939855 68.2837
0.92882 -0.0267716 0.369564 2.40387 0.0234558 0.999634 0.0134632 -0.734648 -0.369789 -0.00383648 0.929108 69.2057
0.916648 -0.0259474 0.398851 2.7894 0.0241382 0.999663 0.0095584 -0.741221 -0.398965 0.000865873 0.916966 70.0827
0.903591 -0.0271168 0.427537 3.20468 0.0280243 0.999599 0.00417138 -0.745493 -0.427478 0.00821222 0.903988 70.9497
0.889383 -0.0290307 0.456241 3.64707 0.031687 0.999496 0.00182844 -0.753164 -0.456064 0.0128307 0.889855 71.7972
0.873681 -0.0296102 0.485598 4.11505 0.0310507 0.999505 0.00508062 -0.761461 -0.485508 0.0106393 0.874168 72.6365
0.856027 -0.0285883 0.516141 4.60455 0.0268338 0.999581 0.0108611 -0.77068 -0.516235 0.00455267 0.856435 73.4554
0.836403 -0.028868 0.547354 5.1213 0.0249676 0.999582 0.0145664 -0.779317 -0.547546 0.00148273 0.836774 74.2511
0.815299 -0.0227016 0.578595 5.65265 0.0209894 0.999733 0.00964898 -0.782802 -0.57866 0.00427757 0.815558 75.0033
0.793269 -0.0159239 0.608662 6.21354 0.018074 0.999833 0.00260197 -0.786985 -0.608602 0.00893688 0.793425 75.7486
0.770858 -0.0136825 0.63686 6.80811 0.017222 0.999851 0.000635634 -0.793396 -0.636774 0.010478 0.77098 76.4688
0.747542 -0.0161679 0.664018 7.42383 0.0182485 0.999826 0.00380041 -0.804083 -0.663964 0.00927636 0.747707 77.1498
0.723019 -0.0165549 0.69063 8.05485 0.0185327 0.999818 0.00456452 -0.818921 -0.69058 0.00949903 0.723194 77.7973
0.697455 -0.0144894 0.716482 8.69724 0.0190087 0.999818 0.00171537 -0.829422 -0.716377 0.012423 0.697603 78.4111
0.671039 -0.0121058 0.741323 9.36786 0.0188834 0.999821 -0.000765977 -0.837802 -0.741181 0.0145127 0.671148 79.0226
0.643944 -0.00977724 0.76501 10.0677 0.0171822 0.999851 -0.00168439 -0.849544 -0.76488 0.0142292 0.644016 79.6157
0.615797 -0.00838072 0.78786 10.7839 0.0172378 0.999847 -0.0028375 -0.861784 -0.787716 0.0153283 0.615847 80.1706
0.587023 -0.00193324 0.809568 11.5196 0.0158335 0.999833 -0.00909341 -0.877289 -0.809415 0.0181564 0.586956 80.7043
0.556898 0.00732932 0.830548 12.2631 0.0146554 0.999719 -0.0186489 -0.897275 -0.830451 0.0225576 0.556634 81.2058
0.525717 0.0158062 0.850513 13.0356 0.0134973 0.999546 -0.0269188 -0.921058 -0.850553 0.0256313 0.525265 81.69
0.493823 0.0207496 0.869315 13.8414 0.0109759 0.999487 -0.0300917 -0.948803 -0.869493 0.0244015 0.493342 82.1559
0.46166 0.0202329 0.886826 14.6753 0.00896505 0.999582 -0.0274724 -0.98337 -0.887012 0.0206334 0.461286 82.5854
0.428335 0.0189697 0.903421 15.5263 0.00416735 0.999728 -0.0229678 -1.01713 -0.90361 0.0136028 0.42814 82.9898
0.394085 0.02001 0.918856 16.379 4.99176e-05 0.999762 -0.0217933 -1.05022 -0.919074 0.00863427 0.39399 83.3484
0.359021 0.023052 0.933045 17.2425 -0.00725202 0.999734 -0.0219091 -1.08032 -0.933301 0.00109938 0.359093 83.6823
0.323568 0.0249286 0.945877 18.1477 -0.0122975 0.999679 -0.0221398 -1.10873 -0.946125 -0.00446821 0.32377 84.0134
0.287463 0.0243601 0.957482 19.0668 -0.0150158 0.999668 -0.0209252 -1.13785 -0.957674 -0.00836215 0.287734 84.3038
0.251227 0.0238951 0.967633 20.0037 -0.0156867 0.999664 -0.0206133 -1.16679 -0.967801 -0.0100004 0.251518 84.5583
0.215371 0.0233077 0.976254 20.9473 -0.0151226 0.999675 -0.0205307 -1.19691 -0.976415 -0.0103418 0.215653 84.7695
0.179989 0.0220958 0.98342 21.9106 -0.0130282 0.999714 -0.0200774 -1.22284 -0.983582 -0.00919846 0.180225 84.9516
0.145391 0.0211291 0.989149 22.8705 -0.00496191 0.999775 -0.0206267 -1.25388 -0.989362 -0.00190913 0.145463 85.0868
0.111556 0.0245208 0.993456 23.8445 -0.00272964 0.999699 -0.0243684 -1.28744 -0.993754 6.66039e-06 0.111589 85.1982
0.0788184 0.0295229 0.996452 24.8281 -0.00197618 0.999564 -0.0294588 -1.32118 -0.996887 0.000352733 0.0788424 85.2858
0.0497494 0.0333693 0.998204 25.7948 0.00499929 0.999421 -0.0336591 -1.35724 -0.998749 0.00666483 0.0495537 85.3254
0.0242355 0.0316126 0.999206 26.766 0.00685008 0.999471 -0.0317871 -1.39484 -0.999683 0.00761502 0.0240061 85.3348
0.00194533 0.0285649 0.99959 27.7648 0.00859651 0.999555 -0.0285806 -1.43348 -0.999961 0.00864859 0.00169891 85.3354
-0.0170515 0.0259447 0.999518 28.7518 0.00904997 0.999626 -0.0257931 -1.47207 -0.999814 0.00860579 -0.0172799 85.3142
-0.0336372 0.0291457 0.999009 29.7366 0.0107215 0.999528 -0.0287999 -1.50877 -0.999377 0.00974215 -0.0339338 85.2719
-0.0483344 0.0335391 0.998268 30.7212 0.0135033 0.999367 -0.0329222 -1.54499 -0.99874 0.0118886 -0.0487567 85.2133
-0.0601259 0.0388094 0.997436 31.6996 0.0179721 0.999124 -0.0377917 -1.58505 -0.998029 0.0156538 -0.0607707 85.1393
-0.0690526 0.0423816 0.996712 32.7026 0.0234842 0.998889 -0.0408471 -1.63099 -0.997337 0.0205864 -0.0699712 85.0613
-0.0749291 0.0477627 0.996044 33.7324 0.0273457 0.998575 -0.0458269 -1.68293 -0.996814 0.0238038 -0.0761284 84.9908
-0.0785886 0.0525353 0.995522 34.723 0.0290838 0.998306 -0.0503863 -1.73716 -0.996483 0.0249938 -0.0799834 84.9117
-0.0813477 0.0565481 0.99508 35.7357 0.0311164 0.998047 -0.0541729 -1.7981 -0.9962 0.0265565 -0.0829484 84.8268
-0.0842055 0.0594397 0.994674 36.7681 0.0314213 0.997881 -0.0569714 -1.86279 -0.995953 0.0264566 -0.0858947 84.7481
-0.0868081 0.0630596 0.994227 37.7751 0.0323025 0.997648 -0.0604562 -1.92747 -0.995701 0.0268679 -0.0886409 84.6583
-0.088744 0.066873 0.993807 38.7706 0.033589 0.997377 -0.0641138 -1.99515 -0.995488 0.0276913 -0.0907575 84.5612
-0.0924571 0.0670229 0.993458 40.8065 0.0365458 0.997288 -0.0638801 -2.13696 -0.995046 0.0304006 -0.0946558 84.3585
-0.0948566 0.066608 0.99326 41.8287 0.0362652 0.997328 -0.0634175 -2.2101 -0.99483 0.0300052 -0.0970187 84.2568
-0.0970747 0.0680266 0.99295 42.8514 0.0361909 0.997243 -0.0647826 -2.28202 -0.994619 0.0296469 -0.099269 84.1605
-0.0993038 0.0701785 0.992579 43.8547 0.0349504 0.99714 -0.0670044 -2.35474 -0.994443 0.0280373 -0.101473 84.0557
-0.101798 0.0722601 0.992177 44.8778 0.0332251 0.997049 -0.0692059 -2.43238 -0.99425 0.0259202 -0.103898 83.9627
-0.104209 0.0758196 0.991661 45.9148 0.03094 0.996854 -0.0729653 -2.51283 -0.994074 0.0230784 -0.106227 83.8571
-0.106712 0.0799213 0.991073 46.9817 0.027503 0.99662 -0.0774073 -2.59826 -0.993909 0.0189971 -0.10855 83.7545
-0.109316 0.082233 0.9906 48.0326 0.0252338 0.996481 -0.0799365 -2.68533 -0.993687 0.0162582 -0.111007 83.6499
-0.112111 0.0807974 0.990405 49.0921 0.0232117 0.99663 -0.0786777 -2.77383 -0.993425 0.0141684 -0.113608 83.5366
-0.115061 0.0765494 0.990405 50.1502 0.0201397 0.997001 -0.0747195 -2.86044 -0.993154 0.0113492 -0.116257 83.4217
-0.117379 0.0748943 0.990259 51.2127 0.0204372 0.997123 -0.0729909 -2.94744 -0.992877 0.0116706 -0.118572 83.3
-0.119302 0.0753512 0.989995 52.2673 0.0196039 0.9971 -0.0735296 -3.03333 -0.992664 0.0106355 -0.120433 83.1796
-0.120397 0.0782075 0.98964 53.2952 0.0208834 0.996871 -0.0762383 -3.11568 -0.992506 0.0114882 -0.121653 83.0498
-0.120905 0.0810733 0.989348 54.3567 0.0211682 0.996643 -0.0790842 -3.20027 -0.992438 0.0113811 -0.122215 82.9158
-0.121333 0.0818692 0.98923 55.4119 0.0198958 0.996593 -0.0800383 -3.2881 -0.992412 0.00997031 -0.122548 82.789
-0.121307 0.0806362 0.989334 56.462 0.0169437 0.996718 -0.0791604 -3.3762 -0.99247 0.00716025 -0.122275 82.6656
-0.121356 0.0800329 0.989377 57.5398 0.0131902 0.996786 -0.0790144 -3.46673 -0.992521 0.00346122 -0.122022 82.5406
-0.121258 0.0811059 0.989302 58.6162 0.00932449 0.996705 -0.08057 -3.55906 -0.992577 -0.000545 -0.121615 82.415
-0.121584 0.0812475 0.98925 59.6845 0.00516277 0.996683 -0.0812234 -3.65176 -0.992568 -0.00476823 -0.121601 82.2922
-0.121922 0.0805841 0.989263 60.7359 0.00184964 0.996715 -0.0809632 -3.74464 -0.992538 -0.00804144 -0.121671 82.1679
-0.122224 0.0754264 0.989632 61.8291 0.00215231 0.997126 -0.0757317 -3.83612 -0.9925 -0.00712624 -0.122035 82.0362
-0.122637 0.066766 0.990203 62.9313 0.00535776 0.997765 -0.0666122 -3.92338 -0.992437 -0.00286388 -0.122721 81.9036
-0.122562 0.0614988 0.990554 64.0467 0.0108796 0.998102 -0.0606212 -4.00481 -0.992401 0.00334704 -0.122998 81.7685
-0.121659 0.0639859 0.990507 65.1432 0.0191995 0.997885 -0.0621044 -4.07813 -0.992386 0.0114616 -0.12263 81.6277
-0.120463 0.0697091 0.990267 66.2375 0.0246116 0.997435 -0.0672197 -4.15296 -0.992413 0.0162746 -0.12187 81.4873
-0.119588 0.0754338 0.989954 67.3422 0.0281266 0.996967 -0.0725705 -4.23582 -0.992425 0.0191655 -0.121347 81.351
-0.118999 0.0797985 0.989682 68.4619 0.028934 0.996621 -0.0768789 -4.32534 -0.992473 0.019487 -0.120906 81.2169
-0.118929 0.0768718 0.989923 69.5815 0.0259443 0.996899 -0.0742966 -4.41336 -0.992564 0.0168469 -0.120555 81.0891
-0.118694 0.0722993 0.990295 70.717 0.0251428 0.997245 -0.0697931 -4.50416 -0.992612 0.0166147 -0.120185 80.9568
-0.118592 0.0702652 0.990454 71.8473 0.022755 0.997423 -0.0680351 -4.58853 -0.992682 0.0144693 -0.119886 80.827
-0.118324 0.0709798 0.990435 72.9589 0.0209551 0.997398 -0.0689754 -4.67045 -0.992754 0.0125933 -0.119503 80.6982
-0.117919 0.0762169 0.990094 74.1062 0.021922 0.997007 -0.0741382 -4.7583 -0.992781 0.0129625 -0.119237 80.5601
-0.117243 0.0788323 0.989969 75.2642 0.0215098 0.996812 -0.0768297 -4.84839 -0.99287 0.0122863 -0.118565 80.4231
-0.116745 0.077757 0.990113 76.4232 0.0218117 0.996891 -0.0757174 -4.94125 -0.992922 0.0127564 -0.118078 80.2864
-0.116059 0.070913 0.990708 77.5414 0.0233491 0.997367 -0.0686544 -5.03186 -0.992968 0.0151642 -0.117409 80.1522
-0.116484 0.0692757 0.990774 78.6802 0.0226738 0.99749 -0.0670796 -5.11909 -0.992934 0.0146509 -0.117762 80.0224
-0.1161 0.0724052 0.990595 79.8118 0.0202939 0.997304 -0.0705171 -5.20224 -0.99303 0.011916 -0.117256 79.8981
-0.115819 0.0755506 0.990393 80.9745 0.0197253 0.997081 -0.0737541 -5.28899 -0.993074 0.0109936 -0.116971 79.7682
-0.115817 0.0750658 0.99043 82.1435 0.0187857 0.997127 -0.0733766 -5.37983 -0.993093 0.0101077 -0.116894 79.6378
-0.115737 0.0715169 0.990702 83.3264 0.0184176 0.997388 -0.0698479 -5.47304 -0.993109 0.0101624 -0.116752 79.5044
-0.114853 0.0705008 0.990878 84.4911 0.0192575 0.997449 -0.0687362 -5.56303 -0.993196 0.0111872 -0.115918 79.3733
-0.113455 0.0710242 0.991001 85.6871 0.0207211 0.997394 -0.0691101 -5.65249 -0.993327 0.0126938 -0.114631 79.2353
-0.112133 0.0712938 0.991132 86.8652 0.02325 0.997338 -0.0691098 -5.74089 -0.993421 0.0152944 -0.113492 79.0997
-0.111059 0.0706344 0.9913 88.0325 0.0230193 0.997386 -0.0684891 -5.83035 -0.993547 0.0152127 -0.112395 78.9723
-0.109841 0.0713524 0.991385 89.2208 0.0242718 0.997315 -0.0690901 -5.91889 -0.993653 0.0164738 -0.111278 78.8466
-0.108949 0.0695757 0.991609 90.4198 0.0244003 0.997434 -0.0673035 -6.00772 -0.993748 0.016863 -0.110367 78.721
-0.10786 0.0687381 0.991787 91.6065 0.0229812 0.997513 -0.0666357 -6.09536 -0.9939 0.0156051 -0.109171 78.5975
-0.106525 0.0680391 0.991979 92.7906 0.0242672 0.997537 -0.0658143 -6.1813 -0.994014 0.0170617 -0.107914 78.4731
-0.104885 0.0688162 0.992101 94.0114 0.0222564 0.997516 -0.0668388 -6.2719 -0.994235 0.0150701 -0.106156 78.3484
-0.103424 0.0714437 0.992068 95.2505 0.02275 0.997326 -0.0694507 -6.36445 -0.994377 0.0153867 -0.104773 78.2242
-0.102538 0.0703611 0.992238 96.4548 0.0204349 0.997434 -0.0686179 -6.45348 -0.994519 0.0132403 -0.103713 78.1111
-0.101813 0.0689263 0.992413 97.7025 0.0169037 0.997573 -0.0675504 -6.55002 -0.99466 0.00989786 -0.102731 77.9923
-0.101961 0.0700421 0.99232 98.9166 0.0142994 0.997518 -0.0689398 -6.63836 -0.994686 0.0071604 -0.10271 77.877
-0.102358 0.0693532 0.992327 100.121 0.0115511 0.997582 -0.068529 -6.72726 -0.994681 0.00444797 -0.102912 77.7644
-0.103373 0.0667949 0.992397 101.362 0.00889686 0.997765 -0.0662294 -6.81851 -0.994603 0.00198287 -0.103737 77.6424
-0.104907 0.0653203 0.992335 102.616 0.00673744 0.997864 -0.0649721 -6.91054 -0.994459 -0.00013022 -0.105123 77.5179
-0.106297 0.064591 0.992234 103.855 0.00485693 0.99791 -0.0644401 -7.0004 -0.994323 -0.00203059 -0.106389 77.3948
-0.108096 0.0647844 0.992027 105.084 0.00493168 0.997897 -0.0646303 -7.09015 -0.994128 -0.00209392 -0.108188 77.2708
-0.110509 0.0634848 0.991846 106.339 0.00455131 0.99798 -0.0633704 -7.17994 -0.993865 -0.00248878 -0.110574 77.1379
-0.113735 0.0587156 0.991775 107.62 0.00179406 0.998263 -0.058894 -7.27011 -0.99351 -0.004919 -0.113643 77.0011
-0.117835 0.0587952 0.991291 108.89 0.00116475 0.998253 -0.0590696 -7.35824 -0.993033 -0.00580585 -0.117697 76.8594
-0.123419 0.0646583 0.990246 110.102 -0.00400547 0.997834 -0.065653 -7.44256 -0.992347 -0.0120692 -0.122892 76.7275
-0.130286 0.0677132 0.989162 111.292 -0.00320078 0.997631 -0.0687145 -7.52939 -0.991471 -0.0121186 -0.12976 76.5781
-0.139414 0.0636678 0.988185 112.532 -0.0013384 0.997918 -0.0644837 -7.62394 -0.990233 -0.0103125 -0.139039 76.4075
-0.150389 0.0614717 0.986714 113.799 0.000636144 0.998071 -0.0620823 -7.72152 -0.988627 -0.00870882 -0.150138 76.2225
-0.163561 0.0624594 0.984554 115.065 0.000968235 0.998003 -0.0631518 -7.81365 -0.986533 -0.00937589 -0.163295 76.0224
-0.177855 0.0627235 0.982056 116.277 0.00278275 0.997995 -0.0632375 -7.90134 -0.984053 -0.0085143 -0.177673 75.8143
-0.192236 0.0604134 0.979487 117.446 0.00314916 0.998136 -0.0609456 -7.99028 -0.981344 -0.00863138 -0.192068 75.5929
-0.207531 0.063025 0.976196 118.635 0.00729053 0.997994 -0.0628824 -8.08035 -0.978201 -0.00593308 -0.207574 75.3434
-0.222673 0.0661031 0.97265 119.781 0.00787433 0.997788 -0.0660089 -8.16948 -0.974861 -0.00703942 -0.222701 75.0856
-0.237627 0.0699231 0.968836 120.905 0.00787837 0.997512 -0.0700603 -8.25811 -0.971324 -0.00901537 -0.237587 74.8123
-0.253588 0.0678065 0.964933 122.081 0.00430082 0.997609 -0.0689725 -8.35103 -0.967303 -0.0133406 -0.253273 74.5198
-0.269564 0.0621159 0.960977 123.246 -0.00127814 0.997894 -0.0648607 -8.4431 -0.962982 -0.0187124 -0.268917 74.2171
-0.285334 0.0581173 0.956664 124.424 -0.00538837 0.998047 -0.0622384 -8.53218 -0.958413 -0.0229136 -0.284464 73.8882
-0.300362 0.059548 0.951965 125.583 -0.00708928 0.997882 -0.0646571 -8.61973 -0.953799 -0.0261693 -0.299304 73.5403
-0.314772 0.0614998 0.947173 126.72 -0.00714124 0.997717 -0.0671549 -8.70622 -0.94914 -0.0279025 -0.313614 73.1751
-0.328645 0.0636578 0.942306 127.875 -0.00552563 0.997579 -0.069319 -8.80016 -0.944437 -0.0279882 -0.327497 72.7836
-0.342776 0.0635097 0.937268 129.028 -0.00346951 0.99762 -0.068868 -8.89611 -0.939411 -0.0268582 -0.34174 72.3737
-0.356743 0.06146 0.932179 130.154 -0.00397953 0.997725 -0.0673045 -8.99084 -0.934194 -0.02772 -0.355687 71.9551
-0.371303 0.0600823 0.926566 131.284 -0.0042987 0.997782 -0.0664229 -9.08584 -0.928502 -0.028646 -0.370221 71.5186
-0.385975 0.0613525 0.920467 132.383 -0.00568223 0.997609 -0.068877 -9.17874 -0.922492 -0.0318151 -0.384703 71.0716
-0.400882 0.0635389 0.913924 133.445 -0.00481862 0.997432 -0.0714583 -9.26844 -0.916117 -0.0330502 -0.399547 70.6143
-0.415637 0.0652318 0.907189 134.537 -0.00370203 0.997295 -0.0734071 -9.36407 -0.909523 -0.0338691 -0.414271 70.1252
-0.430121 0.0678689 0.900216 135.614 -0.00084448 0.997139 -0.0755796 -9.46288 -0.902771 -0.0332686 -0.428833 69.6158
-0.445034 0.0712688 0.892673 136.686 -0.000916149 0.996791 -0.0800381 -9.56406 -0.895513 -0.0364375 -0.443541 69.0965
-0.460034 0.0734169 0.884861 137.744 -4.01194e-05 0.996574 -0.0827065 -9.66574 -0.887901 -0.0380833 -0.458455 68.5567
-0.475314 0.0707422 0.876968 138.779 -0.00138097 0.996701 -0.0811492 -9.76711 -0.879815 -0.0397824 -0.473648 68.0024
-0.491633 0.0662278 0.868281 139.851 -0.00430598 0.996907 -0.0784768 -9.87294 -0.870792 -0.0423206 -0.489827 67.4198
-0.507591 0.0663962 0.859036 140.934 -0.00471394 0.996797 -0.0798293 -9.97817 -0.861586 -0.0445701 -0.505652 66.8063
-0.523547 0.065401 0.849483 141.977 -0.00612151 0.996735 -0.0805105 -10.0801 -0.851975 -0.0473511 -0.521437 66.1848
-0.539245 0.0642674 0.839693 143.014 -0.00668225 0.996726 -0.0805775 -10.1856 -0.842122 -0.049062 -0.53705 65.5374
-0.554814 0.0635864 0.829541 144.05 -0.00824609 0.996606 -0.0819075 -10.2946 -0.831934 -0.0522839 -0.552406 64.8662
-0.57023 0.0627814 0.819082 145.078 -0.00872176 0.996557 -0.0824565 -10.4036 -0.821439 -0.054163 -0.567719 64.1703
-0.585469 0.0600291 0.808469 146.105 -0.00936315 0.996688 -0.0807849 -10.5128 -0.810641 -0.0548669 -0.582967 63.4502
-0.600366 0.0564197 0.797733 147.112 -0.00942237 0.99694 -0.0775998 -10.62 -0.79967 -0.0541048 -0.597997 62.7105
-0.615097 0.0547561 0.786548 148.09 -0.00850051 0.997067 -0.0760592 -10.7246 -0.788406 -0.0534698 -0.612827 61.9574
-0.630019 0.0529225 0.774774 149.065 -0.00943903 0.99708 -0.075783 -10.829 -0.776522 -0.0550579 -0.62768 61.1811
-0.64484 0.0539138 0.762413 150.047 -0.0108041 0.996766 -0.079624 -10.9373 -0.764241 -0.059582 -0.642173 60.3727
-0.660094 0.0531848 0.749298 151.004 -0.0131641 0.996518 -0.0823294 -11.0439 -0.751068 -0.064209 -0.657096 59.5562
-0.675874 0.04993 0.735324 151.95 -0.0149666 0.996567 -0.0814255 -11.1541 -0.736865 -0.0660387 -0.672807 58.7136
-0.692122 0.0422662 0.720542 152.88 -0.0186104 0.996907 -0.0763539 -11.2632 -0.72154 -0.0662558 -0.689195 57.8488
-0.708992 0.0398558 0.70409 153.802 -0.0194896 0.996913 -0.0760567 -11.3706 -0.704947 -0.067646 -0.706026 56.9581
-0.72629 0.0371491 0.686384 154.699 -0.0212196 0.996851 -0.0764057 -11.4743 -0.687061 -0.0700575 -0.723214 56.0424
-0.74363 0.0332775 0.667763 155.576 -0.0243524 0.99675 -0.0767915 -11.5833 -0.668148 -0.0733661 -0.740403 55.1013
-0.76045 0.0311503 0.648649 156.429 -0.024196 0.996796 -0.0762359 -11.6902 -0.648945 -0.0736683 -0.75726 54.1397
-0.776235 0.0331506 0.629572 157.242 -0.0220295 0.99658 -0.0796371 -11.8001 -0.630059 -0.0756863 -0.77285 53.1643
-0.791572 0.0324798 0.610212 158.038 -0.0187562 0.996825 -0.0773887 -11.909 -0.610788 -0.0727039 -0.788449 52.1645
-0.80616 0.0338742 0.590727 158.799 -0.0145249 0.996926 -0.0769889 -12.0219 -0.591519 -0.0706457 -0.80319 51.1407
-0.82068 0.0348807 0.570323 159.55 -0.0129058 0.996749 -0.0795318 -12.1342 -0.571243 -0.0726306 -0.817561 50.0897
-0.834343 0.0366057 0.550028 160.248 -0.0117497 0.996385 -0.0841351 -12.245 -0.55112 -0.0766603 -0.830897 49.0538
-0.847373 0.0371097 0.529701 160.941 -0.0089585 0.996414 -0.0841377 -12.3599 -0.530923 -0.0760413 -0.844001 47.975
-0.859155 0.0351469 0.510508 161.606 -0.00779694 0.996623 -0.0817363 -12.4764 -0.511657 -0.0742045 -0.85598 46.8898
-0.869707 0.0367536 0.492198 162.235 -0.00501623 0.996514 -0.0832756 -12.5928 -0.493543 -0.0748944 -0.866491 45.8
-0.878919 0.0396508 0.475319 162.824 -0.00221042 0.996189 -0.0871888 -12.7031 -0.476965 -0.0776826 -0.875482 44.718
-0.887973 0.0375158 0.458364 163.408 -0.00371667 0.996049 -0.0887241 -12.8199 -0.459882 -0.0804881 -0.884325 43.6102
-0.896346 0.0346461 0.441999 164.023 -0.00496223 0.996096 -0.0881422 -12.9435 -0.443327 -0.0811992 -0.892675 42.4473
-0.903631 0.032412 0.427083 164.602 -0.00599059 0.996079 -0.088269 -13.0691 -0.428269 -0.0823211 -0.899894 41.3058
-0.910398 0.0302678 0.412625 165.154 -0.00662504 0.996126 -0.0876874 -13.1948 -0.41368 -0.0825641 -0.906671 40.1555
-0.916709 0.0275824 0.398602 165.68 -0.00778611 0.996192 -0.0868409 -13.3192 -0.399479 -0.0827114 -0.913003 39.003
-0.922412 0.0226139 0.385546 166.176 -0.0102633 0.996496 -0.0830034 -13.4399 -0.386072 -0.0805203 -0.918948 37.85
-0.927545 0.019258 0.373214 166.671 -0.0114251 0.996743 -0.0798271 -13.5562 -0.373536 -0.0783072 -0.924304 36.6801
-0.93191 0.019438 0.362167 167.147 -0.00892182 0.997032 -0.0764693 -13.6679 -0.362579 -0.0744937 -0.928971 35.4962
-0.934951 0.023557 0.353994 167.601 -0.00442244 0.996942 -0.0780231 -13.7795 -0.354749 -0.0745133 -0.931987 34.3092
-0.937147 0.0287611 0.347746 168.036 0.00119903 0.996857 -0.0792158 -13.8918 -0.348932 -0.0738199 -0.934236 33.1212
-0.93889 0.0322472 0.342702 168.46 0.00431989 0.996628 -0.0819445 -13.9995 -0.344189 -0.0754565 -0.935863 31.939
-0.940697 0.0294311 0.337968 168.89 0.00209962 0.996716 -0.0809524 -14.1079 -0.339241 -0.0754421 -0.93767 30.7662
-0.942442 0.0220896 0.33364 169.323 -0.00397919 0.997004 -0.0772495 -14.2193 -0.334347 -0.0741308 -0.93953 29.5742
-0.944154 0.0157253 0.329129 169.765 -0.00968275 0.997105 -0.0754166 -14.3299 -0.329362 -0.0743918 -0.941269 28.3645
-0.945871 0.0094813 0.324404 170.203 -0.0163979 0.9969 -0.0769481 -14.4373 -0.324128 -0.0781025 -0.942784 27.1552
-0.947181 0.00721975 0.320619 170.629 -0.0193311 0.996643 -0.0795509 -14.5471 -0.320117 -0.081547 -0.943862 25.9549
-0.948128 0.00771728 0.317795 171.036 -0.0192408 0.996479 -0.0816024 -14.6595 -0.317305 -0.0834842 -0.944642 24.7778
-0.948611 0.0079327 0.316344 171.453 -0.0194749 0.996327 -0.0833829 -14.7768 -0.315844 -0.0852587 -0.944973 23.5842
-0.948726 0.0105768 0.315922 171.868 -0.0171925 0.996234 -0.084983 -14.8959 -0.315631 -0.0860571 -0.944971 22.3818
-0.948283 0.0113418 0.317224 172.286 -0.0170383 0.996102 -0.0865469 -15.0162 -0.316969 -0.0874759 -0.944393 21.1723
-0.947712 0.0125303 0.318881 172.698 -0.0164654 0.995978 -0.0880716 -15.1385 -0.318702 -0.088717 -0.943694 19.972
-0.947095 0.0140702 0.320644 173.11 -0.0148806 0.996039 -0.0876607 -15.2597 -0.320607 -0.0877944 -0.943135 18.7787
-0.946186 0.0136801 0.323335 173.533 -0.015584 0.996021 -0.0877453 -15.3824 -0.323248 -0.0880622 -0.942208 17.5829
-0.944992 0.0124582 0.326855 173.944 -0.0171965 0.996 -0.0876808 -15.5018 -0.32664 -0.0884784 -0.940998 16.4198
-0.943626 0.0105896 0.330843 174.365 -0.0187474 0.996174 -0.0853567 -15.6214 -0.330481 -0.0867473 -0.939817 15.2705
-0.941745 0.00809006 0.336231 174.8 -0.020876 0.996377 -0.0824453 -15.7434 -0.33568 -0.0846616 -0.938164 14.0981
-0.939404 0.00572328 0.342763 175.242 -0.0229654 0.996564 -0.0795809 -15.8576 -0.342041 -0.0826304 -0.936045 12.9264
-0.936611 0.00837902 0.350271 175.677 -0.0206855 0.996648 -0.0791536 -15.9698 -0.34976 -0.0813816 -0.933298 11.7653
-0.933351 0.00873346 0.358858 176.128 -0.0210348 0.996655 -0.0789647 -16.0822 -0.358347 -0.0812503 -0.930046 10.5973
-0.929511 0.0121039 0.368596 176.585 -0.019246 0.996507 -0.0812571 -16.1927 -0.368292 -0.0826234 -0.926031 9.44523
-0.925274 0.0137729 0.379049 177.054 -0.0179459 0.996632 -0.0800197 -16.3011 -0.378875 -0.0808425 -0.92191 8.30407
-0.920309 0.0157795 0.390874 177.538 -0.0174388 0.996538 -0.0812894 -16.4114 -0.390804 -0.0816277 -0.916848 7.16707
-0.91462 0.0177114 0.403927 178.051 -0.0169843 0.996475 -0.0821514 -16.5269 -0.403958 -0.0819978 -0.911095 6.00035
-0.908416 0.0203192 0.417574 178.577 -0.0153899 0.996516 -0.0819708 -16.6424 -0.417784 -0.08089 -0.904938 4.84852
-0.902413 0.0198304 0.430416 179.127 -0.0158462 0.996737 -0.0791455 -16.7574 -0.430581 -0.0782423 -0.899154 3.70168
-0.896139 0.0228003 0.443188 179.698 -0.0138612 0.996754 -0.0793068 -16.8737 -0.443557 -0.077213 -0.892914 2.55565
-0.889398 0.0257413 0.456409 180.265 -0.0111319 0.996898 -0.0779172 -16.983 -0.456999 -0.0743801 -0.886352 1.45538
-0.882121 0.0277867 0.470203 180.846 -0.00884672 0.997105 -0.075521 -17.0927 -0.47094 -0.0707784 -0.879321 0.362156
-0.874456 0.0294094 0.484213 181.439 -0.00648418 0.997363 -0.0722863 -17.2005 -0.485062 -0.066351 -0.871959 -0.714728
-0.866422 0.0319537 0.498288 182.056 -0.00381856 0.997497 -0.0706061 -17.3056 -0.499297 -0.0630774 -0.864132 -1.79026
-0.85747 0.0354263 0.513313 182.682 -0.000218399 0.997602 -0.0692142 -17.4064 -0.514534 -0.0594612 -0.855406 -2.84298
-0.847024 0.0383391 0.530171 183.322 0.00273608 0.997697 -0.0677768 -17.5036 -0.531548 -0.055958 -0.845178 -3.87878
-0.836248 0.0409771 0.546819 183.974 0.00543278 0.997774 -0.0664621 -17.5997 -0.548325 -0.052608 -0.834609 -4.87897
-0.82497 0.0430914 0.563532 184.659 0.00717199 0.997807 -0.0657997 -17.6961 -0.565131 -0.0502411 -0.82347 -5.8852
-0.813334 0.0448442 0.580066 185.341 0.00827157 0.997816 -0.0655421 -17.7902 -0.581738 -0.0485095 -0.811928 -6.83686
-0.800731 0.0470809 0.597171 186.049 0.0100956 0.997826 -0.0651315 -17.8891 -0.598939 -0.046124 -0.799465 -7.79339
-0.787218 0.0479545 0.614808 186.803 0.0117672 0.997958 -0.062773 -17.9812 -0.616563 -0.0421814 -0.786175 -8.76033
-0.771958 0.0497421 0.633724 187.571 0.0142136 0.998035 -0.0610236 -18.0697 -0.635514 -0.0381002 -0.771149 -9.70358
-0.755455 0.0521286 0.653123 188.365 0.0155164 0.997974 -0.0617051 -18.1611 -0.655017 -0.0364813 -0.754733 -10.6355
-0.738171 0.0549113 0.672376 189.174 0.0162401 0.997839 -0.0636618 -18.2505 -0.674419 -0.0360738 -0.737467 -11.5375
-0.720562 0.0555693 0.69116 189.984 0.015612 0.997831 -0.0639495 -18.3402 -0.693215 -0.0352892 -0.719867 -12.388
-0.701402 0.0557545 0.710582 190.82 0.0151962 0.997879 -0.0632968 -18.43 -0.712604 -0.0335984 -0.700762 -13.222
-0.681798 0.0550533 0.729466 191.682 0.0136604 0.997948 -0.062548 -18.5202 -0.731413 -0.0326803 -0.681151 -14.0339
-0.66159 0.055168 0.747833 192.545 0.0114718 0.997918 -0.063468 -18.6092 -0.749778 -0.0334108 -0.660846 -14.8019
-0.64126 0.054809 0.765363 193.426 0.00922651 0.997924 -0.0637327 -18.6944 -0.767268 -0.0338076 -0.640435 -15.5284
-0.620028 0.0549541 0.782653 194.342 0.0083198 0.997948 -0.06348 -18.7806 -0.784536 -0.0328479 -0.619213 -16.2561
-0.597615 0.0548588 0.799905 195.272 0.00859412 0.998038 -0.0620263 -18.8651 -0.801738 -0.0301934 -0.596913 -16.9526
-0.573483 0.0555222 0.817334 196.234 0.00859191 0.998053 -0.0617701 -18.9528 -0.819172 -0.0284017 -0.572844 -17.6362
-0.548089 0.0586321 0.834362 197.21 0.0107479 0.997951 -0.0630675 -19.0394 -0.836351 -0.025599 -0.547596 -18.2958
-0.521171 0.0592433 0.851394 198.216 0.0107957 0.997966 -0.062834 -19.1264 -0.853384 -0.0235559 -0.52075 -18.936
-0.493509 0.0580917 0.867798 199.248 0.00951935 0.998068 -0.0613985 -19.2163 -0.869688 -0.0220399 -0.493109 -19.5432
-0.46565 0.0563862 0.883171 200.289 0.00832891 0.998203 -0.059339 -19.3003 -0.88493 -0.0202754 -0.465283 -20.1088
-0.436295 0.0574327 0.897969 201.309 0.00926827 0.998195 -0.0593398 -19.3843 -0.899756 -0.0175671 -0.43604 -20.5961
-0.405408 0.0600716 0.91216 202.361 0.0100096 0.99807 -0.0612806 -19.466 -0.914081 -0.0157133 -0.405227 -21.0604
-0.373869 0.0614962 0.92544 203.445 0.0112471 0.998027 -0.0617759 -19.5486 -0.927413 -0.0126876 -0.373823 -21.5042
-0.341838 0.0619251 0.937717 204.548 0.0131197 0.998044 -0.0611263 -19.631 -0.939667 -0.00859271 -0.341981 -21.9202
-0.309277 0.0618551 0.948958 205.664 0.0129604 0.998064 -0.0608319 -19.7136 -0.950884 -0.00651502 -0.30948 -22.2917
-0.275537 0.0605896 0.959379 206.798 0.0149695 0.998161 -0.0587396 -19.7953 -0.961174 -0.00182346 -0.275937 -22.6299
-0.240722 0.0583333 0.968839 207.91 0.0149011 0.998297 -0.0564045 -19.8752 -0.97048 0.000858915 -0.241182 -22.9101
-0.20531 0.0572286 0.977022 209.061 0.0170865 0.998346 -0.0548871 -19.9557 -0.978548 0.00542498 -0.205949 -23.1654
-0.16991 0.0566647 0.983829 210.212 0.0181005 0.998356 -0.0543754 -20.0321 -0.985293 0.00856882 -0.170656 -23.3793
-0.134287 0.0560116 0.989358 211.358 0.0182238 0.998372 -0.0540484 -20.1098 -0.990775 0.0107718 -0.13509 -23.5467
-0.0987321 0.0560358 0.993535 212.488 0.0185986 0.998343 -0.0544587 -20.184 -0.99494 0.0131015 -0.0996107 -23.6578
-0.0639169 0.056441 0.996358 213.632 0.0176317 0.998307 -0.0554204 -20.2595 -0.997799 0.0140252 -0.0648039 -23.7271
-0.0289862 0.0555695 0.998034 214.808 0.0177331 0.998325 -0.0550706 -20.3376 -0.999423 0.016102 -0.0299231 -23.7684
0.0045704 0.0546707 0.998494 215.957 0.0163034 0.998368 -0.0547384 -20.4138 -0.999857 0.016529 0.00367162 -23.7684
0.0381178 0.0550703 0.997755 217.097 0.0153608 0.99833 -0.0556889 -20.4884 -0.999155 0.0174491 0.0372082 -23.7249
0.0706526 0.055016 0.995983 218.25 0.0161646 0.998284 -0.0562898 -20.5602 -0.99737 0.0200767 0.069642 -23.647
0.102668 0.0527597 0.993315 219.423 0.0171978 0.998349 -0.0548046 -20.6333 -0.994567 0.0227095 0.101592 -23.5366
0.134036 0.051688 0.989628 220.593 0.018268 0.99834 -0.0546173 -20.7099 -0.990808 0.0253992 0.132869 -23.3976
0.164322 0.0515587 0.985058 221.732 0.0193943 0.998271 -0.0554855 -20.7833 -0.986216 0.028222 0.163038 -23.2116
0.194225 0.051226 0.979618 222.848 0.0211769 0.998184 -0.0563955 -20.856 -0.980728 0.0316988 0.192788 -22.984
0.225016 0.0503975 0.973051 223.987 0.0234623 0.998092 -0.0571201 -20.9301 -0.974073 0.0356829 0.223404 -22.7221
0.254992 0.0485213 0.965725 225.151 0.0258489 0.998041 -0.0569702 -21.0079 -0.966598 0.0394899 0.253239 -22.4258
0.285026 0.0468961 0.957372 226.294 0.0281815 0.997961 -0.0572744 -21.0863 -0.958105 0.0433049 0.283123 -22.0995
0.315183 0.0461969 0.947906 227.414 0.0309911 0.997781 -0.0589322 -21.1641 -0.948525 0.0479511 0.313051 -21.7397
0.344204 0.0453477 0.937799 228.531 0.0316205 0.997706 -0.0598503 -21.2443 -0.938362 0.0502544 0.34198 -21.3403
0.37254 0.0432373 0.927008 229.637 0.0325239 0.997692 -0.0596046 -21.3255 -0.927446 0.052355 0.370274 -20.9109
0.400232 0.0419061 0.915455 230.713 0.0327353 0.997663 -0.059981 -21.4077 -0.915829 0.053974 0.397925 -20.4535
0.429052 0.0427897 0.902266 231.775 0.0339607 0.997407 -0.063451 -21.4916 -0.902641 0.0578653 0.426486 -19.958
0.45717 0.0436499 0.888308 232.826 0.0354491 0.997107 -0.0672401 -21.5764 -0.888673 0.0622299 0.4543 -19.4245
0.484504 0.041873 0.873786 233.862 0.0365519 0.997012 -0.0680457 -21.6663 -0.874025 0.0649069 0.481526 -18.8579
0.510753 0.0390007 0.858843 234.886 0.037439 0.997014 -0.0675402 -21.7599 -0.858912 0.0666506 0.507767 -18.2502
0.535712 0.0364892 0.843612 235.898 0.0371847 0.997077 -0.0667402 -21.8538 -0.843582 0.067123 0.532789 -17.612
0.559038 0.0364488 0.828341 236.907 0.0356252 0.997055 -0.0679157 -21.9478 -0.828377 0.0674773 0.556093 -16.9415
0.579722 0.0361767 0.814011 237.9 0.0343251 0.997043 -0.0687567 -22.0394 -0.814091 0.0678007 0.576766 -16.2502
0.599318 0.0348018 0.799754 238.882 0.0333478 0.997102 -0.0683796 -22.1324 -0.799816 0.0676512 0.596421 -15.5322
0.617802 0.0321152 0.785678 239.864 0.0333025 0.997201 -0.0669481 -22.2261 -0.785628 0.0675257 0.615003 -14.7871
0.635162 0.0286977 0.771846 240.79 0.0344323 0.997264 -0.0654136 -22.3165 -0.771611 0.0681246 0.632436 -14.0192
0.651675 0.0257622 0.75806 241.719 0.0356668 0.997277 -0.0645531 -22.4058 -0.757659 0.0691053 0.648982 -13.2241
0.666691 0.0235555 0.744962 242.632 0.0370315 0.997219 -0.0646725 -22.4957 -0.744413 0.0707037 0.663965 -12.4021
0.681884 0.0231629 0.731094 243.538 0.0363344 0.997192 -0.0654823 -22.5853 -0.730557 0.0712152 0.679128 -11.5611
0.696656 0.0215913 0.717081 244.402 0.0369684 0.997139 -0.0659393 -22.6734 -0.716452 0.0724463 0.693864 -10.7217
0.7115 0.0191069 0.702427 245.271 0.0365733 0.997268 -0.0641727 -22.7629 -0.701734 0.0713489 0.708857 -9.84991
0.726112 0.0161569 0.687386 246.133 0.0371024 0.997347 -0.0626352 -22.853 -0.686574 0.0709839 0.723586 -8.95991
0.740335 0.0142625 0.672087 246.96 0.0373367 0.997359 -0.0622932 -22.94 -0.6712 0.0712114 0.737847 -8.0591
0.753965 0.0134945 0.656776 247.75 0.0382312 0.997193 -0.0643775 -23.0253 -0.655801 0.0736477 0.751332 -7.14469
0.766467 0.0123482 0.642165 248.538 0.0387083 0.99711 -0.0653745 -23.112 -0.641116 0.0749646 0.763774 -6.19613
0.777998 0.0115546 0.62816 249.326 0.0379998 0.997135 -0.0654058 -23.2031 -0.627116 0.0747555 0.77533 -5.21788
0.789238 0.00869674 0.614026 250.111 0.0385321 0.997228 -0.0636514 -23.294 -0.612878 0.0738958 0.786715 -4.2256
0.800026 0.00574893 0.599938 250.859 0.0401505 0.997199 -0.0630969 -23.3842 -0.598621 0.074567 0.797554 -3.2335
0.810154 0.00507456 0.586195 251.611 0.0400636 0.997145 -0.0640023 -23.475 -0.584846 0.0753368 0.807638 -2.20104
0.819462 0.00227103 0.573128 252.353 0.0437998 0.99682 -0.0665751 -23.5652 -0.571457 0.0796587 0.816757 -1.15449
0.827919 0.00012402 0.560848 253.071 0.0446266 0.996815 -0.0660978 -23.654 -0.559069 0.0797524 0.825276 -0.0960248
0.835705 -0.00336371 0.549169 253.774 0.0473423 0.9967 -0.0659389 -23.7477 -0.547134 0.0811044 0.833106 0.974776
0.842751 -0.0051532 0.538279 254.448 0.0485084 0.996613 -0.0664057 -23.8374 -0.536113 0.0820745 0.840146 2.04737
0.848193 -0.00637765 0.529649 255.141 0.048702 0.996631 -0.065992 -23.9303 -0.527443 0.0817689 0.845646 3.14996
0.852189 -0.0074128 0.523181 255.826 0.0481736 0.996764 -0.0643453 -24.0237 -0.521011 0.080038 0.849789 4.25475
0.855149 -0.00862781 0.51831 256.501 0.0483592 0.996829 -0.0631936 -24.116 -0.516121 0.0791051 0.852855 5.37684
0.857725 -0.00976837 0.514017 257.183 0.0490455 0.996814 -0.0628974 -24.2096 -0.511765 0.0791589 0.855471 6.4995
0.860232 -0.0109747 0.509785 257.863 0.0497682 0.996802 -0.0625215 -24.3007 -0.507469 0.0791541 0.858027 7.63247
0.862425 -0.0132745 0.506011 258.542 0.0508589 0.99687 -0.0605302 -24.3908 -0.503624 0.0779379 0.8604 8.774
0.864672 -0.0152488 0.502105 259.214 0.0523173 0.996837 -0.0598215 -24.4809 -0.499605 0.0779947 0.862735 9.91504
0.866928 -0.0166356 0.498156 259.875 0.0536919 0.996744 -0.0601531 -24.5705 -0.495533 0.0788953 0.864998 11.0522
0.869056 -0.0179123 0.49439 260.526 0.0545134 0.996726 -0.0597131 -24.6603 -0.491702 0.0788449 0.867187 12.1908
0.871272 -0.0175106 0.490489 261.175 0.0535693 0.996786 -0.0595715 -24.751 -0.487869 0.0781781 0.869409 13.3486
0.873294 -0.0179477 0.486864 261.824 0.0535522 0.996802 -0.0593111 -24.8432 -0.484242 0.0778686 0.871462 14.5148
0.875309 -0.0176692 0.483242 262.455 0.0528213 0.996846 -0.0592281 -24.9344 -0.480671 0.0773683 0.873481 15.6699
0.876611 -0.0167558 0.480908 263.1 0.0515779 0.996908 -0.0592832 -25.0275 -0.478428 0.0767726 0.874764 16.8479
0.877422 -0.0148691 0.479488 263.738 0.0491233 0.99705 -0.0589727 -25.119 -0.477197 0.075298 0.875565 18.0296
0.877977 -0.0146816 0.478477 264.364 0.0488347 0.997062 -0.0590147 -25.2086 -0.476205 0.0751799 0.876115 19.1836
0.878595 -0.0126533 0.4774 264.989 0.0469616 0.997093 -0.0599995 -25.2954 -0.475253 0.0751347 0.876635 20.3504
0.879245 -0.0111369 0.476239 265.616 0.046036 0.997034 -0.0616772 -25.3862 -0.47414 0.0761535 0.87715 21.5092
0.879682 -0.00979397 0.475461 266.232 0.0451414 0.996993 -0.0629821 -25.4772 -0.473415 0.0768672 0.877479 22.6626
