1 0 0 0 0 1 0 0 0 0 1 0
1 -0.000573298 -9.1634e-05 -0.00653146 0.00057345 0.999998 0.00166686 -0.0204202 9.06783e-05 -0.00166691 0.999999 1.31766
0.999999 -0.00169757 -0.000319594 -0.0117003 0.00169812 0.999997 0.00172311 -0.0418626 0.000316668 -0.00172365 0.999998 2.66984
0.999995 -0.00302704 -0.000633241 -0.0160727 0.00302738 0.999995 0.000539369 -0.0622449 0.000631605 -0.000541283 1 4.01187
0.999994 -0.00329947 -0.00075854 -0.0231724 0.00329998 0.999994 0.000676859 -0.0825006 0.000756302 -0.000679358 0.999999 5.32733
0.999993 -0.0037758 -0.000748962 -0.030213 0.00377696 0.999992 0.00154661 -0.103045 0.000743116 -0.00154942 0.999999 6.65531
0.999986 -0.00521929 -0.000764661 -0.0334033 0.00522139 0.999983 0.0027656 -0.123746 0.000750213 -0.00276955 0.999996 7.98928
0.999988 -0.00477699 -0.000955034 -0.0412945 0.00478018 0.999983 0.00336363 -0.14493 0.00093895 -0.00336815 0.999994 9.33198
0.999992 -0.00390506 -0.00131166 -0.0503792 0.00390705 0.999991 0.001521 -0.164517 0.00130571 -0.00152611 0.999998 10.6733
0.999999 -0.00107381 -0.00133312 -0.0624855 0.00107288 0.999999 -0.000700002 -0.185646 0.00133387 0.000698571 0.999999 12.0131
0.999996 0.00242265 -0.00112578 -0.0763543 -0.00242441 0.999996 -0.00155991 -0.209258 0.001122 0.00156263 0.999998 13.3574
0.999988 0.00473405 -0.00107806 -0.0893239 -0.00473583 0.999987 -0.00164953 -0.234945 0.00107024 0.00165462 0.999998 14.7117
0.999983 0.00579728 -0.000848688 -0.102446 -0.0057979 0.999983 -0.000731029 -0.259109 0.000844435 0.000735937 0.999999 16.0699
0.999994 0.00330348 -0.000426164 -0.109076 -0.0033026 0.999992 0.00205127 -0.280903 0.000432937 -0.00204985 0.999998 17.4173
1 -0.000752332 -0.000326029 -0.113601 0.000753556 0.999993 0.00377196 -0.301249 0.000323189 -0.00377221 0.999993 18.7771
0.999995 -0.00305334 -0.000663072 -0.118069 0.00305422 0.999994 0.00133388 -0.320295 0.000658996 -0.0013359 0.999999 20.1457
0.999991 -0.00411866 -0.000606106 -0.127508 0.00411828 0.999991 -0.000624202 -0.340377 0.000608671 0.000621701 1 21.5163
0.999998 -0.00184351 -4.62331e-05 -0.137981 0.00184341 0.999996 -0.00210099 -0.366962 5.01061e-05 0.00210091 0.999998 22.8826
0.999999 0.000931863 0.000785846 -0.151873 -0.000931811 1 -6.60527e-05 -0.389479 -0.000785907 6.53204e-05 1 24.2627
0.999998 0.00134702 0.00119844 -0.158837 -0.00135127 0.999993 0.00355096 -0.410943 -0.00119364 -0.00355257 0.999993 25.6404
0.999998 -0.00100667 0.00166285 -0.161015 0.000997517 0.999984 0.005499 -0.426359 -0.00166836 -0.00549733 0.999983 27.0304
0.999987 -0.00493058 0.00123905 -0.161716 0.00492611 0.999981 0.00358883 -0.443422 -0.00125672 -0.00358268 0.999993 28.3919
0.999985 -0.00543625 0.00114683 -0.161893 0.00543467 0.999984 0.00137002 -0.462866 -0.00115426 -0.00136377 0.999998 29.7699
0.999982 -0.0056562 0.00189216 -0.165871 0.0056584 0.999983 -0.00116117 -0.485244 -0.00188556 0.00117185 0.999998 31.177
0.999995 -0.00220658 0.00244191 -0.176609 0.00221128 0.999996 -0.00192025 -0.511518 -0.00243766 0.00192564 0.999995 32.5666
0.999995 -0.00136509 0.00286275 -0.183331 0.00137692 0.999991 -0.00413554 -0.536807 -0.00285708 0.00413946 0.999987 33.9356
0.999995 -0.000280399 0.00304821 -0.190883 0.000291514 0.999993 -0.0036468 -0.564203 -0.00304717 0.00364767 0.999989 35.3255
0.999996 -0.000279974 0.00298162 -0.198792 0.000286887 0.999997 -0.00231828 -0.592581 -0.00298096 0.00231912 0.999993 36.729
0.999996 0.00091634 0.00262683 -0.208253 -0.000914599 0.999999 -0.000664017 -0.620554 -0.00262744 0.000661612 0.999996 38.1376
0.999989 0.00378424 0.00273549 -0.220608 -0.00378339 0.999993 -0.00031655 -0.645856 -0.00273667 0.000306198 0.999996 39.5475
0.999976 0.00621459 0.0029064 -0.226809 -0.00621246 0.99998 -0.00074019 -0.670162 -0.00291095 0.000722116 0.999996 40.9671
0.999959 0.00859937 0.00281437 -0.235991 -0.00859849 0.999963 -0.000322421 -0.694361 -0.00281704 0.000298209 0.999996 42.3937
0.999955 0.00919714 0.00248962 -0.242196 -0.00919662 0.999958 -0.000218278 -0.719809 -0.00249152 0.000195372 0.999997 43.8192
0.999964 0.00825121 0.00206413 -0.248006 -0.00825047 0.999966 -0.000364107 -0.744271 -0.00206707 0.000347064 0.999998 45.2368
0.999972 0.00734779 0.00142531 -0.255822 -0.00734673 0.999973 -0.000747188 -0.76797 -0.00143076 0.000736696 0.999999 46.6618
0.999977 0.00672173 0.00062459 -0.265185 -0.00672141 0.999977 -0.000508172 -0.793578 -0.000627992 0.000503962 1 48.0867
0.999976 0.00694518 -0.000323215 -0.27467 -0.00694498 0.999976 0.00060615 -0.816404 0.000327417 -0.000603891 1 49.5116
0.999973 0.00728736 -0.00132973 -0.286971 -0.007287 0.999973 0.000276496 -0.840007 0.00133171 -0.000266799 0.999999 50.9369
0.999969 0.00743796 -0.00260544 -0.29542 -0.00743608 0.999972 0.000727655 -0.863189 0.00261078 -0.000708258 0.999996 52.3709
0.999965 0.00753091 -0.00354777 -0.309501 -0.00752514 0.99997 0.00163593 -0.887705 0.00355999 -0.00160917 0.999992 53.8316
0.999975 0.00579519 -0.00415001 -0.323609 -0.0057844 0.99998 0.00260644 -0.909828 0.00416503 -0.00258237 0.999988 55.2684
0.99998 0.00428849 -0.00472805 -0.334911 -0.00427495 0.999987 0.00287059 -0.932374 0.0047403 -0.00285032 0.999985 56.7135
0.999984 0.00178885 -0.00530395 -0.346605 -0.00177641 0.999996 0.00235032 -0.95544 0.00530814 -0.00234086 0.999983 58.1527
0.999986 0.000902587 -0.00528182 -0.364116 -0.000888466 0.999996 0.00267519 -0.977357 0.00528421 -0.00267046 0.999982 59.5718
0.999988 -0.000395468 -0.00481864 -0.374308 0.000411576 0.999994 0.00334229 -0.998428 0.00481729 -0.00334424 0.999983 61.0075
0.999989 -0.00150083 -0.00436188 -0.388885 0.00151806 0.999991 0.00395017 -1.02177 0.00435591 -0.00395675 0.999983 62.4193
0.999988 -0.00301834 -0.0037991 -0.40344 0.00303149 0.999989 0.00346068 -1.04502 0.00378861 -0.00347215 0.999987 63.8417
0.999983 -0.00461739 -0.00348034 -0.414258 0.00462638 0.999986 0.00257899 -1.06929 0.00346838 -0.00259505 0.999991 65.2612
0.999988 -0.00392123 -0.00301231 -0.426296 0.00392777 0.99999 0.00216742 -1.09485 0.00300378 -0.00217923 0.999993 66.6901
0.999994 -0.00257066 -0.00234192 -0.438607 0.00257516 0.999995 0.00191984 -1.11976 0.00233697 -0.00192586 0.999995 68.1199
0.999998 0.000584645 -0.00175364 -0.454156 -0.000578952 0.999995 0.00324508 -1.14287 0.00175553 -0.00324406 0.999993 69.5487
0.999992 0.00377748 -0.00105486 -0.468485 -0.0037726 0.999982 0.00459727 -1.16605 0.00107221 -0.00459325 0.999989 70.9842
0.99997 0.00775053 -0.000243595 -0.483739 -0.00774918 0.999957 0.00512116 -1.1874 0.000283276 -0.00511911 0.999987 72.3969
0.999926 0.0121759 0.000550304 -0.502321 -0.0121784 0.999914 0.00476785 -1.2064 -0.000492204 -0.00477419 0.999988 73.7896
0.999879 0.0154986 0.00137727 -0.518097 -0.0155041 0.999871 0.00411827 -1.22905 -0.00131326 -0.00413913 0.999991 75.1833
0.999847 0.0173676 0.00205893 -0.530372 -0.0173759 0.999841 0.00407208 -1.25325 -0.00198788 -0.00410723 0.99999 76.604
0.999841 0.0176758 0.00248947 -0.541148 -0.0176867 0.999834 0.0044464 -1.27787 -0.00241046 -0.00448972 0.999987 78.0191
0.999857 0.0166948 0.0027661 -0.552496 -0.0167062 0.999852 0.00416059 -1.30058 -0.00269623 -0.00420621 0.999988 79.403
0.999878 0.0154018 0.00275656 -0.562734 -0.0154109 0.999876 0.00333245 -1.32238 -0.00270489 -0.00337453 0.999991 80.7603
0.999884 0.0150269 0.0024635 -0.566486 -0.0150348 0.999882 0.00324525 -1.34707 -0.00241444 -0.00328191 0.999992 82.1603
0.999887 0.0149119 0.00213701 -0.572556 -0.0149193 0.999883 0.00346859 -1.37226 -0.00208503 -0.00350008 0.999992 83.5725
0.999892 0.0146065 0.00173938 -0.581802 -0.0146118 0.999889 0.00306462 -1.39665 -0.00169442 -0.0030897 0.999994 84.9388
0.999892 0.01467 0.00106709 -0.591131 -0.0146736 0.999886 0.00347399 -1.42146 -0.00101601 -0.00348927 0.999993 86.314
0.999903 0.0139622 -8.67282e-06 -0.602158 -0.013962 0.999893 0.00435543 -1.44303 6.94831e-05 -0.00435488 0.999991 87.7378
0.999932 0.0116144 -0.00115442 -0.611045 -0.011608 0.999918 0.00542206 -1.46406 0.00121729 -0.00540829 0.999985 89.1489
0.999952 0.00955846 -0.00222281 -0.62239 -0.00954517 0.999937 0.00591414 -1.48504 0.0022792 -0.00589264 0.99998 90.4991
0.999966 0.00769693 -0.00301249 -0.630738 -0.00767905 0.999953 0.00590189 -1.50667 0.00305778 -0.00587855 0.999978 91.8703
0.999975 0.00612404 -0.0034243 -0.645725 -0.00610536 0.999967 0.00543997 -1.52522 0.0034575 -0.00541893 0.999979 93.2605
0.99998 0.00500809 -0.00380012 -0.655459 -0.00498866 0.999975 0.00510731 -1.54782 0.0038256 -0.00508825 0.99998 94.6584
0.999977 0.00550264 -0.00404121 -0.665807 -0.00548412 0.999974 0.00457901 -1.57099 0.0040663 -0.00455674 0.999981 95.9989
0.999978 0.00528999 -0.00392344 -0.681627 -0.00527413 0.999978 0.00404182 -1.59356 0.00394474 -0.00402104 0.999984 97.3181
0.999972 0.00643503 -0.00372808 -0.697306 -0.00642299 0.999974 0.00323264 -1.61689 0.00374879 -0.00320861 0.999988 98.6925
0.999967 0.0073972 -0.00340522 -0.716659 -0.00738481 0.999966 0.00363774 -1.63748 0.00343202 -0.00361248 0.999988 100.031
0.999962 0.00802714 -0.00326166 -0.731296 -0.00801074 0.999955 0.00500913 -1.65954 0.00330173 -0.00498281 0.999982 101.368
0.99995 0.00944482 -0.00319363 -0.742275 -0.00942441 0.999935 0.00634773 -1.68376 0.00325337 -0.00631732 0.999975 102.697
0.999957 0.00874787 -0.00310772 -0.756061 -0.00873281 0.99995 0.00482904 -1.70484 0.00314981 -0.00480169 0.999984 104.073
0.999959 0.00849475 -0.00298554 -0.774572 -0.00848733 0.999961 0.00248894 -1.72417 0.00300657 -0.0024635 0.999992 105.412
0.999965 0.00779846 -0.00300729 -0.789567 -0.00779435 0.999969 0.00137399 -1.74634 0.00301791 -0.0013505 0.999995 106.747
0.999981 0.00544322 -0.00297529 -0.799031 -0.00543539 0.999982 0.00263547 -1.76825 0.00298958 -0.00261924 0.999992 108.114
0.999992 0.00326286 -0.00237921 -0.81414 -0.00325207 0.999984 0.00452589 -1.79178 0.00239394 -0.00451812 0.999987 109.44
0.999998 0.00152199 -0.00153657 -0.819214 -0.00151407 0.999986 0.0051369 -1.81315 0.00154437 -0.00513456 0.999986 110.773
0.999999 0.00086061 -0.000768271 -0.832569 -0.000857805 0.999993 0.00364393 -1.8346 0.000771402 -0.00364327 0.999993 112.059
0.999995 0.00310336 -1.40474e-05 -0.8478 -0.00310334 0.999994 0.00132354 -1.85831 1.81547e-05 -0.00132349 0.999999 113.415
0.999986 0.005077 0.00131865 -0.860641 -0.00507603 0.999987 -0.00074046 -1.88176 -0.00132239 0.000733756 0.999999 114.786
0.999963 0.00811286 0.00284612 -0.870698 -0.0081113 0.999967 -0.000558756 -1.90623 -0.00285056 0.00053565 0.999996 116.164
0.999948 0.00926208 0.00420709 -0.87971 -0.00926798 0.999956 0.00138482 -1.92939 -0.00419408 -0.00142374 0.99999 117.519
0.999942 0.0094274 0.00516953 -0.883603 -0.00944622 0.999949 0.00362914 -1.95278 -0.00513505 -0.00367777 0.99998 118.841
0.999945 0.00857759 0.00597021 -0.881173 -0.00860284 0.999954 0.00421517 -1.97409 -0.00593378 -0.0042663 0.999973 120.181
0.999934 0.00909568 0.00699007 -0.881348 -0.00912075 0.999952 0.00356348 -1.99319 -0.00695732 -0.003627 0.999969 121.525
0.999906 0.011049 0.0081569 -0.885901 -0.0110735 0.999934 0.0029662 -2.01007 -0.00812359 -0.00305624 0.999962 122.841
0.999872 0.0130003 0.00936558 -0.8867 -0.0130257 0.999912 0.00264864 -2.03055 -0.00933032 -0.00277029 0.999953 124.184
0.999849 0.0138833 0.0104893 -0.887019 -0.0139008 0.999902 0.00159629 -2.05195 -0.0104661 -0.00174186 0.999944 125.548
0.999822 0.0150015 0.0114626 -0.885671 -0.015012 0.999887 0.00082862 -2.07412 -0.0114489 -0.00100055 0.999934 126.87
0.999823 0.0140194 0.0125542 -0.879981 -0.0140295 0.999901 0.000717875 -2.09717 -0.0125429 -0.000893876 0.999921 128.198
0.999815 0.0136914 0.0135342 -0.871069 -0.013716 0.999904 0.00172634 -2.12025 -0.0135093 -0.00191166 0.999907 129.557
0.999819 0.0123765 0.0144522 -0.863258 -0.0124158 0.999919 0.0026375 -2.14304 -0.0144184 -0.00281645 0.999892 130.928
0.999822 0.0116222 0.0148937 -0.855124 -0.0116675 0.999928 0.0029586 -2.16455 -0.0148582 -0.00313184 0.999885 132.303
0.999847 0.00926473 0.0148121 -0.844926 -0.00931216 0.999952 0.00313599 -2.18283 -0.0147824 -0.00327344 0.999885 133.664
0.999862 0.00775665 0.0147243 -0.835036 -0.00781379 0.999962 0.00382665 -2.20165 -0.0146941 -0.00394117 0.999884 134.99
0.99988 0.00614101 0.0141895 -0.823566 -0.00618995 0.999975 0.00340753 -2.22023 -0.0141682 -0.00349495 0.999894 136.323
0.999907 0.00459604 0.0128497 -0.81325 -0.00463989 0.999984 0.00338484 -2.23832 -0.0128339 -0.00344414 0.999912 137.678
0.999926 0.00317772 0.0117713 -0.805123 -0.00322766 0.999986 0.00422587 -2.2563 -0.0117577 -0.00426355 0.999922 139.009
0.999939 0.0017596 0.0108648 -0.799978 -0.00180729 0.999989 0.00438136 -2.27535 -0.010857 -0.00440073 0.999931 140.332
0.999952 0.00133319 0.00969066 -0.793093 -0.00137709 0.999989 0.00452481 -2.29556 -0.00968452 -0.00453794 0.999943 141.656
0.999963 0.000835099 0.00853055 -0.785461 -0.000868963 0.999992 0.00396688 -2.31524 -0.00852717 -0.00397414 0.999956 142.984
0.999971 0.000579576 0.00756767 -0.780223 -0.000606689 0.999993 0.00358096 -2.33391 -0.00756554 -0.00358545 0.999965 144.311
0.999975 -0.00189589 0.0067899 -0.780337 0.00188748 0.999997 0.00124517 -2.35597 -0.00679224 -0.00123232 0.999976 145.719
0.999958 -0.00718249 0.00562913 -0.77312 0.00717765 0.999974 0.000880296 -2.37872 -0.00563531 -0.000839855 0.999984 147.037
0.99988 -0.0148121 0.00459162 -0.766054 0.0147975 0.999885 0.00319725 -2.39956 -0.00463845 -0.00312892 0.999984 148.345
0.999762 -0.0216076 0.00285381 -0.756332 0.0215942 0.999756 0.00462984 -2.4155 -0.00295316 -0.00456712 0.999985 149.649
0.999689 -0.024867 0.00191574 -0.755159 0.0248646 0.99969 0.00128674 -2.43592 -0.00194715 -0.00123871 0.999997 151.02
0.999695 -0.0245941 0.00201891 -0.757806 0.0245977 0.999696 -0.00179274 -2.45892 -0.00197421 0.00184186 0.999996 152.351
0.999771 -0.021212 0.00294962 -0.764167 0.0212232 0.999768 -0.00380439 -2.49071 -0.00286823 0.00386612 0.999988 153.681
0.999766 -0.0213455 0.00364701 -0.765193 0.0213593 0.999765 -0.00379126 -2.52004 -0.00356522 0.00386827 0.999986 155.025
0.999689 -0.0245681 0.00432832 -0.761414 0.0245699 0.999698 -0.000348047 -2.5463 -0.00431846 0.000454285 0.999991 156.406
0.999546 -0.0297584 0.00478477 -0.753578 0.0297476 0.999555 0.0022934 -2.56842 -0.00485089 -0.00215002 0.999986 157.747
0.999426 -0.0335395 0.00482223 -0.745795 0.0335224 0.999432 0.00358803 -2.5884 -0.00493983 -0.00342432 0.999982 159.095
0.999379 -0.0349039 0.0048144 -0.740916 0.0348883 0.999386 0.00328804 -2.60724 -0.0049262 -0.00311804 0.999983 160.45
0.999438 -0.0330286 0.00570495 -0.74305 0.0330061 0.999447 0.0040026 -2.6264 -0.00583399 -0.00381205 0.999976 161.789
0.999555 -0.0290165 0.00692771 -0.74963 0.0289951 0.999575 0.00315771 -2.64572 -0.00701639 -0.00295543 0.999971 163.134
0.999648 -0.0253706 0.0078142 -0.750871 0.025364 0.999678 0.000949798 -2.66608 -0.00783578 -0.000751265 0.999969 164.483
0.99971 -0.022438 0.00871807 -0.752036 0.0224356 0.999748 0.00037411 -2.68549 -0.00872427 -0.000178407 0.999962 165.847
0.999747 -0.0205939 0.00901515 -0.748548 0.0205805 0.999787 0.00157036 -2.70724 -0.00904557 -0.00138443 0.999958 167.183
0.999786 -0.0186637 0.00889004 -0.747933 0.0186535 0.999825 0.0012327 -2.73117 -0.00891149 -0.00106661 0.99996 168.567
0.999825 -0.016596 0.0086261 -0.745193 0.0166066 0.999861 -0.00115172 -2.75569 -0.00860579 0.00129477 0.999962 169.944
0.999883 -0.0128916 0.00822668 -0.750765 0.0129241 0.999909 -0.00392023 -2.78198 -0.00817539 0.0040261 0.999958 171.301
0.999936 -0.0077968 0.00815632 -0.757802 0.00783919 0.999956 -0.00517763 -2.80918 -0.00811559 0.00524124 0.999953 172.656
0.999958 -0.00314973 0.00863605 -0.762636 0.0031837 0.999987 -0.00392171 -2.8393 -0.00862359 0.00394904 0.999955 174.046
0.999957 -0.000122135 0.00925082 -0.770667 0.000141209 0.999998 -0.00206123 -2.86776 -0.00925055 0.00206245 0.999955 175.419
0.999957 0.000716749 0.00925098 -0.769741 -0.000718864 1 0.000225265 -2.89525 -0.00925082 -0.000231905 0.999957 176.802
0.999961 -0.00264402 0.00845544 -0.764516 0.00263369 0.999996 0.00123248 -2.91816 -0.00845867 -0.00121016 0.999963 178.219
0.999965 -0.00468622 0.00687005 -0.754157 0.0046762 0.999988 0.00147356 -2.94017 -0.00687688 -0.00144138 0.999975 179.627
0.999975 -0.00512193 0.00480513 -0.75247 0.00513521 0.999983 -0.00275405 -2.96497 -0.00479094 0.00277866 0.999985 181.014
0.999989 -0.00348206 0.00326272 -0.757714 0.00350497 0.999969 -0.00704402 -2.99305 -0.00323809 0.00705537 0.99997 182.389
0.999995 0.00142053 0.00264349 -0.771731 -0.00140024 0.99997 -0.00766491 -3.0259 -0.00265429 0.00766118 0.999967 183.776
0.999985 0.0048076 0.002542 -0.784871 -0.00479057 0.999966 -0.00666609 -3.06047 -0.00257396 0.00665381 0.999975 185.177
0.999972 0.00695363 0.00286513 -0.798205 -0.00694452 0.999971 -0.00317749 -3.09153 -0.00288714 0.0031575 0.999991 186.594
0.999965 0.00770038 0.0031785 -0.804145 -0.00769659 0.99997 -0.00120266 -3.12035 -0.00318767 0.00117815 0.999994 188.023
0.999969 0.00720257 0.00322163 -0.808061 -0.00720166 0.999974 -0.000294061 -3.14568 -0.00322367 0.00027085 0.999995 189.468
0.99998 0.00546493 0.00332531 -0.812275 -0.00546592 0.999985 0.000288254 -3.16938 -0.00332369 -0.000306424 0.999994 190.893
0.99999 0.00291887 0.00352212 -0.814474 -0.00292198 0.999995 0.00087709 -3.194 -0.00351954 -0.000887373 0.999993 192.317
0.999993 0.000230791 0.00368119 -0.818176 -0.000233914 1 0.00084791 -3.21796 -0.003681 -0.000848765 0.999993 193.695
0.999987 -0.00296004 0.00405673 -0.814628 0.00295206 0.999994 0.00197186 -3.24264 -0.00406254 -0.00195986 0.99999 195.098
0.999964 -0.00727583 0.00447529 -0.811247 0.00726024 0.999968 0.00348938 -3.26565 -0.00450054 -0.00345676 0.999984 196.567
0.999939 -0.0100816 0.00461727 -0.807523 0.0100657 0.999943 0.00344106 -3.28856 -0.0046517 -0.00339438 0.999983 198.039
0.999955 -0.00807155 0.00502919 -0.806637 0.00807608 0.999967 -0.000881071 -3.31315 -0.00502191 0.000921647 0.999987 199.479
0.999985 -0.000863513 0.00536908 -0.818492 0.000895533 0.999982 -0.00596429 -3.33769 -0.00536383 0.00596901 0.999968 200.869
0.999944 0.00826099 0.00665361 -0.8298 -0.00822055 0.999948 -0.00608354 -3.36769 -0.00670352 0.0060285 0.999959 202.306
0.999838 0.0161387 0.0079181 -0.845239 -0.0161198 0.999867 -0.00244255 -3.39761 -0.00795647 0.00231452 0.999966 203.776
0.999814 0.0171081 0.00887667 -0.846832 -0.017106 0.999854 -0.000318022 -3.42219 -0.00888081 0.000166119 0.999961 205.274
0.999851 0.015055 0.00849435 -0.842507 -0.0150573 0.999887 0.000216599 -3.4449 -0.00849012 -0.000344469 0.999964 206.732
0.999904 0.0118659 0.00718623 -0.833435 -0.0118673 0.99993 0.000149773 -3.46905 -0.00718395 -0.000235039 0.999974 208.147
0.999932 0.0098887 0.00619015 -0.828119 -0.00988596 0.999951 -0.000473128 -3.49321 -0.00619453 0.0004119 0.999981 209.558
0.999932 0.0102206 0.00561751 -0.828581 -0.0102159 0.999947 -0.000874263 -3.5211 -0.00562615 0.000816816 0.999984 211.053
0.999919 0.0115837 0.00533937 -0.831402 -0.0115802 0.999933 -0.000693519 -3.54813 -0.00534704 0.000631632 0.999986 212.525
0.999905 0.0128353 0.00509243 -0.834056 -0.0128365 0.999918 0.00020336 -3.57435 -0.0050894 -0.000268709 0.999987 213.984
0.999912 0.0123204 0.00489448 -0.839047 -0.0123191 0.999924 -0.000295694 -3.60057 -0.00489775 0.000235373 0.999988 215.435
0.999919 0.0118554 0.00458911 -0.84357 -0.01185 0.999929 -0.00121094 -3.62626 -0.00460314 0.00115646 0.999989 216.888
0.999929 0.0110921 0.00441971 -0.847067 -0.0110855 0.999937 -0.00149887 -3.65315 -0.00443606 0.00144977 0.999989 218.335
0.999924 0.0115849 0.00413189 -0.850855 -0.0115781 0.999932 -0.0016616 -3.67892 -0.00415086 0.00161363 0.99999 219.847
0.999921 0.0119544 0.00384604 -0.852637 -0.0119472 0.999927 -0.0018888 -3.70761 -0.00386834 0.0018427 0.999991 221.373
0.999922 0.0120127 0.00352757 -0.858551 -0.0120054 0.999926 -0.00207036 -3.73624 -0.00355217 0.00202785 0.999992 222.849
0.999909 0.0130579 0.00330078 -0.868379 -0.0130502 0.999912 -0.0023585 -3.76513 -0.00333129 0.00231521 0.999992 224.347
0.999913 0.0128312 0.0029947 -0.872513 -0.0128238 0.999915 -0.00247742 -3.79341 -0.00302624 0.0024388 0.999992 225.882
0.999909 0.0132461 0.00272091 -0.878642 -0.0132398 0.99991 -0.00235235 -3.82331 -0.00275182 0.00231611 0.999994 227.382
0.99992 0.0123647 0.00258945 -0.885937 -0.0123587 0.999921 -0.00231486 -3.85166 -0.00261787 0.00228267 0.999994 228.879
0.999937 0.0109355 0.00256953 -0.889908 -0.0109292 0.999937 -0.00245185 -3.88208 -0.00259619 0.00242362 0.999994 230.392
0.999948 0.00980297 0.00274133 -0.893125 -0.00979687 0.99995 -0.00223083 -3.91118 -0.00276306 0.00220386 0.999994 231.896
0.999961 0.00826858 0.00297012 -0.898541 -0.00826429 0.999965 -0.00145437 -3.93942 -0.00298204 0.00142976 0.999995 233.38
0.999962 0.00823713 0.00298663 -0.909618 -0.00823326 0.999965 -0.00130762 -3.96699 -0.0029973 0.00128298 0.999995 234.89
0.999957 0.00872814 0.00299689 -0.915289 -0.00872355 0.999961 -0.00154429 -3.99633 -0.00301025 0.00151808 0.999994 236.383
0.999952 0.00927948 0.00325688 -0.919679 -0.00927272 0.999955 -0.00208523 -4.02532 -0.00327608 0.00205493 0.999993 237.862
0.999937 0.0105872 0.00383474 -0.928197 -0.0105816 0.999943 -0.00146104 -4.05394 -0.00384999 0.00142037 0.999992 239.338
0.99993 0.010886 0.00465581 -0.935124 -0.0108896 0.99994 0.000744517 -4.08291 -0.00464743 -0.000795164 0.999989 240.926
0.999928 0.0107511 0.00524112 -0.939839 -0.0107575 0.999941 0.00118788 -4.10916 -0.00522804 -0.00124418 0.999986 242.464
0.999923 0.0109687 0.00580654 -0.9422 -0.0109666 0.99994 -0.000393842 -4.13409 -0.00581051 0.000330134 0.999983 243.976
0.999917 0.0112605 0.00625464 -0.942793 -0.0112496 0.999935 -0.00178198 -4.16073 -0.0062743 0.00171147 0.999979 245.489
0.999906 0.0119852 0.00663747 -0.942116 -0.0119773 0.999928 -0.00123039 -4.18909 -0.00665174 0.00115078 0.999977 247.029
0.999911 0.0115623 0.0066173 -0.94211 -0.0115616 0.999933 -0.000141788 -4.21676 -0.0066185 6.52685e-05 0.999978 248.583
0.999911 0.0117733 0.00634412 -0.943785 -0.0117752 0.999931 0.000265772 -4.24489 -0.00634055 -0.000340451 0.99998 250.143
0.999909 0.0120518 0.00611867 -0.944974 -0.0120539 0.999927 0.000305256 -4.27185 -0.00611454 -0.000378982 0.999981 251.697
0.999891 0.0133784 0.00625257 -0.949578 -0.0133826 0.99991 0.000635521 -4.29848 -0.00624351 -0.000719128 0.99998 253.224
0.999872 0.0146058 0.00647551 -0.951024 -0.01461 0.999893 0.000594419 -4.32316 -0.00646614 -0.00068895 0.999979 254.752
0.99987 0.0147936 0.00642322 -0.950928 -0.0147994 0.99989 0.000846357 -4.34715 -0.00641 -0.000941306 0.999979 256.317
0.999889 0.0134095 0.00645768 -0.947815 -0.0134175 0.999909 0.00120553 -4.37339 -0.00644093 -0.00129204 0.999978 257.859
0.999917 0.0114244 0.00591561 -0.942843 -0.0114357 0.999933 0.00188277 -4.39728 -0.00589371 -0.00195027 0.999981 259.409
0.999942 0.00900012 0.00583055 -0.93822 -0.00901554 0.999956 0.0026243 -4.42197 -0.00580667 -0.00267672 0.99998 260.964
0.999958 0.00736181 0.00545425 -0.938942 -0.00737237 0.999971 0.00191884 -4.44631 -0.00543996 -0.00195897 0.999983 262.52
0.999968 0.00611179 0.00517995 -0.942933 -0.00611707 0.999981 0.00100524 -4.46921 -0.00517371 -0.0010369 0.999986 264.04
0.999974 0.00421274 0.00577607 -0.940136 -0.00422851 0.999987 0.0027191 -4.49244 -0.00576454 -0.00274345 0.99998 265.593
0.99998 0.00212368 0.00595412 -0.934505 -0.00215073 0.999987 0.00454079 -4.5155 -0.0059444 -0.0045535 0.999972 267.158
0.999981 0.00111893 0.00611359 -0.934126 -0.00114185 0.999992 0.00374686 -4.53498 -0.00610935 -0.00375377 0.999974 268.709
0.999977 0.000794126 0.00675703 -0.931968 -0.000812631 0.999996 0.00273631 -4.55709 -0.00675483 -0.00274174 0.999973 270.249
0.999971 0.00148635 0.00741712 -0.931116 -0.00150574 0.999995 0.00261043 -4.58284 -0.00741321 -0.00262152 0.999969 271.766
0.999961 0.00318186 0.00824766 -0.93068 -0.00320544 0.999991 0.00284703 -4.60915 -0.00823852 -0.00287336 0.999962 273.306
0.999945 0.00468816 0.00935064 -0.932845 -0.00471283 0.999985 0.00261779 -4.63613 -0.00933823 -0.00266172 0.999953 274.83
0.99993 0.00570252 0.010334 -0.933044 -0.005728 0.999981 0.00243764 -4.66169 -0.0103199 -0.00249666 0.999944 276.38
0.999914 0.00659631 0.0113644 -0.932715 -0.00662057 0.999976 0.00209885 -4.68567 -0.0113502 -0.00217391 0.999933 277.935
0.999903 0.00695193 0.012081 -0.92609 -0.00697034 0.999975 0.00148301 -4.71175 -0.0120704 -0.00156707 0.999926 279.501
0.999893 0.0063867 0.0131497 -0.914457 -0.00640133 0.999979 0.00107058 -4.74009 -0.0131426 -0.00115464 0.999913 281.12
0.999885 0.00537929 0.014146 -0.901059 -0.00540217 0.999984 0.00157948 -4.76579 -0.0141373 -0.00165572 0.999899 282.731
0.999881 0.00427119 0.0148333 -0.891952 -0.00430922 0.999988 0.00253227 -4.7905 -0.0148223 -0.00259589 0.999887 284.324
0.999883 0.00331885 0.014913 -0.875024 -0.00336363 0.99999 0.00297872 -4.81986 -0.0149029 -0.00302853 0.999884 285.864
0.999885 0.00287919 0.0148675 -0.858996 -0.00288493 0.999996 0.000364655 -4.84671 -0.0148664 -0.000407505 0.999889 287.4
0.999893 0.00153984 0.0145642 -0.841287 -0.00151579 0.999997 -0.00166224 -4.87597 -0.0145667 0.00163998 0.999893 289.013
0.999904 0.00151983 0.0138059 -0.827411 -0.00149772 0.999998 -0.00161175 -4.90571 -0.0138083 0.00159092 0.999903 290.568
0.999917 0.000352364 0.0129125 -0.817795 -0.000332433 0.999999 -0.00154569 -4.93306 -0.012913 0.00154127 0.999915 292.038
0.999928 0.000727264 0.0119539 -0.808786 -0.000699871 0.999997 -0.00229554 -4.96198 -0.0119555 0.00228701 0.999926 293.601
0.999934 0.000817394 0.0114515 -0.797581 -0.000787228 0.999996 -0.00263849 -4.99043 -0.0114536 0.0026293 0.999931 295.261
0.99994 0.000896147 0.0108855 -0.791907 -0.000872963 0.999997 -0.00213437 -5.0211 -0.0108874 0.00212474 0.999938 296.876
0.99995 0.000452673 0.00995386 -0.784817 -0.000432606 0.999998 -0.00201806 -5.05063 -0.00995475 0.00201365 0.999948 298.428
0.999959 -0.000149505 0.00902385 -0.779772 0.000156168 1 -0.000737714 -5.07709 -0.00902374 0.000739093 0.999959 300.021
0.999959 0.00195609 0.00886581 -0.786094 -0.00196093 0.999998 0.000537301 -5.10336 -0.00886474 -0.000554664 0.999961 301.621
0.999954 0.00226053 0.00933944 -0.778753 -0.00226616 0.999997 0.000592084 -5.12935 -0.00933808 -0.000613222 0.999956 303.231
0.999945 0.00284821 0.0100861 -0.766212 -0.00285058 0.999996 0.000220393 -5.15552 -0.0100854 -0.000249132 0.999949 304.816
0.999945 0.00182042 0.010293 -0.755333 -0.0018207 0.999998 1.72915e-05 -5.18173 -0.010293 -3.6031e-05 0.999947 306.403
0.999945 -0.000214628 0.0104962 -0.743751 0.000225075 0.999999 -0.000994126 -5.20813 -0.010496 0.000996434 0.999944 308.003
0.99994 -0.00186657 0.0107534 -0.732187 0.00189851 0.999994 -0.00296042 -5.23662 -0.0107478 0.00298065 0.999938 309.635
0.999941 -0.00240263 0.0105584 -0.72297 0.00244475 0.999989 -0.00397856 -5.2683 -0.0105487 0.00400414 0.999936 311.267
0.999963 -0.00179889 0.00843824 -0.716674 0.00184051 0.999986 -0.00492736 -5.3005 -0.00842926 0.0049427 0.999952 312.851
0.999978 -0.00090348 0.00662745 -0.717309 0.00093105 0.999991 -0.00415793 -5.33391 -0.00662364 0.00416401 0.999969 314.482
0.99998 0.000281914 0.00633255 -0.718717 -0.000276689 1 -0.000825928 -5.36482 -0.00633278 0.000824159 0.99998 316.12
0.999976 -0.00111723 0.00687256 -0.713059 0.00110227 0.999997 0.00218076 -5.39059 -0.00687497 -0.00217313 0.999974 317.777
0.999974 -0.00190632 0.00701138 -0.710414 0.00188608 0.999994 0.00289215 -5.41327 -0.00701686 -0.00287885 0.999971 319.411
0.99997 -0.0029827 0.00714089 -0.703424 0.00297108 0.999994 0.0016374 -5.43696 -0.00714573 -0.00161613 0.999973 321.037
0.999964 -0.00397647 0.00750551 -0.700256 0.00396463 0.999991 0.00159256 -5.46227 -0.00751178 -0.00156275 0.999971 322.663
0.999961 -0.00404121 0.00781545 -0.694321 0.00402558 0.99999 0.00201405 -5.49124 -0.00782351 -0.00198251 0.999967 324.297
0.999957 -0.00394167 0.00838143 -0.689819 0.00392516 0.99999 0.00198532 -5.51869 -0.00838918 -0.00195234 0.999963 325.911
0.999957 -0.00249328 0.0089154 -0.689326 0.00248407 0.999996 0.00104475 -5.54649 -0.00891797 -0.00102256 0.99996 327.496
0.999951 -0.00183505 0.0097584 -0.686393 0.0018301 0.999998 0.00051558 -5.57596 -0.00975933 -0.000497696 0.999952 329.148
0.99994 -0.00305587 0.0105477 -0.678587 0.00302949 0.999992 0.00251629 -5.60686 -0.0105553 -0.00248418 0.999941 330.794
0.999936 -0.00399151 0.0106077 -0.669422 0.00395556 0.999986 0.00340743 -5.63396 -0.0106211 -0.00336526 0.999938 332.441
0.999932 -0.00516552 0.0104299 -0.656834 0.005142 0.999984 0.00228096 -5.6615 -0.0104415 -0.00222717 0.999943 334.078
0.999939 -0.00370663 0.0103626 -0.648645 0.00368296 0.999991 0.00230271 -5.68909 -0.010371 -0.0022644 0.999944 335.674
0.999946 -0.00188466 0.010198 -0.645936 0.00188246 0.999998 0.000224988 -5.71659 -0.0101984 -0.000205778 0.999948 337.279
0.999953 -0.000150901 0.00965489 -0.647674 0.000177625 0.999996 -0.00276712 -5.74566 -0.00965444 0.0027687 0.99995 338.894
0.999959 0.00127773 0.0089862 -0.647687 -0.00125594 0.999996 -0.00242973 -5.77675 -0.00898927 0.00241834 0.999957 340.458
0.999967 0.00208269 0.00786529 -0.645941 -0.00209128 0.999997 0.00108404 -5.80635 -0.00786301 -0.00110046 0.999968 342.026
0.999971 0.00314755 0.00694765 -0.64501 -0.00317468 0.999987 0.0038969 -5.83312 -0.0069353 -0.00391884 0.999968 343.582
0.999977 0.00356802 0.00573852 -0.648319 -0.00358373 0.99999 0.00272906 -5.85862 -0.00572872 -0.00274956 0.99998 345.199
0.999987 0.00301464 0.00404493 -0.652615 -0.00301932 0.999995 0.00115118 -5.88338 -0.00404144 -0.00116338 0.999991 346.83
0.999996 0.0017174 0.00224457 -0.653561 -0.00172317 0.999995 0.00257008 -5.91142 -0.00224014 -0.00257394 0.999994 348.415
0.999999 0.000314004 0.00126839 -0.655654 -0.000317961 0.999995 0.00312056 -5.9392 -0.00126741 -0.00312096 0.999994 350.053
1 0.000170475 0.000916078 -0.66584 -0.000172541 0.999997 0.00225551 -5.96358 -0.000915691 -0.00225567 0.999997 351.664
1 -0.000424638 0.000637334 -0.674352 0.000423764 0.999999 0.00137029 -5.99035 -0.000637915 -0.00137002 0.999999 353.258
1 -0.000757382 0.00048204 -0.681445 0.000756718 0.999999 0.00137628 -6.01858 -0.000483082 -0.00137591 0.999999 354.88
0.999999 -0.00141097 0.000387351 -0.689178 0.00141047 0.999998 0.00130057 -6.04631 -0.000389186 -0.00130002 0.999999 356.494
0.999998 -0.0019056 0.000300854 -0.693729 0.00190539 0.999998 0.000700647 -6.07539 -0.000302188 -0.000700072 1 358.118
0.999998 -0.00204778 0.000153778 -0.699129 0.00204778 0.999998 2.20927e-05 -6.105 -0.000153823 -2.17778e-05 1 359.731
0.999996 -0.00266152 0.000191557 -0.705413 0.00266144 0.999996 0.000405559 -6.13635 -0.000192636 -0.000405048 1 361.3
0.999997 -0.00235076 0.000465195 -0.717868 0.002351 0.999997 -0.000511763 -6.1662 -0.000463991 0.000512855 1 362.857
0.999993 -0.00381924 0.00043925 -0.723947 0.00382 0.999991 -0.00173447 -6.19686 -0.000432622 0.00173614 0.999998 364.46
0.999985 -0.0053502 0.000706081 -0.733136 0.00535006 0.999986 0.000201214 -6.22909 -0.000707148 -0.000197434 1 366.063
0.999976 -0.00684171 0.00076755 -0.740405 0.00684085 0.999976 0.00110891 -6.25985 -0.000775118 -0.00110363 0.999999 367.696
0.999974 -0.00715044 0.000719212 -0.745219 0.00715043 0.999974 1.89822e-05 -6.28849 -0.00071933 -1.3839e-05 1 369.315
0.999983 -0.00562901 0.00117714 -0.755359 0.00562969 0.999984 -0.000571898 -6.31673 -0.0011739 0.000578515 0.999999 370.914
0.999991 -0.00401615 0.00153144 -0.764026 0.00401586 0.999992 0.000191046 -6.34626 -0.00153219 -0.000184894 0.999999 372.481
0.999994 -0.00287396 0.00193043 -0.772602 0.00287197 0.999995 0.00102838 -6.37393 -0.00193337 -0.00102283 0.999998 374.095
0.999994 -0.00266603 0.00223951 -0.777907 0.00266431 0.999996 0.000770857 -6.40147 -0.00224156 -0.000764886 0.999997 375.714
0.999993 -0.00285189 0.00238029 -0.781918 0.00285192 0.999996 -9.90129e-06 -6.42932 -0.00238025 1.66896e-05 0.999997 377.296
0.999993 -0.00284395 0.00228073 -0.786853 0.00284438 0.999996 -0.000185113 -6.45832 -0.00228019 0.000191599 0.999997 378.89
0.999994 -0.00217982 0.00269957 -0.792938 0.00218037 0.999998 -0.000198692 -6.48738 -0.00269914 0.000204577 0.999996 380.491
0.999995 -0.000619067 0.00317636 -0.803665 0.000619678 1 -0.000191168 -6.51496 -0.00317625 0.000193135 0.999995 382.069
0.999993 0.00123006 0.00365531 -0.816902 -0.00123098 0.999999 0.000249876 -6.54166 -0.003655 -0.000254374 0.999993 383.673
0.999986 0.00296528 0.0043568 -0.835174 -0.00296316 0.999995 -0.000491339 -6.56999 -0.00435824 0.000478422 0.99999 385.301
0.999979 0.00410909 0.00498871 -0.845379 -0.00410345 0.999991 -0.00114011 -6.5959 -0.00499335 0.00111962 0.999987 386.927
0.999972 0.00516903 0.00540833 -0.850544 -0.00516312 0.999986 -0.00110591 -6.62176 -0.00541397 0.00107796 0.999985 388.565
0.999965 0.00609858 0.00564385 -0.848398 -0.00609764 0.999981 -0.000183772 -6.6478 -0.00564486 0.000149351 0.999984 390.182
0.999961 0.0065122 0.00589832 -0.84746 -0.00651625 0.999979 0.000666868 -6.67848 -0.00589385 -0.000705277 0.999982 391.777
0.999954 0.00702988 0.00650925 -0.85361 -0.00703315 0.999975 0.000480199 -6.71117 -0.00650572 -0.000525958 0.999979 393.367
0.999954 0.00697164 0.00655886 -0.855704 -0.00697781 0.999975 0.00091831 -6.74084 -0.00655229 -0.000964034 0.999978 395
