1 0 0 0 0 1 0 0 0 0 1 0
0.999993 -0.00226389 -0.00284618 -0.00943631 0.00225744 0.999995 -0.00226767 -0.0233336 0.0028513 0.00226123 0.999993 1.1259
0.999966 -0.00471121 -0.00678375 -0.0199031 0.00467474 0.999975 -0.00538057 -0.0481965 0.00680893 0.00534868 0.999963 2.25651
0.999918 -0.00830695 -0.00976757 -0.030596 0.00822735 0.999933 -0.00816144 -0.0715546 0.00983471 0.00808041 0.999919 3.40208
0.999884 -0.00886381 -0.0123579 -0.0483992 0.00876673 0.99993 -0.00788768 -0.101174 0.0124269 0.00777843 0.999893 4.57902
0.99987 -0.00658523 -0.0147096 -0.0759312 0.00637278 0.999875 -0.0144434 -0.134387 0.0148028 0.0143478 0.999787 5.78312
0.999848 -0.00337278 -0.0171044 -0.10854 0.00306194 0.99983 -0.0181671 -0.162258 0.0171627 0.0181119 0.999689 7.0302
0.999818 6.1387e-05 -0.0190793 -0.147636 -7.78318e-05 1 -0.00086118 -0.186875 0.0190792 0.000862509 0.999818 8.35072
0.999771 0.00327741 -0.0211414 -0.18798 -0.00317235 0.999982 0.00500095 -0.217775 0.0211574 -0.00493274 0.999764 9.71151
0.999727 0.00505344 -0.0228299 -0.236809 -0.00524533 0.999951 -0.00835299 -0.225403 0.0227865 0.00847046 0.999704 11.1176
0.999698 0.00194671 -0.0244975 -0.278577 -0.00188472 0.999995 0.00255345 -0.238119 0.0245023 -0.00250651 0.999697 12.6224
0.99967 0.000712912 -0.0256933 -0.325462 -0.000390732 0.999921 0.0125423 -0.249939 0.0257003 -0.0125281 0.999591 14.2041
0.999669 -0.00162338 -0.0256655 -0.367978 0.00185639 0.999957 0.00905762 -0.250886 0.0256497 -0.00910227 0.99963 15.8367
0.999685 0.000892217 -0.0250857 -0.39577 -0.000752742 0.999984 0.00556883 -0.25154 0.0250903 -0.00554819 0.99967 16.6756
0.999707 -0.00232851 -0.0240972 -0.418606 0.00233231 0.999997 0.000129544 -0.259958 0.0240968 -0.000185708 0.99971 17.5308
0.999717 -0.00508245 -0.023243 -0.440314 0.00494199 0.999969 -0.00609654 -0.273498 0.0232733 0.00597995 0.999711 18.4164
0.999749 -0.00404943 -0.0220475 -0.466961 0.00379635 0.999927 -0.0115089 -0.28566 0.0220925 0.0114223 0.999691 19.3131
0.999757 -0.00269524 -0.0219007 -0.494045 0.00242532 0.999921 -0.0123419 -0.3031 0.0219322 0.0122858 0.999684 20.2231
0.999753 -0.00249947 -0.0220971 -0.518448 0.00224197 0.999929 -0.0116703 -0.325607 0.0221247 0.0116178 0.999688 21.153
0.999756 -0.000389241 -0.0220668 -0.546752 0.000102015 0.999915 -0.0130159 -0.349375 0.02207 0.0130104 0.999672 22.1112
0.999758 0.00252023 -0.0218697 -0.5785 -0.00285279 0.999881 -0.0151882 -0.371788 0.0218288 0.0152469 0.999645 23.0729
0.99974 0.00601648 -0.0219713 -0.611033 -0.00636928 0.999851 -0.0160227 -0.395661 0.0218717 0.0161585 0.99963 24.0259
0.999732 0.00773245 -0.0218239 -0.643438 -0.00807999 0.999841 -0.0158817 -0.424521 0.0216976 0.0160538 0.999636 24.994
0.999722 0.00841886 -0.0220388 -0.673307 -0.00877275 0.999833 -0.0160106 -0.453543 0.0219003 0.0161995 0.999629 25.9997
0.999716 0.00855581 -0.0222561 -0.703599 -0.00891075 0.999834 -0.0158982 -0.482432 0.0221164 0.016092 0.999626 27.0097
0.999698 0.00944131 -0.022681 -0.733462 -0.00977858 0.999843 -0.0148054 -0.511602 0.0225377 0.0150227 0.999633 28.0156
0.999686 0.0100939 -0.0229319 -0.762618 -0.0103901 0.999864 -0.0128332 -0.53991 0.0227992 0.0130674 0.999655 29.0352
0.999673 0.010741 -0.0232245 -0.791935 -0.0110142 0.999871 -0.0116665 -0.567601 0.0230962 0.0119185 0.999662 30.0464
0.999671 0.01046 -0.0234171 -0.820345 -0.0107597 0.999861 -0.0127114 -0.595647 0.0232809 0.0129592 0.999645 31.0562
0.999651 0.0116863 -0.0236767 -0.850739 -0.0120121 0.999834 -0.0136653 -0.622571 0.0235131 0.0139449 0.999626 32.0925
0.999645 0.0114433 -0.0240679 -0.881129 -0.0117524 0.99985 -0.0127383 -0.650156 0.0239185 0.0130166 0.999629 33.142
0.999641 0.0108886 -0.0244891 -0.91253 -0.0111381 0.999887 -0.0100751 -0.676338 0.0243766 0.0103442 0.999649 34.1995
0.999625 0.0113586 -0.0249115 -0.945779 -0.0115218 0.999913 -0.00641798 -0.702809 0.0248365 0.0067026 0.999669 35.2728
0.99961 0.0114823 -0.025454 -0.979907 -0.0115888 0.999925 -0.00404061 -0.726661 0.0254056 0.00433402 0.999668 36.3252
0.999594 0.0115226 -0.0260711 -1.01247 -0.0116202 0.999926 -0.00359781 -0.74689 0.0260277 0.0038993 0.999654 37.3942
0.99959 0.0112304 -0.0263348 -1.04837 -0.0113688 0.999922 -0.00511315 -0.768384 0.0262754 0.00541045 0.99964 38.4708
0.999566 0.011916 -0.0269432 -1.08964 -0.012073 0.999911 -0.00567153 -0.789852 0.0268732 0.00599436 0.999621 39.5452
0.999545 0.0116211 -0.0278459 -1.12468 -0.0117497 0.999921 -0.00445735 -0.812716 0.0277919 0.0047825 0.999602 40.6203
0.999518 0.0117615 -0.0287131 -1.16199 -0.0118374 0.999927 -0.00247361 -0.83578 0.0286819 0.0028123 0.999585 41.7069
0.999502 0.0119156 -0.0292331 -1.20155 -0.0119183 0.999929 8.48542e-05 -0.858473 0.029232 0.000263596 0.999573 42.8042
0.999474 0.0131705 -0.0296321 -1.24216 -0.0131759 0.999913 1.26023e-05 -0.88235 0.0296297 0.000377835 0.999561 43.8913
0.999443 0.0143077 -0.0301594 -1.28357 -0.0144269 0.999889 -0.00373741 -0.904401 0.0301026 0.00417044 0.999538 44.9621
0.999426 0.0155235 -0.0301164 -1.32417 -0.015764 0.999846 -0.00776674 -0.927034 0.0299912 0.00823704 0.999516 46.0419
0.999415 0.0162425 -0.0300981 -1.36615 -0.0164934 0.999831 -0.00810763 -0.952507 0.0299613 0.0085993 0.999514 47.13
0.999412 0.0166494 -0.0299777 -1.40767 -0.0168188 0.999844 -0.00540941 -0.978135 0.0298829 0.00591042 0.999536 48.2078
0.999413 0.0172348 -0.0295994 -1.44773 -0.01734 0.999844 -0.00329966 -1.00319 0.0295379 0.00381097 0.999556 49.2839
0.99944 0.0157818 -0.0295122 -1.48613 -0.0158512 0.999872 -0.00211817 -1.02441 0.029475 0.00258478 0.999562 50.3604
0.999449 0.0158263 -0.029189 -1.52536 -0.0159228 0.999868 -0.00307797 -1.04835 0.0291365 0.00354105 0.999569 51.4585
0.999472 0.0149833 -0.0288323 -1.56489 -0.0151285 0.999874 -0.00482382 -1.07204 0.0287564 0.00525746 0.999573 52.558
0.999475 0.0152178 -0.0285894 -1.60299 -0.0154252 0.999856 -0.00704629 -1.09699 0.028478 0.00748359 0.999566 53.6576
0.999493 0.014147 -0.0285186 -1.63815 -0.0144209 0.999852 -0.00942212 -1.12774 0.0283811 0.00982861 0.999549 54.7597
0.999519 0.0125857 -0.0283471 -1.67369 -0.0129518 0.999835 -0.0127692 -1.15924 0.0281817 0.0131302 0.999517 55.8405
0.999547 0.010899 -0.0280659 -1.70647 -0.0113049 0.999833 -0.0143434 -1.19083 0.0279049 0.0146542 0.999503 56.9167
0.999565 0.00950013 -0.0279148 -1.74372 -0.00984145 0.999878 -0.0121153 -1.22395 0.0277963 0.0123848 0.999537 58.0062
0.999585 0.00822319 -0.0276204 -1.77833 -0.0083972 0.999946 -0.00618994 -1.25401 0.027568 0.0064193 0.999599 59.0782
0.999605 0.00708094 -0.0272022 -1.81249 -0.00708989 0.999975 -0.000232446 -1.27739 0.0271999 0.000425215 0.99963 60.1563
0.999618 0.00536669 -0.0271104 -1.847 -0.00535656 0.999986 0.000446353 -1.30003 0.0271124 -0.000300964 0.999632 61.2581
0.999635 0.00213662 -0.0269486 -1.87801 -0.00220804 0.999994 -0.00262072 -1.3199 0.0269428 0.00267926 0.999633 62.3676
0.999637 0.000762406 -0.0269135 -1.91199 -0.000921046 0.999982 -0.00588253 -1.34098 0.0269086 0.00590518 0.99962 63.4499
0.999635 0.00267478 -0.0268723 -1.95173 -0.00294087 0.999947 -0.00986715 -1.36975 0.0268445 0.00994258 0.99959 64.5476
0.999637 0.00292397 -0.0267928 -1.98623 -0.00330645 0.999893 -0.0142426 -1.39847 0.0267483 0.014326 0.99954 65.6534
0.999639 0.0059572 -0.0261811 -2.02636 -0.00634659 0.99987 -0.014815 -1.43044 0.0260895 0.0149758 0.999547 66.743
0.999634 0.00991498 -0.0251846 -2.07169 -0.0101979 0.999886 -0.0111297 -1.46387 0.0250714 0.0113825 0.999621 67.8663
0.999621 0.0113581 -0.0250956 -2.10863 -0.0115894 0.999892 -0.00909181 -1.49357 0.0249896 0.00937921 0.999644 68.9687
0.999629 0.0108048 -0.0250122 -2.14216 -0.0110181 0.999904 -0.00840558 -1.52067 0.024919 0.00867804 0.999652 70.062
0.999645 0.00931996 -0.0249731 -2.17739 -0.00951179 0.999926 -0.0075735 -1.55028 0.0249007 0.00780834 0.999659 71.1543
0.999648 0.00835973 -0.0251853 -2.21199 -0.00851838 0.999945 -0.00619841 -1.57765 0.0251321 0.00641076 0.999664 72.2654
0.999653 0.00681931 -0.0254425 -2.24422 -0.0069247 0.999968 -0.00405645 -1.605 0.025414 0.00423122 0.999668 73.3621
0.999644 0.00569988 -0.0260729 -2.27904 -0.00576444 0.999981 -0.00240184 -1.63149 0.0260587 0.00255128 0.999657 74.4486
0.99963 0.00491084 -0.0267692 -2.31184 -0.0050103 0.999981 -0.00364975 -1.65913 0.0267507 0.00378252 0.999635 75.5382
0.999613 0.00525431 -0.0273197 -2.35001 -0.00546166 0.999957 -0.00752091 -1.68557 0.027279 0.00766721 0.999598 76.644
0.999597 0.00582842 -0.0277946 -2.38851 -0.00609541 0.999936 -0.00953059 -1.7124 0.0277373 0.00969616 0.999568 77.7057
0.999565 0.0078446 -0.0284175 -2.42763 -0.00806965 0.999937 -0.00781364 -1.74281 0.0283544 0.00803956 0.999566 78.7703
0.999541 0.00880585 -0.0289906 -2.46731 -0.0089099 0.999954 -0.0034616 -1.77 0.0289588 0.00371832 0.999574 79.8851
0.999515 0.0102963 -0.029404 -2.50879 -0.0102831 0.999947 0.000600671 -1.79557 0.0294086 -0.000298015 0.999567 80.9763
0.999489 0.0112702 -0.0298982 -2.54892 -0.0112373 0.999936 0.00126836 -1.81888 0.0299106 -0.000931733 0.999552 82.0411
0.999474 0.0112267 -0.0304267 -2.58999 -0.0112588 0.999936 -0.000882146 -1.83879 0.0304148 0.00122425 0.999537 83.1006
0.999462 0.0111802 -0.0308227 -2.63058 -0.0112363 0.999936 -0.00164764 -1.86161 0.0308023 0.00199309 0.999524 84.1747
0.999453 0.010581 -0.0313169 -2.67229 -0.0106415 0.999942 -0.00176535 -1.88748 0.0312964 0.00209764 0.999508 85.2293
0.999439 0.00947668 -0.0321194 -2.71026 -0.00952699 0.999954 -0.00141369 -1.91128 0.0321045 0.0017189 0.999483 86.2553
0.999432 0.00833664 -0.0326596 -2.74998 -0.00834273 0.999965 -5.01922e-05 -1.93278 0.0326581 0.000322634 0.999467 87.276
0.999414 0.00857199 -0.0331345 -2.793 -0.00848427 0.99996 0.00278712 -1.9563 0.0331571 -0.00250436 0.999447 88.2764
0.999391 0.00761581 -0.034051 -2.83356 -0.00749564 0.999965 0.00365535 -1.97826 0.0340776 -0.00339789 0.999413 89.2614
0.999319 0.00672992 -0.036293 -2.87201 -0.00659103 0.99997 0.00394533 -1.99807 0.0363185 -0.00370343 0.999333 90.2312
0.999199 0.005876 -0.0395935 -2.91271 -0.00575676 0.999979 0.00312508 -2.01804 0.0396111 -0.00289464 0.999211 91.1491
0.999067 0.00573593 -0.0428113 -2.96073 -0.00564248 0.999981 0.00230334 -2.03804 0.0428237 -0.00205963 0.999081 92.051
0.998929 0.0054947 -0.0459346 -3.00896 -0.00538176 0.999982 0.00258214 -2.05668 0.045948 -0.00233216 0.998941 92.9357
0.998768 0.00663347 -0.0491817 -3.06018 -0.00646043 0.999972 0.00367648 -2.07531 0.0492047 -0.00335421 0.998783 93.7807
0.998611 0.00751004 -0.0521503 -3.11128 -0.00727285 0.999962 0.00473659 -2.09301 0.0521839 -0.00435073 0.998628 94.5939
0.998448 0.00853704 -0.0550371 -3.1681 -0.0082024 0.999946 0.00630344 -2.10883 0.0550879 -0.00584222 0.998464 95.4241
0.998281 0.010112 -0.0577256 -3.22245 -0.00971816 0.999928 0.00710006 -2.12402 0.0577933 -0.00652687 0.998307 96.2406
0.997919 0.0139433 -0.0629552 -3.33125 -0.0135591 0.999887 0.00652651 -2.15705 0.063039 -0.00565932 0.997995 97.7291
0.997521 0.0176796 -0.068118 -3.44351 -0.0177747 0.999842 -0.00078984 -2.19034 0.0680933 0.00199866 0.997677 99.1209
0.997258 0.0213845 -0.0708441 -3.55176 -0.021748 0.999754 -0.00436318 -2.2213 0.0707334 0.00589193 0.997478 100.4
0.997373 0.0275422 -0.0669941 -3.64989 -0.0277576 0.999612 -0.00228643 -2.25593 0.0669052 0.00414002 0.997751 101.578
0.998067 0.030995 -0.053867 -3.71748 -0.0309827 0.999519 0.00106384 -2.28538 0.0538741 0.000607163 0.998548 102.668
0.999012 0.0305511 -0.0322842 -3.74717 -0.0304153 0.999526 0.00469093 -2.30918 0.0324122 -0.00370436 0.999468 103.657
0.999556 0.0295231 -0.00391017 -3.74269 -0.0295079 0.999557 0.00389444 -2.33341 0.00402341 -0.00377733 0.999985 104.55
0.999002 0.0276481 0.0350764 -3.69296 -0.0275286 0.999613 -0.00388432 -2.35804 -0.0351702 0.00291484 0.999377 105.378
0.995987 0.0233464 0.0864036 -3.59495 -0.0224263 0.999681 -0.011604 -2.38031 -0.086647 0.00961971 0.996193 106.168
0.988735 0.0183722 0.148547 -3.44138 -0.0163252 0.999754 -0.0149873 -2.40577 -0.148786 0.0123934 0.988792 106.923
0.974882 0.0125718 0.222369 -3.22923 -0.00897087 0.999812 -0.0171963 -2.43567 -0.222543 0.0147696 0.974811 107.652
0.952529 0.0112604 0.30424 -2.96451 -0.0056439 0.999797 -0.019334 -2.46767 -0.304396 0.0166991 0.952399 108.328
0.919274 0.013244 0.393395 -2.65061 -0.00630701 0.999801 -0.0189213 -2.49425 -0.393568 0.0149127 0.919175 108.945
0.875367 0.0112499 0.483328 -2.27237 -0.00266091 0.999826 -0.0184526 -2.52129 -0.483451 0.0148667 0.875245 109.523
0.821964 0.0138233 0.569372 -1.83886 -0.00012843 0.99971 -0.0240857 -2.55645 -0.56954 0.0197244 0.821727 110.085
0.756567 0.0247869 0.653446 -1.34962 -0.00461033 0.999459 -0.0325741 -2.58632 -0.6539 0.0216319 0.756272 110.601
0.678888 0.0299354 0.733631 -0.769893 -0.00430029 0.999314 -0.036797 -2.6118 -0.734229 0.0218262 0.678551 111.04
0.638114 0.0273881 0.769455 -0.446361 -0.000214873 0.999373 -0.0353936 -2.62716 -0.769942 0.0224198 0.63772 111.23
0.594304 0.025255 0.803844 -0.115836 0.00144253 0.999472 -0.0324677 -2.63987 -0.804239 0.0204552 0.593954 111.404
0.548005 0.0238385 0.836135 0.223415 0.00190223 0.999556 -0.0297444 -2.65603 -0.836473 0.0178906 0.547716 111.561
0.448934 0.0173062 0.893397 0.944354 0.00542052 0.999741 -0.0220901 -2.69683 -0.893549 0.0147597 0.448724 111.845
0.346003 0.0223876 0.937966 1.71527 -0.000960101 0.999723 -0.0235075 -2.73431 -0.938233 0.00723312 0.345929 112.056
0.24829 0.0296365 0.968232 2.5464 0.000703251 0.999526 -0.0307747 -2.7631 -0.968685 0.00832196 0.248152 112.217
0.171213 0.0291144 0.984804 3.43703 0.0162497 0.999344 -0.0323694 -2.79774 -0.9851 0.0215448 0.170627 112.325
0.112113 0.02897 0.993273 4.37994 0.018483 0.999341 -0.0312332 -2.83225 -0.993524 0.0218603 0.111503 112.409
0.0620013 0.0213943 0.997847 5.4221 0.00720728 0.999735 -0.0218826 -2.87013 -0.99805 0.00854851 0.0618306 112.481
0.0192388 0.0196732 0.999621 6.54743 0.0197307 0.999604 -0.0200526 -2.91123 -0.99962 0.020109 0.018843 112.484
-0.0121469 0.0274952 0.999548 7.73544 0.0254312 0.999307 -0.0271795 -2.94375 -0.999603 0.0250896 -0.0128377 112.465
-0.0295933 0.0317811 0.999057 9.02896 0.0246723 0.999213 -0.0310552 -2.98422 -0.999257 0.02373 -0.0303541 112.443
-0.0317682 0.0269492 0.999132 10.399 0.0327716 0.999127 -0.0259071 -3.03442 -0.998958 0.0319201 -0.0326237 112.394
-0.0285921 0.0268699 0.99923 11.8263 0.0278478 0.999272 -0.0260742 -3.08888 -0.999203 0.0270809 -0.0293196 112.37
-0.0265116 0.028875 0.999231 13.3252 0.0265 0.999252 -0.0281725 -3.14294 -0.999297 0.0257327 -0.027257 112.336
-0.025017 0.0270008 0.999322 14.9342 0.0249075 0.999342 -0.0263778 -3.20519 -0.999377 0.0242307 -0.0256731 112.309
-0.0254994 0.0235799 0.999397 16.5476 0.0262988 0.999392 -0.0229088 -3.26549 -0.999329 0.0256988 -0.026104 112.274
-0.0276276 0.0207515 0.999403 18.1963 0.0229688 0.999534 -0.0201193 -3.32647 -0.999354 0.0223992 -0.0280914 112.234
-0.0300835 0.0166629 0.999408 19.8705 0.0267497 0.999516 -0.0158595 -3.3799 -0.999189 0.0262568 -0.0305147 112.186
-0.0326367 0.0204638 0.999258 21.6073 0.0211282 0.999581 -0.0197803 -3.43918 -0.999244 0.020467 -0.0330554 112.15
-0.03467 0.0266789 0.999043 23.3241 0.0226281 0.999408 -0.0259034 -3.49992 -0.999143 0.0217084 -0.0352532 112.095
-0.0372505 0.0202979 0.9991 24.9996 0.016342 0.999672 -0.0197002 -3.56414 -0.999172 0.0155935 -0.03757 112.046
-0.0378924 0.00935197 0.999238 26.6749 0.0115258 0.999894 -0.00892104 -3.61717 -0.999215 0.011179 -0.0379961 111.99
-0.0368938 0.0147365 0.999211 28.4077 0.0117591 0.999828 -0.0143114 -3.68118 -0.99925 0.0112218 -0.0370607 111.936
-0.0353791 0.0311872 0.998887 29.9785 0.0160544 0.999402 -0.0306346 -3.73122 -0.999245 0.0149527 -0.0358586 111.884
-0.0339571 0.0257273 0.999092 30.7561 0.0178024 0.999526 -0.0251334 -3.76289 -0.999265 0.0169327 -0.034399 111.853
-0.0330625 0.0180735 0.99929 31.6019 0.0208573 0.999631 -0.0173896 -3.79704 -0.999236 0.0202676 -0.0334272 111.824
-0.0328271 0.0151031 0.999347 32.4157 0.0220173 0.999654 -0.0143845 -3.82698 -0.999219 0.0215308 -0.0331483 111.803
-0.0330913 0.015753 0.999328 33.1999 0.0209538 0.999667 -0.0150645 -3.85395 -0.999233 0.0204412 -0.0334104 111.782
-0.0340518 0.0165809 0.999283 34.0504 0.0179552 0.999711 -0.0159762 -3.88472 -0.999259 0.0173983 -0.0343397 111.762
-0.0361473 0.0168238 0.999205 34.8804 0.0158913 0.999742 -0.016258 -3.91364 -0.99922 0.015291 -0.0364053 111.738
-0.0381454 0.0167569 0.999132 35.7116 0.0155499 0.999748 -0.0161736 -3.94505 -0.999151 0.0149194 -0.0383963 111.715
-0.0403335 0.0169366 0.999043 36.4567 0.0143926 0.999762 -0.0163678 -3.97367 -0.999083 0.0137186 -0.0405677 111.685
-0.0424519 0.0173002 0.998949 37.2369 0.0126617 0.999779 -0.0167765 -4.00046 -0.999018 0.0119362 -0.0426616 111.658
-0.0447419 0.016322 0.998865 38.0265 0.0108653 0.999815 -0.0158509 -4.02871 -0.998939 0.0101438 -0.044911 111.629
-0.0466935 0.0152308 0.998793 38.8786 0.0115605 0.999825 -0.0147061 -4.06129 -0.998842 0.0108599 -0.0468614 111.598
-0.0507555 0.0163105 0.998578 40.4776 0.0110643 0.999814 -0.0157684 -4.11801 -0.99865 0.0102482 -0.0509265 111.532
-0.0517551 0.0164269 0.998525 41.2557 0.0115047 0.999808 -0.0158517 -4.14413 -0.998594 0.0106673 -0.0519341 111.494
-0.0528068 0.0152591 0.998488 42.016 0.013587 0.999802 -0.0145606 -4.17128 -0.998512 0.0127976 -0.0530036 111.453
-0.055945 0.0141831 0.998333 43.5663 0.0125782 0.99983 -0.0134995 -4.22642 -0.998355 0.011802 -0.0561139 111.38
-0.0580253 0.0120686 0.998242 45.0017 0.00993882 0.999884 -0.0115107 -4.27336 -0.998266 0.00925343 -0.0581386 111.309
-0.0589975 0.0117167 0.998189 45.7395 0.01002 0.999888 -0.0111444 -4.29985 -0.998208 0.0093444 -0.0591083 111.27
-0.0593304 0.0141798 0.998138 46.4368 0.010128 0.999856 -0.0136022 -4.32558 -0.998187 0.00930209 -0.0594655 111.235
-0.0591965 0.0168787 0.998104 47.1394 0.0100244 0.999817 -0.0163131 -4.35211 -0.998196 0.00903975 -0.0593549 111.198
-0.0594146 0.0185195 0.998062 47.8803 0.00811801 0.999804 -0.0180686 -4.37871 -0.9982 0.00702874 -0.0595533 111.163
-0.0595247 0.0194792 0.998037 48.6168 0.00890394 0.99978 -0.0189821 -4.4059 -0.998187 0.00775656 -0.059685 111.126
-0.0595346 0.019374 0.998038 49.3175 0.0104446 0.999769 -0.0187846 -4.43249 -0.998172 0.00930579 -0.0597232 111.088
-0.0598708 0.0189192 0.998027 50.0045 0.0112375 0.99977 -0.0182782 -4.45746 -0.998143 0.010121 -0.0600696 111.051
-0.0602487 0.0188941 0.998005 50.6946 0.00738723 0.999802 -0.0184822 -4.48311 -0.998156 0.00625896 -0.0603763 111.02
-0.0599633 0.0178436 0.998041 52.0451 0.00701139 0.999823 -0.0174542 -4.53424 -0.998176 0.00595105 -0.0600778 110.948
-0.0648135 0.0166667 0.997758 53.4225 0.00411849 0.999856 -0.0164342 -4.58386 -0.997889 0.0030441 -0.0648729 110.876
-0.0758845 0.0200929 0.996914 54.7753 0.00400368 0.999795 -0.0198462 -4.63499 -0.997109 0.0024853 -0.0759494 110.787
-0.0897513 0.024622 0.99566 56.135 0.00553843 0.999691 -0.0242224 -4.68359 -0.995949 0.0033404 -0.08986 110.673
-0.101351 0.022417 0.994598 57.4796 0.00134406 0.999748 -0.0223962 -4.73937 -0.99485 -0.000933081 -0.101356 110.55
-0.109907 0.0223001 0.993692 58.8791 -0.00295434 0.999737 -0.0227625 -4.78994 -0.993937 -0.00543746 -0.109812 110.413
-0.114248 0.0162197 0.99332 60.3358 -0.000335426 0.999866 -0.0163652 -4.83945 -0.993452 -0.00220287 -0.114227 110.255
-0.117362 0.0130924 0.993003 61.7494 -0.00177189 0.999909 -0.0133929 -4.88401 -0.993088 -0.0033313 -0.117328 110.099
-0.118038 0.0209716 0.992788 63.1788 0.00591538 0.999774 -0.0204159 -4.92806 -0.992991 0.00346286 -0.118136 109.925
-0.119271 0.0269585 0.992496 64.6839 0.0138154 0.99958 -0.0254906 -4.9837 -0.992766 0.0106714 -0.119593 109.743
-0.11976 0.019805 0.992605 66.2151 0.0122047 0.999755 -0.0184751 -5.04283 -0.992728 0.0099019 -0.119973 109.573
-0.119867 0.0178237 0.99263 67.0002 0.0143751 0.999765 -0.016216 -5.07192 -0.992686 0.0123254 -0.120096 109.478
-0.120788 0.0174333 0.992525 67.7584 0.0144282 0.999771 -0.0158047 -5.09886 -0.992573 0.0124113 -0.121012 109.388
-0.122559 0.0182891 0.992293 68.4881 0.0131338 0.999773 -0.0168048 -5.12528 -0.992374 0.010973 -0.122772 109.303
-0.124672 0.0189171 0.992018 69.2082 0.0125707 0.999768 -0.017485 -5.15152 -0.992118 0.0102905 -0.124881 109.216
-0.126875 0.0191024 0.991735 69.9505 0.0136863 0.999753 -0.0175059 -5.17766 -0.991824 0.0113522 -0.127105 109.126
-0.128614 0.0192361 0.991508 70.7117 0.0141807 0.999745 -0.0175564 -5.20566 -0.991593 0.0118023 -0.128854 109.031
-0.132407 0.019188 0.99101 72.2053 0.0114147 0.999776 -0.0178326 -5.25409 -0.99113 0.0089509 -0.132597 108.845
-0.134254 0.021084 0.990723 73.7344 0.010656 0.999747 -0.019832 -5.30589 -0.99089 0.00789458 -0.134445 108.652
-0.136592 0.0196528 0.990432 75.2722 0.0107883 0.999773 -0.0183504 -5.3605 -0.990569 0.00817856 -0.136773 108.448
-0.139655 0.0153438 0.990081 76.8203 0.00529388 0.999877 -0.0147489 -5.40681 -0.990186 0.00318161 -0.139719 108.245
-0.143529 0.0153861 0.989527 78.4052 0.00771013 0.999866 -0.0144286 -5.45764 -0.989616 0.00555847 -0.143628 108.02
-0.147181 0.0201677 0.988904 80.0145 0.00883707 0.999779 -0.0190743 -5.51108 -0.98907 0.00593164 -0.147327 107.789
-0.148779 0.0280197 0.988473 81.6274 0.0116458 0.999579 -0.0265817 -5.57002 -0.988802 0.0075568 -0.149042 107.549
-0.148006 0.0285338 0.988575 83.2469 0.0174291 0.999504 -0.0262398 -5.63648 -0.988833 0.0133464 -0.14843 107.301
-0.147145 0.0250936 0.988797 84.9085 0.0172149 0.999592 -0.0228058 -5.7004 -0.988965 0.0136663 -0.147517 107.06
-0.143743 0.0193147 0.989427 86.5988 0.0165258 0.999717 -0.0171148 -5.76167 -0.989477 0.013891 -0.144022 106.821
-0.140397 0.0156067 0.989972 88.3006 0.0151923 0.999792 -0.0136069 -5.82152 -0.989979 0.0131295 -0.140605 106.589
-0.138839 0.019796 0.990117 89.1717 0.0163656 0.99971 -0.017693 -5.85328 -0.99018 0.0137474 -0.139123 106.473
-0.136916 0.026098 0.990239 90.0282 0.0169806 0.999568 -0.023996 -5.88342 -0.990437 0.0135294 -0.1373 106.358
-0.135421 0.029652 0.990344 90.8588 0.0149079 0.9995 -0.0278876 -5.91313 -0.990676 0.0109874 -0.135795 106.25
-0.133974 0.0269918 0.990617 91.7084 0.0133445 0.999587 -0.0254314 -5.94814 -0.990895 0.00981216 -0.134279 106.143
-0.132417 0.0228268 0.990931 93.422 0.0148381 0.999668 -0.0210453 -6.0159 -0.991083 0.0119168 -0.132712 105.924
-0.131437 0.0225913 0.991067 94.3207 0.0147863 0.999674 -0.0208265 -6.05077 -0.991214 0.0119168 -0.131729 105.81
-0.130845 0.022662 0.991144 95.2384 0.0141595 0.999679 -0.0209879 -6.08787 -0.991302 0.011288 -0.131124 105.694
-0.129114 0.0200669 0.991427 96.9863 0.0190386 0.999661 -0.0177542 -6.15433 -0.991447 0.0165831 -0.129452 105.468
-0.127858 0.023477 0.991515 98.7061 0.0215388 0.99955 -0.0208898 -6.21988 -0.991559 0.0186851 -0.128306 105.253
-0.126471 0.0206263 0.991756 100.413 0.0138051 0.999724 -0.0190316 -6.2842 -0.991874 0.0112844 -0.126721 105.052
-0.127999 0.0188163 0.991596 102.075 0.00595541 0.999817 -0.0182035 -6.35434 -0.991756 0.00357532 -0.128088 104.86
-0.130067 0.0259005 0.991167 103.751 0.00228295 0.999664 -0.025823 -6.42086 -0.991503 -0.00109592 -0.130082 104.655
-0.131028 0.0256739 0.991046 105.419 0.0042982 0.99967 -0.025329 -6.4987 -0.991369 0.000940912 -0.131095 104.437
-0.132157 0.0293938 0.990793 107.1 0.00672751 0.999564 -0.0287567 -6.57966 -0.991206 0.00286519 -0.132297 104.222
-0.134163 0.0310091 0.990474 108.726 0.00434821 0.999519 -0.0307033 -6.65832 -0.99095 0.000187543 -0.134233 104.017
-0.139505 0.0308262 0.989741 110.319 0.00243121 0.999523 -0.0307882 -6.74037 -0.990218 -0.00188883 -0.139513 103.809
-0.146155 0.0348033 0.988649 111.894 0.000585716 0.999384 -0.0350946 -6.82006 -0.989262 -0.00455019 -0.146085 103.591
-0.152242 0.0335796 0.987773 113.434 0.00235207 0.999432 -0.0336135 -6.90322 -0.98834 -0.00279407 -0.152235 103.364
-0.154592 0.0344437 0.987378 114.199 0.00407938 0.999406 -0.0342245 -6.94505 -0.98797 -0.00126293 -0.15464 103.246
-0.15641 0.0385944 0.986938 114.96 -0.000483451 0.999233 -0.0391518 -6.99033 -0.987692 -0.00660088 -0.156272 103.136
-0.15834 0.0452852 0.986346 115.7 -0.00306029 0.99892 -0.0463538 -7.0375 -0.98738 -0.0103582 -0.158031 103.026
-0.160936 0.0481306 0.985791 116.488 0.00101305 0.998818 -0.0486013 -7.08196 -0.986964 -0.00682304 -0.160795 102.895
-0.163749 0.0465282 0.985404 117.28 0.00307659 0.998906 -0.0466545 -7.12657 -0.986497 -0.00460794 -0.163713 102.763
-0.167222 0.0386961 0.98516 118.058 0.00139391 0.999238 -0.0390125 -7.17749 -0.985918 -0.00515053 -0.167149 102.639
-0.169627 0.0363947 0.984836 118.851 0.000250221 0.999319 -0.0368869 -7.22727 -0.985508 -0.0060106 -0.169521 102.512
-0.171314 0.0392216 0.984435 119.604 -4.69983e-05 0.999207 -0.0398183 -7.27052 -0.985216 -0.00686772 -0.171177 102.383
-0.173959 0.0425944 0.983831 120.345 -0.00254502 0.999041 -0.0437029 -7.31353 -0.98475 -0.0101064 -0.173683 102.258
-0.176344 0.044917 0.983303 121.069 -0.00333131 0.998925 -0.0462281 -7.36101 -0.984323 -0.0114278 -0.176005 102.132
-0.178032 0.0491127 0.982798 121.808 0.000513199 0.998758 -0.0498173 -7.41355 -0.984025 -0.00836468 -0.177836 101.994
-0.180237 0.0535892 0.982162 122.57 0.000693479 0.998521 -0.0543545 -7.46404 -0.983623 -0.00911557 -0.180007 101.859
-0.183157 0.0559201 0.981492 123.325 2.88053e-05 0.998381 -0.0568769 -7.51182 -0.983084 -0.0103891 -0.182862 101.729
-0.189301 0.0500073 0.980645 124.809 0.00488599 0.998738 -0.0499867 -7.61721 -0.981907 -0.00467112 -0.189306 101.447
-0.20127 0.0472055 0.978398 126.272 0.00604389 0.998879 -0.0469504 -7.71496 -0.979517 -0.00353639 -0.20133 101.156
-0.220309 0.0476788 0.974264 127.718 0.00446489 0.998843 -0.047872 -7.81092 -0.97542 -0.00619665 -0.220267 100.847
-0.244563 0.0491151 0.968389 129.132 0.00563337 0.998771 -0.0492334 -7.90629 -0.969617 -0.00658539 -0.24454 100.501
-0.256383 0.0491398 0.965325 129.838 0.00845574 0.998783 -0.0485972 -7.955 -0.966538 -0.00429694 -0.256486 100.311
-0.267096 0.0493825 0.962404 130.558 0.0116689 0.998779 -0.0480104 -8.00402 -0.963599 -0.0015932 -0.267346 100.108
-0.277681 0.049393 0.959403 131.268 0.0154218 0.998778 -0.0469566 -8.05243 -0.960549 0.0017568 -0.278104 99.9019
-0.286261 0.0503061 0.95683 131.962 0.0214318 0.998707 -0.0460959 -8.09786 -0.957912 0.00731115 -0.286969 99.6845
-0.293842 0.0501901 0.954535 132.641 0.0261197 0.998669 -0.04447 -8.14295 -0.955497 0.011865 -0.294762 99.4655
-0.305029 0.0484013 0.951112 133.998 0.0298213 0.998703 -0.0412593 -8.22924 -0.951876 0.0157781 -0.306076 99.0323
-0.307932 0.0446872 0.950358 135.352 0.0421104 0.998558 -0.0333091 -8.30953 -0.950476 0.029763 -0.30937 98.5762
-0.308733 0.0434419 0.950156 136.006 0.0444691 0.998523 -0.0312041 -8.34778 -0.950109 0.0326189 -0.310209 98.362
-0.307097 0.0520669 0.950253 137.304 0.0467372 0.998123 -0.0395856 -8.41963 -0.95053 0.0322555 -0.308954 97.9414
-0.306342 0.0519666 0.950502 137.95 0.0486548 0.998058 -0.0388854 -8.45565 -0.950677 0.0343343 -0.308276 97.7325
-0.302549 0.0477009 0.951939 139.249 0.0516291 0.998101 -0.033605 -8.53327 -0.951734 0.0389806 -0.304437 97.3147
-0.298567 0.0505577 0.953049 140.537 0.0534614 0.997914 -0.0361895 -8.60778 -0.95289 0.0401463 -0.300647 96.9117
-0.294279 0.0521433 0.954296 141.167 0.0550509 0.997777 -0.037543 -8.64421 -0.954133 0.0414867 -0.296495 96.7171
-0.289043 0.0511619 0.955948 141.8 0.0559992 0.997765 -0.0364678 -8.68112 -0.955677 0.0429916 -0.291262 96.5276
-0.283733 0.0494886 0.957625 142.437 0.0572832 0.997759 -0.0345903 -8.71917 -0.957191 0.0450414 -0.285932 96.3427
-0.279087 0.0475433 0.959088 143.072 0.0570538 0.99783 -0.0328616 -8.75598 -0.958569 0.0455483 -0.281194 96.1621
-0.275093 0.0466646 0.960285 143.69 0.056999 0.997856 -0.0321619 -8.79196 -0.959727 0.0458878 -0.277163 95.9895
-0.271056 0.0453525 0.961494 144.302 0.0579005 0.997849 -0.0307445 -8.82371 -0.96082 0.0473375 -0.273099 95.8193
-0.267256 0.0438414 0.962628 144.917 0.061158 0.997722 -0.0284604 -8.8538 -0.961683 0.0512662 -0.269328 95.6468
-0.263325 0.0423319 0.963778 145.525 0.0633907 0.997637 -0.0264994 -8.8826 -0.962622 0.0541166 -0.265387 95.4771
-0.260161 0.0408684 0.9647 146.121 0.0617035 0.997765 -0.025629 -8.91573 -0.963592 0.0528578 -0.262101 95.3214
-0.251827 0.0450717 0.966722 147.308 0.0598928 0.997726 -0.0309154 -8.97779 -0.965917 0.0501144 -0.253954 95.0191
-0.246198 0.0483497 0.968013 147.883 0.0615895 0.997517 -0.0341591 -9.00526 -0.967261 0.0512096 -0.248564 94.8718
-0.23133 0.0475596 0.971712 149.036 0.0573842 0.997732 -0.035172 -9.06573 -0.971181 0.0476246 -0.233535 94.6103
-0.20812 0.0442229 0.977103 150.185 0.0573983 0.997808 -0.0329343 -9.12827 -0.976418 0.0492298 -0.210202 94.3667
-0.179413 0.0422701 0.982865 151.318 0.0563621 0.997877 -0.0326273 -9.19138 -0.982158 0.0495425 -0.181415 94.1666
-0.139966 0.0404893 0.989328 152.436 0.0537746 0.998 -0.0332364 -9.2497 -0.988695 0.0485488 -0.141863 94.0193
-0.117906 0.0400095 0.992218 153.009 0.0498187 0.998168 -0.0343294 -9.28133 -0.991774 0.0453834 -0.119684 93.9664
-0.0955468 0.0411094 0.994576 153.572 0.044237 0.998335 -0.0370151 -9.314 -0.994442 0.0404604 -0.0972062 93.9302
-0.0746812 0.0421849 0.996315 154.118 0.0381514 0.998494 -0.0394174 -9.34644 -0.996477 0.035067 -0.0761782 93.9123
-0.0562186 0.0426239 0.997508 154.66 0.0314843 0.998667 -0.040899 -9.37772 -0.997922 0.0291066 -0.0574857 93.9066
-0.0320303 0.0400834 0.998683 155.759 0.0158388 0.99909 -0.0395917 -9.43992 -0.999361 0.0145498 -0.0326361 93.9153
-0.0297846 0.0374374 0.998855 156.305 0.00761535 0.999278 -0.0372261 -9.47314 -0.999527 0.00649787 -0.0300482 93.9193
-0.0362368 0.0339423 0.998767 156.858 0.000747939 0.999424 -0.0339375 -9.50433 -0.999343 -0.00048277 -0.0362413 93.9122
-0.0487463 0.0307125 0.998339 157.421 -0.00183241 0.999523 -0.0308384 -9.53375 -0.99881 -0.00333263 -0.0486668 93.8879
-0.0618986 0.0288491 0.997665 157.982 -0.00176584 0.999577 -0.029014 -9.56286 -0.998081 -0.00355764 -0.0618215 93.8502
-0.0743204 0.0275086 0.996855 158.536 0.00104228 0.999621 -0.0275072 -9.59137 -0.997234 -0.00100535 -0.0743209 93.8026
-0.100387 0.026248 0.994602 159.608 -0.000663954 0.99965 -0.0264483 -9.64467 -0.994948 -0.00331542 -0.100334 93.6977
-0.116855 0.0246704 0.992842 160.135 -0.00483298 0.999665 -0.0254087 -9.66755 -0.993137 -0.00776754 -0.116697 93.6385
-0.133815 0.0242847 0.990709 160.658 -0.00360296 0.999681 -0.0249913 -9.69001 -0.991 -0.0069137 -0.133685 93.5634
-0.149121 0.0232428 0.988546 161.177 -0.00160868 0.999717 -0.0237481 -9.71385 -0.988818 -0.00513161 -0.149042 93.4764
-0.163247 0.021728 0.986346 161.696 0.000168302 0.999758 -0.0219956 -9.73725 -0.986585 -0.00342471 -0.163211 93.382
-0.17723 0.0200444 0.983965 162.207 0.000110876 0.999793 -0.0203468 -9.75969 -0.98417 -0.00349696 -0.177195 93.2838
-0.203157 0.0183544 0.978974 163.211 -0.00156805 0.999817 -0.0190706 -9.80185 -0.979145 -0.0054094 -0.203091 93.0769
-0.223799 0.0228705 0.974367 164.189 0.0074597 0.999736 -0.0217526 -9.8441 -0.974607 0.00240027 -0.22391 92.8386
-0.230807 0.0232883 0.972721 164.676 0.00719521 0.999727 -0.0222276 -9.86605 -0.972973 0.00186865 -0.230912 92.7193
-0.238692 0.0218624 0.970849 165.632 0.00746989 0.999758 -0.0206768 -9.90519 -0.971067 0.00231675 -0.238797 92.4853
-0.24106 0.0204465 0.970295 166.578 0.010612 0.999774 -0.0184312 -9.94612 -0.970452 0.00585377 -0.241222 92.2502
-0.24547 0.0215628 0.969164 167.52 0.0113359 0.999748 -0.0193721 -9.98504 -0.969338 0.00623107 -0.245652 92.0176
-0.257432 0.0248792 0.965976 168.955 0.00946005 0.999685 -0.0232263 -10.0343 -0.96625 0.00315899 -0.257587 91.6453
-0.267987 0.0245937 0.963108 169.95 0.0122332 0.99968 -0.0221237 -10.0759 -0.963345 0.00585308 -0.268202 91.3653
-0.279051 0.0267687 0.959903 170.968 0.0140911 0.999618 -0.0237799 -10.1154 -0.960173 0.00689029 -0.279321 91.0652
-0.289969 0.0298065 0.956572 172.018 0.0153956 0.999531 -0.0264782 -10.154 -0.956912 0.00704914 -0.290292 90.7497
-0.29946 0.0316195 0.953585 173.104 0.0233517 0.999394 -0.0258052 -10.2009 -0.953823 0.0145402 -0.300017 90.3981
-0.307316 0.028334 0.951186 174.221 0.0218333 0.999503 -0.0227192 -10.2463 -0.951357 0.0137856 -0.307782 90.0466
-0.314442 0.0217926 0.949026 175.88 0.028197 0.99951 -0.0136093 -10.3105 -0.948858 0.0224803 -0.314903 89.4901
-0.314888 0.0231034 0.948848 177.534 0.028238 0.999489 -0.0149653 -10.3655 -0.948709 0.0220812 -0.31538 88.9506
-0.311723 0.0236189 0.94988 178.625 0.0288411 0.999466 -0.0153871 -10.4063 -0.949735 0.0225991 -0.312237 88.5986
-0.303595 0.0265026 0.952433 180.265 0.0317184 0.99934 -0.0176974 -10.4678 -0.952273 0.0248369 -0.304235 88.077
-0.292142 0.028967 0.955936 181.832 0.0327149 0.999259 -0.0202819 -10.5298 -0.955815 0.0253481 -0.292873 87.5936
-0.283266 0.0246074 0.958726 182.799 0.0320491 0.999355 -0.016181 -10.5663 -0.958506 0.0261427 -0.283872 87.3143
-0.261589 0.0159157 0.965048 184.142 0.0349463 0.999365 -0.00700898 -10.6195 -0.964546 0.0318914 -0.261979 86.945
-0.220379 0.0162742 0.975279 185.394 0.0315957 0.999455 -0.00953814 -10.6652 -0.974903 0.0287126 -0.220773 86.6655
-0.179477 0.0233687 0.983484 186.168 0.0330315 0.999297 -0.0177165 -10.6947 -0.983207 0.0293062 -0.180123 86.5363
-0.125098 0.020822 0.991926 186.925 0.0287691 0.999435 -0.0173514 -10.7225 -0.991727 0.0263662 -0.125626 86.4665
-0.0620675 0.017107 0.997925 187.702 0.0188496 0.999695 -0.0159649 -10.7475 -0.997894 0.0178196 -0.062371 86.4602
-0.000360738 0.0104833 0.999945 188.458 0.00847739 0.999909 -0.0104798 -10.7736 -0.999964 0.00847314 -0.000449576 86.5088
0.06228 0.0035175 0.998053 189.191 0.00605267 0.999974 -0.00390197 -10.7987 -0.99804 0.0062839 0.0622571 86.5984
0.128689 0.000817475 0.991685 189.912 0.00459366 0.999988 -0.00142043 -10.8185 -0.991674 0.00473826 0.128683 86.74
0.201337 0.00465848 0.979511 190.627 0.00410126 0.999976 -0.00559882 -10.8356 -0.979513 0.00514448 0.201313 86.9397
0.280807 0.00827439 0.959729 191.366 0.00345362 0.999948 -0.00963163 -10.8494 -0.959758 0.00601917 0.280764 87.2089
0.321049 0.012293 0.946983 191.72 -0.00307842 0.999924 -0.0119366 -10.8585 -0.947058 0.000917013 0.321062 87.3824
0.364171 0.018081 0.931157 192.072 -0.00900246 0.999833 -0.0158938 -10.8682 -0.931289 -0.00259465 0.364273 87.5747
0.408163 0.0215794 0.912654 192.423 -0.0114211 0.999763 -0.0185313 -10.879 -0.912838 -0.00285974 0.408313 87.7812
0.451343 0.0230554 0.892053 192.771 -0.00929102 0.999733 -0.0211376 -10.8916 -0.892302 0.00125222 0.451437 88.0041
0.494494 0.0239649 0.868851 193.119 -0.00578055 0.999688 -0.0242838 -10.9041 -0.869162 0.00698577 0.494478 88.2504
0.537715 0.0228238 0.842818 193.476 -0.00145741 0.999657 -0.0261412 -10.9172 -0.843126 0.0128282 0.537564 88.5224
0.578625 0.0220109 0.815297 193.826 -0.00301124 0.999687 -0.0248519 -10.9319 -0.815588 0.0119248 0.57851 88.8313
0.617838 0.0230694 0.785967 194.156 -0.00929759 0.999714 -0.0220345 -10.9469 -0.786251 0.00630613 0.617876 89.1741
0.692109 0.024416 0.72138 194.86 -0.0153409 0.9997 -0.0191177 -10.9806 -0.72163 0.00216488 0.692275 89.9396
0.725882 0.0236363 0.687413 195.19 -0.0144807 0.999713 -0.0190835 -10.9943 -0.687667 0.00389811 0.726016 90.3578
0.785041 0.0204913 0.619105 195.862 -0.0122244 0.999771 -0.0175898 -11.0262 -0.619323 0.00624054 0.785111 91.2911
0.831213 0.020189 0.555587 196.509 -0.0142403 0.999786 -0.0150253 -11.0586 -0.555771 0.00457751 0.831323 92.3519
0.86536 0.0182875 0.500817 197.153 -0.015197 0.999832 -0.0102504 -11.0844 -0.500921 0.00125932 0.865492 93.527
0.888769 0.0149512 0.458112 197.769 -0.0154349 0.999877 -0.00268778 -11.1111 -0.458096 -0.0046821 0.888891 94.7982
0.905586 0.00797409 0.424087 198.396 -0.00851875 0.999964 -0.000611518 -11.1306 -0.424077 -0.00305891 0.905621 96.1672
0.920433 0.00154642 0.390896 198.967 -0.00167259 0.999999 -1.7677e-05 -11.1445 -0.390896 -0.000637538 0.920435 97.5422
0.933507 0.00192655 0.358555 199.49 -0.00177748 0.999998 -0.000745369 -11.1623 -0.358556 5.84827e-05 0.933508 98.9616
0.94168 0.00523338 0.336468 199.98 -0.00593567 0.999982 0.00105869 -11.1782 -0.336456 -0.00299411 0.941694 100.476
0.943467 0.00968857 0.331324 200.481 -0.0114616 0.999929 0.00339771 -11.1974 -0.331267 -0.00700312 0.943511 102.054
0.943816 0.0056145 0.330423 201.044 -0.00712555 0.999969 0.00336204 -11.2139 -0.330393 -0.00552759 0.943827 103.71
0.943883 0.0032184 0.330264 201.362 -0.00395201 0.999991 0.00154986 -11.2241 -0.330256 -0.00276809 0.943887 104.593
0.943845 0.00262208 0.330377 201.944 -0.00304835 0.999995 0.000772154 -11.2431 -0.330373 -0.0017359 0.943849 106.28
0.943567 0.00188151 0.331176 202.243 -0.0028594 0.999993 0.00246556 -11.2551 -0.331169 -0.00327338 0.943566 107.136
0.943344 0.000135989 0.331818 202.552 -0.00199145 0.999984 0.00525179 -11.2649 -0.331812 -0.00561504 0.943329 108.008
0.943009 -0.00230528 0.332761 202.884 0.00015966 0.999979 0.00647515 -11.2769 -0.332768 -0.00605299 0.942989 108.931
0.942406 -0.00396217 0.334447 203.513 0.00220445 0.999982 0.00563502 -11.299 -0.334463 -0.0045732 0.942398 110.709
0.942272 -0.00852296 0.334741 204.148 0.00546523 0.999934 0.0100755 -11.3202 -0.334805 -0.00766437 0.942256 112.504
0.94214 -0.0117 0.335016 204.761 0.00823529 0.999897 0.0117605 -11.3395 -0.33512 -0.00832112 0.942139 114.257
0.942347 -0.0130581 0.334383 205.398 0.0104782 0.9999 0.00951815 -11.3568 -0.334474 -0.00546568 0.942389 116.064
0.942933 -0.0137807 0.332697 206.034 0.0119209 0.9999 0.00763053 -11.3768 -0.332769 -0.00322901 0.943003 117.886
0.943716 -0.0135072 0.330481 206.66 0.0112082 0.999898 0.00886109 -11.3979 -0.330567 -0.00465825 0.943771 119.706
0.944546 -0.0132256 0.328113 207.265 0.0107653 0.999899 0.0093138 -11.4202 -0.328203 -0.00526508 0.944593 121.489
0.945494 -0.0122622 0.325409 207.847 0.00997356 0.999912 0.00870039 -11.441 -0.325487 -0.00498069 0.945534 123.232
0.946495 -0.0153811 0.322351 208.415 0.0123858 0.999859 0.0113411 -11.4613 -0.32248 -0.00674171 0.946552 124.942
0.947635 -0.0166629 0.318921 209.011 0.0135763 0.999837 0.0118988 -11.4774 -0.319067 -0.00694592 0.947707 126.726
0.948897 -0.0181616 0.315064 209.578 0.015278 0.999816 0.0116199 -11.4943 -0.315217 -0.00621254 0.948999 128.445
0.949456 -0.0183719 0.313362 209.834 0.0156833 0.999815 0.0110988 -11.5039 -0.313508 -0.0056233 0.949569 129.241
0.95021 -0.0200507 0.310964 210.077 0.0169639 0.999776 0.0126284 -11.5106 -0.311148 -0.00672443 0.950338 130.01
0.950955 -0.0212288 0.308601 210.327 0.0169932 0.999721 0.0164069 -11.5167 -0.308863 -0.0103581 0.95105 130.805
0.951616 -0.0216071 0.306528 210.59 0.0164926 0.999678 0.0192658 -11.5235 -0.306846 -0.0132782 0.951667 131.631
0.953124 -0.020395 0.301893 211.083 0.01738 0.999769 0.0126699 -11.5357 -0.302082 -0.00682908 0.953258 133.208
0.954637 -0.0171826 0.297275 211.561 0.0154632 0.999847 0.00813474 -11.553 -0.29737 -0.00316892 0.954757 134.773
0.95646 -0.0186371 0.291268 211.996 0.0156482 0.999798 0.0125879 -11.5738 -0.291444 -0.00748198 0.956559 136.234
0.959067 -0.0195096 0.282506 212.395 0.0150501 0.999726 0.0179469 -11.5903 -0.282779 -0.0129606 0.959098 137.611
0.961025 -0.0169705 0.275941 212.778 0.0129779 0.999783 0.0162887 -11.6031 -0.276158 -0.0120727 0.961036 138.962
0.962351 -0.0127607 0.271512 213.116 0.00993018 0.999881 0.0117965 -11.6133 -0.27163 -0.00865622 0.962363 140.185
0.962913 -0.0103869 0.269611 213.412 0.00814118 0.999922 0.00944621 -11.6326 -0.269688 -0.00690093 0.962923 141.279
0.963392 -0.00979774 0.267917 213.676 0.00891178 0.99995 0.00452271 -11.6461 -0.267948 -0.00196953 0.963431 142.263
0.964119 -0.00804861 0.265347 213.917 0.00655289 0.999957 0.00652165 -11.6641 -0.265388 -0.00454886 0.964131 143.187
0.965994 -0.00988517 0.258377 214.155 0.00867485 0.999945 0.00582396 -11.6821 -0.25842 -0.00338452 0.966027 144.103
0.970361 -0.0148644 0.241202 214.375 0.0137648 0.999886 0.00624319 -11.6996 -0.241267 -0.00273805 0.970455 145.006
0.9777 -0.015321 0.209445 214.546 0.0147705 0.999882 0.0041923 -11.7149 -0.209484 -0.00100521 0.977811 145.893
0.986786 -0.0126893 0.161534 214.654 0.0122699 0.999918 0.00359377 -11.7291 -0.161566 -0.00156427 0.986861 146.767
0.995078 -0.0121588 0.0983459 214.704 0.0115466 0.99991 0.00679199 -11.7415 -0.0984197 -0.005623 0.995129 147.643
0.999691 -0.00812825 0.0235099 214.669 0.0078842 0.999914 0.010455 -11.7568 -0.0235929 -0.0102664 0.999669 148.479
