1 0 0 0 0 1 0 0 0 0 1 0
0.998445 0.00183738 -0.0557238 -0.0756851 -0.00206876 0.999989 -0.00409493 -0.00520673 0.0557157 0.00420384 0.998438 0.63217
0.991174 -0.00108852 -0.132564 -0.210689 0.000525252 0.999991 -0.00428394 -0.015029 0.132567 0.0041765 0.991165 1.25091
0.977848 0.00945431 -0.209101 -0.403844 -0.0114636 0.999899 -0.00839918 -0.0333298 0.209001 0.0106102 0.977858 1.77809
0.95359 0.0138812 -0.300787 -0.659493 -0.0167054 0.999837 -0.0068194 -0.0444367 0.300644 0.0115277 0.953667 2.33983
0.929735 0.0184174 -0.367769 -0.871048 -0.0218184 0.999749 -0.00509162 -0.0498158 0.367583 0.012758 0.929903 2.71362
0.899888 0.0219573 -0.435569 -1.11561 -0.0262172 0.999649 -0.00377189 -0.0531273 0.435333 0.0148137 0.900147 3.08082
0.86028 0.0123046 -0.509673 -1.38709 -0.0173576 0.999836 -0.0051599 -0.0564996 0.509526 0.0132857 0.860353 3.45324
0.806581 0.0203069 -0.590774 -1.7402 -0.0233973 0.999723 0.00241977 -0.0719638 0.59066 0.0118708 0.806833 3.80279
0.737883 0.0226213 -0.67455 -2.15229 -0.0259005 0.999651 0.00519149 -0.0785073 0.674432 0.0136404 0.738211 4.14197
0.654987 0.0146934 -0.755497 -2.62013 -0.0144577 0.999872 0.0069118 -0.078042 0.755502 0.00639565 0.655115 4.47748
0.561522 0.0148027 -0.82733 -3.17387 -0.00933582 0.99989 0.0115538 -0.072869 0.827409 0.00123611 0.561598 4.77665
0.457821 0.0168103 -0.888886 -3.81311 -0.00717755 0.999859 0.0152121 -0.061572 0.889016 -0.000584413 0.457877 5.02212
0.403514 0.0193455 -0.914769 -4.16451 -0.00592643 0.999811 0.0185298 -0.0592629 0.914954 -0.00205571 0.403553 5.12095
0.293568 0.0244442 -0.955625 -4.92866 -0.00264827 0.99969 0.0247578 -0.057084 0.955934 -0.00473735 0.293542 5.27514
0.189536 0.0266272 -0.981513 -5.77353 0.00497747 0.999593 0.0280789 -0.0539087 0.981861 -0.0102074 0.189327 5.38902
0.141743 0.0278805 -0.989511 -6.22181 0.0032304 0.999585 0.0286271 -0.0506223 0.989898 -0.0072542 0.141594 5.40692
0.0615148 0.0267117 -0.997749 -7.19425 0.000357719 0.999641 0.0267844 -0.0316077 0.998106 -0.00200455 0.0614832 5.4111
-0.00458706 0.0215083 -0.999758 -8.22945 0.00143973 0.999768 0.0215019 -0.0182187 0.999988 -0.00134075 -0.00461696 5.36874
-0.0521176 0.0173059 -0.998491 -9.29864 0.000453413 0.99985 0.0173058 -0.0040542 0.998641 0.000449206 -0.0521176 5.27762
-0.0819578 0.0172003 -0.996487 -10.4542 0.00121703 0.999852 0.0171583 0.016149 0.996635 0.000193497 -0.0819666 5.15832
-0.0984349 0.0198491 -0.994946 -11.6783 -0.00186301 0.999796 0.0201302 0.0143208 0.995142 0.0038351 -0.0983778 5.01558
-0.103676 0.0236793 -0.994329 -13.6097 0.00219458 0.99972 0.0235788 0.0437029 0.994609 0.000262412 -0.103698 4.80768
-0.100703 0.0262182 -0.994571 -14.9021 -0.00112789 0.999649 0.0264662 0.0571789 0.994916 0.00378698 -0.100638 4.65151
-0.0973245 0.0233124 -0.99498 -16.1715 -0.00415394 0.999707 0.0238295 0.0819211 0.995244 0.00645227 -0.0971992 4.51404
-0.0935702 0.0297602 -0.995168 -17.5481 -0.00511148 0.999526 0.0303711 0.110359 0.9956 0.00792861 -0.0933737 4.36337
-0.0898915 0.0313138 -0.995459 -19.006 -0.00714457 0.99946 0.0320848 0.13754 0.995926 0.00999628 -0.0896192 4.21334
-0.0864357 0.0276828 -0.995873 -20.4821 -0.0104995 0.999533 0.0286959 0.172696 0.996202 0.0129365 -0.0861047 4.06627
-0.0849704 0.0300338 -0.995931 -21.3108 -0.00782938 0.999495 0.0308093 0.188056 0.996353 0.0104154 -0.0846923 3.99624
-0.0837854 0.032305 -0.99596 -22.1677 -0.00574069 0.999442 0.0329009 0.201015 0.996467 0.0084741 -0.0835532 3.92748
-0.0820641 0.0294858 -0.996191 -23.7932 -0.00451748 0.999541 0.0299571 0.226315 0.996617 0.00695868 -0.0818932 3.78791
-0.0817725 0.0224746 -0.996398 -24.6129 -0.00299425 0.999736 0.0227956 0.237439 0.996647 0.00484751 -0.0816836 3.72041
-0.082279 0.0187681 -0.996433 -26.2315 0.00107099 0.999824 0.0187435 0.25755 0.996609 0.000475026 -0.0822846 3.58338
-0.0823415 0.0262414 -0.996259 -27.0387 0.000574902 0.999654 0.0262834 0.263495 0.996604 0.00159146 -0.0823281 3.50928
-0.0829712 0.0387337 -0.995799 -28.7483 -0.00274048 0.999232 0.0390955 0.28859 0.996548 0.00597277 -0.0828013 3.3518
-0.0833285 0.0389782 -0.99576 -29.6089 -0.00448326 0.99921 0.0394884 0.302545 0.996512 0.00775476 -0.0830879 3.27273
-0.0837679 0.0355573 -0.995851 -30.4762 -0.00447807 0.99934 0.0360586 0.31741 0.996475 0.00748003 -0.0835533 3.19739
-0.08402 0.0327472 -0.995926 -31.3537 -0.00465594 0.999436 0.0332554 0.334979 0.996453 0.00743109 -0.0838202 3.11911
-0.0841176 0.0340158 -0.995875 -32.2213 -0.00621935 0.99938 0.0346609 0.35047 0.996436 0.00910928 -0.0838538 3.03656
-0.0838245 0.0365668 -0.995809 -33.0543 -0.00724299 0.999278 0.0373039 0.361701 0.996454 0.0103396 -0.0834991 2.95447
-0.083728 0.0349516 -0.995875 -33.9104 -0.00801893 0.999329 0.035747 0.372753 0.996456 0.0109789 -0.0833915 2.87439
-0.0833914 0.0297713 -0.996072 -34.7521 -0.00888652 0.999492 0.0306175 0.384874 0.996477 0.0114048 -0.0830844 2.79706
-0.0830311 0.0256213 -0.996218 -35.5896 -0.0102421 0.999595 0.0265618 0.399176 0.996494 0.0124088 -0.082735 2.71663
-0.0824068 0.0264391 -0.996248 -36.4505 -0.00998588 0.999576 0.0273534 0.407446 0.996549 0.0122025 -0.0821078 2.63873
-0.0818264 0.0288471 -0.996229 -37.2835 -0.00894652 0.999519 0.0296772 0.417227 0.996606 0.0113412 -0.0815291 2.56892
-0.0808973 0.0393717 -0.995945 -38.9617 -0.00791687 0.999163 0.0401419 0.44656 0.996691 0.0111321 -0.0805178 2.42984
-0.080857 0.0424574 -0.995821 -40.6076 -0.00816725 0.999031 0.0432574 0.478946 0.996692 0.0116308 -0.0804318 2.28888
-0.0803108 0.0338127 -0.996196 -42.2146 -0.00904713 0.999359 0.0346494 0.512734 0.996729 0.0117954 -0.0799533 2.14779
-0.0801046 0.0310661 -0.996302 -43.0517 -0.0130174 0.999396 0.0322092 0.522997 0.996701 0.0155494 -0.0796518 2.07197
-0.0812295 0.0275781 -0.996314 -44.7116 -0.0141141 0.999485 0.0288166 0.544314 0.996595 0.0164028 -0.0807985 1.92044
-0.0831559 0.0225335 -0.996282 -46.3524 -0.00611761 0.999714 0.0231218 0.561698 0.996518 0.00801757 -0.0829942 1.78528
-0.0868381 0.0324053 -0.995695 -48.0131 -0.00328899 0.999456 0.0328145 0.575323 0.996217 0.00612438 -0.0866843 1.63958
-0.090045 0.034974 -0.995323 -49.633 -0.00137825 0.999378 0.0352411 0.598682 0.995937 0.00454509 -0.0899408 1.48874
-0.0911041 0.0310395 -0.995358 -50.3935 -0.00450983 0.999491 0.0315812 0.609355 0.995831 0.00736607 -0.0909177 1.4043
-0.0923881 0.0272374 -0.99535 -51.1838 -0.00917334 0.99956 0.0282041 0.619921 0.995681 0.0117364 -0.0920976 1.3242
-0.0938371 0.0257078 -0.995256 -51.97 -0.0130946 0.999548 0.0270533 0.629713 0.995501 0.015571 -0.0934581 1.24368
-0.0948741 0.0268341 -0.995128 -52.7691 -0.0145749 0.999492 0.0283413 0.6337 0.995383 0.0171927 -0.0944349 1.15933
-0.0958264 0.0282628 -0.994997 -53.5861 -0.0139951 0.99946 0.0297374 0.641555 0.9953 0.0167747 -0.0953791 1.07318
-0.0967032 0.0278077 -0.994925 -54.3836 -0.0159999 0.999437 0.029489 0.649873 0.995185 0.0187704 -0.0962039 0.98209
-0.0971072 0.0277047 -0.994888 -55.1709 -0.0169713 0.999421 0.0294874 0.657858 0.995129 0.019748 -0.0965808 0.895463
-0.0974499 0.0295436 -0.994802 -55.9544 -0.0152819 0.999397 0.0311771 0.667868 0.995123 0.0182407 -0.0969397 0.812422
-0.0976369 0.0324257 -0.994694 -56.736 -0.0146527 0.999314 0.0340146 0.679763 0.995114 0.0178961 -0.0970948 0.727969
-0.0983208 0.0387279 -0.994401 -58.2754 -0.0149834 0.999072 0.0403913 0.702933 0.995042 0.0188708 -0.0976492 0.562433
-0.099095 0.0386882 -0.994326 -59.0253 -0.0149783 0.999073 0.0403656 0.716979 0.994965 0.0188933 -0.0984236 0.485461
-0.0995087 0.0331822 -0.994483 -60.531 -0.0139469 0.999299 0.0347384 0.741433 0.994939 0.0173268 -0.0989762 0.325538
-0.0980669 0.0280296 -0.994785 -61.9811 -0.0148527 0.999451 0.0296253 0.762836 0.995069 0.0176805 -0.0975968 0.167629
-0.0916995 0.0282898 -0.995385 -63.3671 -0.0175037 0.999396 0.0300163 0.772629 0.995633 0.0201754 -0.0911489 0.0299565
-0.0784406 0.0313985 -0.996424 -64.6776 -0.015977 0.999336 0.032748 0.784366 0.996791 0.0184887 -0.0778869 -0.0806957
-0.0576449 0.0344147 -0.997744 -65.9454 -0.0193199 0.99918 0.0355804 0.797614 0.99815 0.0213273 -0.0569328 -0.167759
-0.0243549 0.0373062 -0.999007 -67.1519 -0.024127 0.99899 0.0378938 0.813187 0.999412 0.0250259 -0.0234303 -0.203941
0.0231667 0.0385919 -0.998986 -68.2502 -0.0247155 0.998971 0.0380182 0.824987 0.999426 0.0238097 0.0240967 -0.169171
0.0864446 0.0382574 -0.995522 -69.2481 -0.0221386 0.999089 0.0364721 0.835763 0.996011 0.0188866 0.0872129 -0.0587988
0.164857 0.0383518 -0.985572 -70.1689 -0.0214488 0.999147 0.0352923 0.846018 0.986084 0.0153211 0.165539 0.122832
0.258125 0.0380609 -0.965362 -71.0362 -0.0171345 0.999247 0.0348153 0.851182 0.96596 0.00755434 0.258582 0.394287
0.359452 0.0280749 -0.932741 -71.8257 -0.00410632 0.999585 0.0285044 0.852376 0.933154 -0.00641585 0.359419 0.768399
0.463367 0.0228356 -0.885872 -72.5827 0.000822501 0.999656 0.0261989 0.865339 0.886166 -0.0128684 0.463189 1.21341
0.556338 0.0173235 -0.830776 -73.2719 0.00975401 0.999578 0.0273753 0.877311 0.830899 -0.0233333 0.555934 1.74849
0.641718 0.00587014 -0.766918 -73.8821 0.0212847 0.999449 0.0254599 0.878536 0.766646 -0.0326617 0.641239 2.37187
0.72329 -0.00571832 -0.690521 -74.4206 0.0147998 0.999864 0.00722208 0.88446 0.690386 -0.0154432 0.723276 3.03517
0.76198 -0.00799641 -0.647551 -74.6234 0.00992925 0.99995 -0.000664228 0.882121 0.647524 -0.00592357 0.762022 3.40191
0.799124 -0.00908108 -0.601098 -74.865 0.00858609 0.999956 -0.00369214 0.880619 0.601105 -0.00221059 0.799167 3.8103
0.863924 -0.00900133 -0.503543 -75.3385 0.00577503 0.999952 -0.00796697 0.873975 0.50359 0.00397487 0.863934 4.70401
0.911614 -0.000887613 -0.411047 -75.7672 -0.00157569 0.999983 -0.00565391 0.853136 0.411045 0.00580186 0.911597 5.69989
0.942854 0.00873111 -0.333092 -76.1378 -0.0114955 0.999914 -0.00632931 0.838829 0.333009 0.00979669 0.942873 6.78625
0.960459 0.00837059 -0.278295 -76.4609 -0.00960371 0.999949 -0.00306799 0.818033 0.278255 0.00561934 0.960491 7.97515
0.970933 0.0110149 -0.239098 -76.7507 -0.0109634 0.999939 0.00154546 0.806701 0.239101 0.00112078 0.970994 9.22703
0.977458 0.0195974 -0.21022 -77.0466 -0.0191281 0.999808 0.00426577 0.793973 0.210263 -0.000148508 0.977645 10.563
0.982882 0.017832 -0.183373 -77.2976 -0.0174278 0.999841 0.00381592 0.783654 0.183412 -0.000554823 0.983036 11.9243
0.987846 0.0197764 -0.154171 -77.5144 -0.0192649 0.999803 0.00481088 0.775185 0.154236 -0.00178232 0.988032 13.3477
0.991271 0.0203025 -0.130271 -77.7079 -0.0209133 0.999776 -0.00332191 0.754186 0.130175 0.00601731 0.991473 14.8282
0.993474 0.0182239 -0.112595 -77.8914 -0.0194537 0.999762 -0.00983315 0.73674 0.112389 0.0119594 0.993592 16.3861
0.994182 0.0199155 -0.105852 -77.9687 -0.0204206 0.999785 -0.00368948 0.723331 0.105756 0.00582957 0.994375 17.1264
0.994631 0.0245349 -0.100537 -78.0496 -0.0242158 0.999697 0.00439299 0.708018 0.100614 -0.00193482 0.994924 17.8999
0.995327 0.0242424 -0.0934734 -78.2094 -0.0236696 0.999694 0.00723167 0.689877 0.0936201 -0.0049854 0.995596 19.4239
0.995922 0.0226157 -0.0873324 -78.3391 -0.0219547 0.999723 0.00852186 0.673995 0.0875009 -0.00656975 0.996143 20.9566
0.996484 0.0185766 -0.0816973 -78.4607 -0.0175945 0.999764 0.0127243 0.655418 0.0819144 -0.0112421 0.996576 22.4942
0.996709 0.0178911 -0.0790663 -78.5295 -0.0172213 0.99981 0.00914614 0.645998 0.0792149 -0.00775442 0.996827 23.2742
0.99677 0.0205459 -0.0776318 -78.5989 -0.0204647 0.999789 0.00184168 0.635955 0.0776533 -0.000247023 0.99698 24.0486
0.996889 0.0210606 -0.0759508 -78.6662 -0.0215506 0.999752 -0.00563807 0.621352 0.0758133 0.00725731 0.997096 24.8167
0.996971 0.0219702 -0.0746017 -78.7373 -0.0227557 0.999694 -0.00969563 0.605825 0.0743659 0.0113639 0.997166 25.613
0.997091 0.0231014 -0.0726376 -78.8052 -0.0237563 0.999684 -0.00816424 0.589851 0.0724261 0.00986608 0.997325 26.4027
0.997178 0.0265045 -0.0702359 -78.8624 -0.0268622 0.999631 -0.00415355 0.571144 0.0700999 0.00602852 0.997522 27.1516
0.99724 0.0301384 -0.0678558 -78.9205 -0.0301416 0.999545 0.000977333 0.552903 0.0678544 0.00107064 0.997695 27.9128
0.9975 0.0276301 -0.065043 -78.976 -0.0275058 0.999618 0.00280471 0.540259 0.0650957 -0.00100864 0.997879 28.6783
0.997646 0.0246678 -0.0639841 -79.0265 -0.0245519 0.999695 0.00259762 0.52752 0.0640287 -0.00102057 0.997948 29.433
0.997839 0.0225041 -0.0617271 -79.1261 -0.0225003 0.999747 0.000756389 0.501926 0.0617285 0.000634127 0.998093 30.9427
0.997935 0.0200865 -0.0610134 -79.1715 -0.0201509 0.999797 -0.000440837 0.492351 0.0609921 0.0016694 0.998137 31.7118
0.997994 0.0190964 -0.0603519 -79.2172 -0.019146 0.999817 -0.000243777 0.480149 0.0603362 0.00139878 0.998177 32.4792
0.99797 0.0221462 -0.059704 -79.2688 -0.0221438 0.999755 0.000702425 0.469856 0.0597049 0.000621073 0.998216 33.2478
0.997983 0.0218828 -0.0595926 -79.3203 -0.0219358 0.999759 -0.000235759 0.458816 0.0595731 0.00154249 0.998223 34.0359
0.9979 0.0216708 -0.0610412 -79.3734 -0.0217291 0.999764 -0.000291045 0.446353 0.0610204 0.0016168 0.998135 34.8205
0.997804 0.0194185 -0.0633302 -79.4206 -0.0194386 0.999811 0.000298781 0.435915 0.063324 0.000932927 0.997993 35.5899
0.997567 0.0211341 -0.0664332 -79.4766 -0.0211716 0.999776 0.000138852 0.424455 0.0664213 0.00126799 0.997791 36.3799
0.997112 0.0251328 -0.0716595 -79.6063 -0.0255528 0.999661 -0.00495022 0.397397 0.0715108 0.00676702 0.997417 37.9538
0.996909 0.0257893 -0.0742103 -79.6732 -0.0264847 0.999614 -0.00840282 0.384981 0.0739649 0.0103423 0.997207 38.775
0.996628 0.0248512 -0.0782048 -79.8249 -0.0255918 0.999636 -0.00848227 0.350703 0.0779656 0.0104551 0.996901 40.4536
0.996349 0.0225068 -0.0823481 -79.9614 -0.0230637 0.999717 -0.00581723 0.315924 0.0821939 0.00769524 0.996587 42.0928
0.996268 0.02225 -0.083397 -80.0346 -0.0225032 0.999745 -0.00209788 0.301141 0.083329 0.00396675 0.996514 42.918
0.996209 0.0219417 -0.084175 -80.111 -0.0217979 0.999759 0.00262737 0.287565 0.0842124 -0.000782573 0.996448 43.7638
0.996274 0.0218709 -0.0834299 -80.1902 -0.0215537 0.999757 0.00470095 0.276149 0.0835124 -0.00288521 0.996503 44.6265
0.99636 0.0248872 -0.0815328 -80.2721 -0.0245775 0.999686 0.00480007 0.267428 0.0816266 -0.00277873 0.996659 45.486
0.996512 0.0250448 -0.0796046 -80.3486 -0.0248456 0.999685 0.00349117 0.258242 0.0796669 -0.00150117 0.99682 46.3596
0.996699 0.0226053 -0.0779812 -80.4222 -0.0225762 0.999744 0.00125474 0.246645 0.0779896 0.000509922 0.996954 47.239
0.996913 0.0187769 -0.0762418 -80.4917 -0.0188588 0.999822 -0.000354781 0.233594 0.0762216 0.00179152 0.997089 48.1349
0.997062 0.0174235 -0.0745858 -80.5562 -0.017522 0.999846 -0.000665551 0.221026 0.0745627 0.00197049 0.997214 49.0106
0.997177 0.015128 -0.0735511 -80.6194 -0.0150263 0.999885 0.00193544 0.205715 0.073572 -0.000824775 0.99729 49.8738
0.997252 0.0123404 -0.0730458 -80.6796 -0.0120477 0.999918 0.00444574 0.192726 0.0730947 -0.00355349 0.997319 50.7423
0.997336 0.0120288 -0.0719485 -80.745 -0.0117104 0.99992 0.00484601 0.17831 0.072001 -0.00399055 0.997397 51.6134
0.997405 0.0160955 -0.0701699 -80.8821 -0.0164258 0.999857 -0.00413371 0.147127 0.0700933 0.00527558 0.997526 53.3456
0.99745 0.0176996 -0.0691431 -80.956 -0.0183923 0.999787 -0.00939547 0.126966 0.068962 0.0106432 0.997563 54.2139
0.997392 0.0225249 -0.0685695 -81.0232 -0.0236115 0.999608 -0.0150767 0.101291 0.068203 0.0166565 0.997532 55.0344
0.997474 0.0222557 -0.067461 -81.0821 -0.0233739 0.999601 -0.0158309 0.0744162 0.0670818 0.0173677 0.997596 55.8377
0.997557 0.0188986 -0.0672552 -81.1362 -0.0196128 0.999758 -0.00997506 0.0554216 0.0670504 0.0112698 0.997686 56.6676
0.997528 0.0183061 -0.0678414 -81.2 -0.0184115 0.99983 -0.000927685 0.0320674 0.0678129 0.00217445 0.997696 57.5526
0.99746 0.0172138 -0.0691135 -81.2662 -0.0167814 0.999836 0.00683311 0.0113326 0.0692198 -0.00565594 0.997585 58.4191
0.997327 0.0150396 -0.071503 -81.3297 -0.0147475 0.999881 0.00461136 -0.00139777 0.0715638 -0.00354455 0.99743 59.2689
0.997232 0.00997618 -0.0736755 -81.391 -0.00991984 0.99995 0.00113064 -0.0152063 0.0736831 -0.000396661 0.997282 60.131
0.997057 0.00847479 -0.0761927 -81.4591 -0.00852175 0.999964 -0.000291296 -0.0322687 0.0761874 0.000939734 0.997093 60.9603
0.996831 0.0106384 -0.0788389 -81.5296 -0.0108745 0.999938 -0.00256485 -0.0515465 0.0788067 0.00341405 0.996884 61.7363
0.996519 0.012189 -0.0824664 -81.6031 -0.012714 0.999902 -0.00584429 -0.0715482 0.0823871 0.00687243 0.996577 62.5536
0.99618 0.0127991 -0.0863748 -81.6791 -0.0136458 0.999864 -0.00921978 -0.0907815 0.0862451 0.0103632 0.99622 63.3716
0.995886 0.0146097 -0.089428 -81.7619 -0.0158368 0.99979 -0.0130274 -0.115108 0.0892188 0.0143901 0.995908 64.1859
0.995524 0.0191537 -0.0925454 -81.8493 -0.0204472 0.999706 -0.013049 -0.14031 0.0922682 0.0148829 0.995623 64.9777
0.995113 0.0227201 -0.0960924 -81.9376 -0.023908 0.999651 -0.0112285 -0.160362 0.0958038 0.013471 0.995309 65.7584
0.994674 0.0258362 -0.0997779 -82.0279 -0.0264981 0.999635 -0.00531361 -0.181854 0.0996042 0.00792924 0.994996 66.5538
0.99423 0.0264607 -0.103952 -82.1181 -0.0265659 0.999647 0.000372232 -0.202013 0.103925 0.00239149 0.994582 67.3524
0.993708 0.0257749 -0.108993 -82.21 -0.0255023 0.999667 0.00389422 -0.215896 0.109057 -0.00109015 0.994035 68.1606
0.993005 0.0252339 -0.115341 -82.3113 -0.0248289 0.999679 0.00494704 -0.228099 0.115429 -0.00204865 0.993314 68.9609
0.992356 0.0230179 -0.121246 -82.4087 -0.0221167 0.999717 0.00877359 -0.238231 0.121414 -0.00602496 0.992584 69.7445
0.991519 0.0235657 -0.127808 -82.5118 -0.022676 0.999707 0.00841166 -0.24849 0.127969 -0.00544213 0.991763 70.4938
0.990638 0.0283895 -0.133533 -82.6312 -0.0276095 0.999589 0.00768952 -0.259406 0.133697 -0.00393074 0.991014 71.2629
0.989775 0.0305033 -0.139336 -82.7554 -0.030247 0.999535 0.00395753 -0.268936 0.139392 0.000297427 0.990237 72.0473
0.98895 0.0291234 -0.145357 -82.8777 -0.0292608 0.999571 0.00119309 -0.279487 0.14533 0.00307337 0.989378 72.8406
0.988126 0.0305471 -0.150577 -83.0067 -0.0309132 0.999522 -9.08014e-05 -0.291668 0.150502 0.00474453 0.988598 73.6172
0.987361 0.0322666 -0.155166 -83.1418 -0.0318996 0.999479 0.00485534 -0.297689 0.155242 0.000155779 0.987876 74.3775
0.986341 0.0329371 -0.161392 -83.2736 -0.0318886 0.99945 0.0090832 -0.306992 0.161602 -0.00381258 0.986849 75.1264
0.985284 0.0323563 -0.167835 -83.4021 -0.0308617 0.999457 0.0115062 -0.322522 0.168116 -0.00615716 0.985748 75.8945
0.984167 0.029964 -0.174694 -83.5425 -0.0290641 0.999548 0.00770806 -0.330234 0.174846 -0.0025087 0.984593 76.6527
0.982703 0.0279895 -0.18306 -83.6886 -0.0283454 0.999598 0.000672741 -0.336764 0.183005 0.00452778 0.983102 77.3917
0.981083 0.0253606 -0.191918 -83.8423 -0.0260414 0.99966 -0.00102566 -0.349193 0.191827 0.00600407 0.98141 78.1386
0.978942 0.0249788 -0.202605 -84.0054 -0.0251011 0.999683 0.00196604 -0.362438 0.20259 0.00316097 0.979259 78.8815
0.976584 0.0248293 -0.213697 -84.1765 -0.0236501 0.999688 0.00807323 -0.367692 0.21383 -0.00283024 0.976867 79.6157
0.973915 0.0266826 -0.22534 -84.3568 -0.0237128 0.999593 0.0158758 -0.374936 0.225672 -0.0101182 0.974151 80.335
0.97129 0.0272477 -0.236333 -84.5461 -0.0232976 0.999539 0.0194911 -0.382335 0.236755 -0.0134256 0.971477 81.055
0.968378 0.0304468 -0.247621 -84.7492 -0.0275815 0.999507 0.0150328 -0.389787 0.247957 -0.00772768 0.96874 81.7743
0.965252 0.0299774 -0.259597 -84.956 -0.0294256 0.999549 0.00601214 -0.395912 0.25966 0.00183556 0.965698 82.4778
0.961912 0.0275074 -0.271971 -85.1656 -0.028267 0.9996 0.00112506 -0.398101 0.271893 0.0066056 0.962305 83.1719
0.955106 0.0275484 -0.294982 -85.6202 -0.0246733 0.999605 0.013465 -0.408479 0.295236 -0.00558229 0.955408 84.5956
0.951392 0.0275475 -0.306749 -85.8618 -0.0228994 0.999562 0.0187423 -0.411696 0.307131 -0.0108069 0.951606 85.3117
0.943436 0.0234143 -0.330726 -86.3613 -0.0204541 0.999714 0.0124286 -0.413881 0.330922 -0.00496091 0.943645 86.7083
0.940319 0.0193771 -0.339741 -86.6189 -0.0185553 0.999812 0.00566769 -0.420806 0.339787 0.000974576 0.940502 87.4065
0.93476 0.0155914 -0.354939 -87.1563 -0.0175101 0.999844 -0.002194 -0.434191 0.354849 0.00826586 0.934887 88.8271
0.931667 0.0207203 -0.362722 -87.4433 -0.0231195 0.99973 -0.00227429 -0.447698 0.362577 0.0105048 0.931895 89.5351
0.928576 0.020735 -0.370562 -87.7342 -0.0223362 0.999751 -2.97379e-05 -0.460162 0.370469 0.00830455 0.928808 90.2414
0.925397 0.0215123 -0.378388 -88.0241 -0.0205878 0.999767 0.00648925 -0.464421 0.37844 0.00178504 0.925624 90.942
0.922563 0.0235701 -0.385126 -88.3286 -0.0194124 0.999704 0.0146808 -0.468316 0.385358 -0.00606768 0.922747 91.657
0.919858 0.0334639 -0.390822 -88.6499 -0.0271573 0.999397 0.021654 -0.476726 0.391311 -0.00930494 0.920211 92.3642
0.917175 0.0403558 -0.396436 -88.9709 -0.0358131 0.999181 0.0188575 -0.480018 0.396872 -0.00309801 0.917869 93.0472
0.914855 0.0368739 -0.402095 -89.2821 -0.0353848 0.999312 0.011133 -0.479691 0.402229 0.004043 0.91553 93.7381
0.912955 0.0290661 -0.407024 -89.5941 -0.0301946 0.999537 0.0036516 -0.48227 0.406942 0.0089562 0.91341 94.4363
0.911181 0.0297733 -0.410929 -89.9193 -0.0312371 0.999507 0.00315383 -0.487942 0.41082 0.00996251 0.911662 95.138
0.908957 0.0357866 -0.415351 -90.2496 -0.0355354 0.999334 0.00833663 -0.494827 0.415373 0.00718205 0.909623 95.8191
0.906431 0.038116 -0.42063 -90.5879 -0.0361141 0.999267 0.0127265 -0.502721 0.420807 0.00365494 0.907143 96.5332
0.904239 0.0345229 -0.425628 -90.9272 -0.0330937 0.999394 0.0107545 -0.512133 0.425742 0.00436095 0.904834 97.2372
0.901866 0.032779 -0.430771 -91.2624 -0.0341467 0.999406 0.00455868 -0.520228 0.430664 0.0105981 0.90245 97.9127
0.899663 0.0299975 -0.435553 -91.612 -0.0343001 0.99941 -0.00201754 -0.525769 0.435235 0.0167546 0.900161 98.6204
0.897266 0.0305867 -0.440429 -91.9637 -0.0357287 0.999356 -0.00338578 -0.536194 0.440042 0.0187739 0.897781 99.3217
0.895272 0.0335306 -0.444256 -92.3136 -0.0370031 0.999315 0.000854893 -0.549599 0.44398 0.0156735 0.8959 99.9965
0.893234 0.0352582 -0.448208 -92.6692 -0.0378687 0.999278 0.00313948 -0.562967 0.447995 0.0141688 0.893924 100.68
0.890873 0.0360382 -0.45282 -93.0264 -0.0384693 0.999252 0.00384266 -0.574519 0.45262 0.0139963 0.891594 101.36
0.888648 0.0339427 -0.457332 -93.3726 -0.0365998 0.999325 0.00305125 -0.586693 0.457127 0.0140268 0.889291 102.019
0.886685 0.0320177 -0.461264 -93.7274 -0.0347983 0.999391 0.00247814 -0.598055 0.461062 0.0138539 0.88726 102.689
0.884525 0.0316464 -0.465418 -94.086 -0.0341028 0.999413 0.00314356 -0.610075 0.465244 0.0130915 0.885086 103.353
0.882361 0.0330636 -0.46941 -94.4495 -0.0355073 0.999363 0.0036478 -0.621592 0.469232 0.0134488 0.882973 104.014
0.880188 0.0334988 -0.473442 -94.8234 -0.0359743 0.999345 0.0038287 -0.634973 0.473261 0.0136618 0.880816 104.686
0.877849 0.0303904 -0.477972 -95.1926 -0.034732 0.999397 -0.000245565 -0.647643 0.477677 0.0168165 0.878375 105.353
0.875617 0.0271772 -0.48224 -95.5561 -0.0335516 0.999426 -0.00459674 -0.664194 0.481839 0.0202049 0.876027 106.004
0.873508 0.0257195 -0.48613 -95.9223 -0.0334431 0.999415 -0.00721691 -0.677549 0.48566 0.0225617 0.873857 106.649
0.871613 0.0273052 -0.489434 -96.2957 -0.0332249 0.999442 -0.00341068 -0.689746 0.489068 0.0192342 0.872034 107.298
0.869729 0.0312388 -0.49254 -96.664 -0.032864 0.999445 0.0053573 -0.70179 0.492434 0.0115275 0.870273 107.938
0.866794 0.0327332 -0.497591 -97.3858 -0.0264528 0.999457 0.0196673 -0.722621 0.497964 -0.00388479 0.867189 109.183
0.863394 0.0276475 -0.503772 -98.0819 -0.0229148 0.999616 0.0155872 -0.730407 0.50401 -0.00191402 0.863696 110.367
0.860437 0.0239953 -0.508991 -98.7551 -0.0210239 0.999712 0.0115888 -0.74005 0.509123 0.000729587 0.860694 111.48
0.857914 0.0229435 -0.51328 -99.3951 -0.0193982 0.999737 0.0122652 -0.753272 0.513426 -0.000565782 0.858133 112.533
0.855428 0.0211562 -0.517489 -99.9929 -0.0160829 0.999769 0.0142873 -0.765409 0.517672 -0.00389906 0.85557 113.507
0.852789 0.0186432 -0.521922 -100.548 -0.0135615 0.999816 0.0135551 -0.778056 0.522079 -0.00448157 0.852885 114.415
0.850226 0.0163332 -0.526164 -101.076 -0.0154015 0.999862 0.00615057 -0.79406 0.526192 0.00287436 0.850361 115.245
0.845485 0.00868224 -0.533928 -101.554 -0.00749754 0.999962 0.00438795 -0.802458 0.533946 0.000293204 0.845518 116.008
0.835203 0.0195811 -0.549593 -102.231 -0.0154262 0.999807 0.0121787 -0.81732 0.549726 -0.00169358 0.835343 116.98
0.821593 0.0238285 -0.569576 -102.824 -0.0120017 0.999628 0.0245079 -0.825345 0.569948 -0.0132997 0.821573 117.808
0.796433 0.0210255 -0.604361 -103.344 -0.00534353 0.999601 0.0277339 -0.83 0.604703 -0.0188588 0.796227 118.476
0.756332 0.0189396 -0.653913 -103.841 -0.00777652 0.99977 0.0199623 -0.837409 0.654141 -0.010013 0.756306 118.989
0.710831 0.0195895 -0.70309 -104.322 -0.0189075 0.999783 0.00874031 -0.833253 0.703109 0.00708079 0.711047 119.398
0.655476 0.0192574 -0.75497 -104.819 -0.0154779 0.999807 0.0120644 -0.82483 0.755057 0.0037774 0.655648 119.781
0.609695 0.0257519 -0.792217 -105.176 -0.0187619 0.999661 0.0180558 -0.819917 0.792414 0.00385494 0.609972 119.997
0.560105 0.0326871 -0.827776 -105.547 -0.0221338 0.999455 0.0244898 -0.813768 0.828126 0.00460496 0.560523 120.19
0.508503 0.0405524 -0.860105 -105.932 -0.0290533 0.99913 0.0299305 -0.811305 0.86057 0.00976915 0.509238 120.348
0.451617 0.043532 -0.891149 -106.318 -0.0295198 0.998991 0.0338399 -0.814031 0.891724 0.0110238 0.452446 120.478
0.385966 0.0368099 -0.921778 -106.749 -0.0281746 0.999208 0.0281047 -0.81104 0.922082 0.0151232 0.386698 120.589
0.30705 0.0342662 -0.951076 -107.252 -0.0260961 0.999279 0.0275779 -0.800356 0.951336 0.0163516 0.307723 120.674
0.216936 0.0304364 -0.975711 -107.83 -0.0229597 0.999396 0.0260705 -0.784707 0.975916 0.0167465 0.217504 120.726
0.11788 0.0286832 -0.992614 -108.48 -0.0201309 0.999446 0.0264899 -0.767476 0.992824 0.0168596 0.118392 120.727
0.0129145 0.0321708 -0.999399 -109.213 -0.0147569 0.99938 0.0319795 -0.74694 0.999808 0.014335 0.0133813 120.684
-0.0951471 0.0366849 -0.994787 -109.983 -0.00560521 0.999285 0.0373869 -0.728594 0.995447 0.00913324 -0.0948734 120.569
-0.20138 0.039907 -0.9787 -110.789 0.00137604 0.99918 0.040459 -0.705485 0.979512 0.00680088 -0.201269 120.357
-0.299436 0.0427365 -0.953159 -111.656 0.0115711 0.999086 0.0411606 -0.679334 0.954046 0.00129587 -0.299657 120.052
-0.34619 0.0444719 -0.93711 -112.105 0.0175142 0.999008 0.0409393 -0.667976 0.938001 -0.00223994 -0.346625 119.859
-0.432674 0.0482343 -0.900259 -113.027 0.0277693 0.998807 0.040168 -0.642531 0.901123 -0.00761996 -0.433497 119.39
-0.471661 0.0489416 -0.880421 -113.488 0.0304513 0.998767 0.0392069 -0.628146 0.881254 -0.00831755 -0.47257 119.118
-0.505908 0.0495052 -0.861165 -113.934 0.0318498 0.998743 0.0387032 -0.612615 0.861999 -0.00784769 -0.506849 118.822
-0.556979 0.0477772 -0.829151 -114.856 0.0305021 0.998847 0.0370658 -0.580747 0.829966 -0.00464599 -0.557795 118.153
-0.589048 0.0454289 -0.80682 -115.811 0.0282751 0.998966 0.0356046 -0.547517 0.807603 -0.00184004 -0.589724 117.409
-0.609876 0.0474403 -0.791076 -116.824 0.0304348 0.998872 0.0364382 -0.513356 0.791912 -0.00185343 -0.610632 116.597
-0.624156 0.0486598 -0.779783 -117.92 0.0307096 0.998815 0.0377472 -0.478003 0.780696 -0.000386694 -0.624911 115.7
-0.633794 0.0492127 -0.771935 -119.069 0.0310211 0.998788 0.0382054 -0.437477 0.77288 0.00026802 -0.634552 114.741
-0.6396 0.0513729 -0.766989 -120.261 0.0333037 0.998679 0.0391192 -0.396011 0.767986 -0.00052298 -0.640466 113.736
-0.641125 0.0515323 -0.765704 -121.513 0.0340398 0.998671 0.0387095 -0.351642 0.766681 -0.00124676 -0.642027 112.671
-0.642624 0.0508138 -0.764495 -122.797 0.0352052 0.998703 0.0367879 -0.306659 0.765372 -0.00327337 -0.643579 111.579
-0.643795 0.0527706 -0.763376 -124.158 0.034153 0.998607 0.0402286 -0.258662 0.764435 -0.000172603 -0.6447 110.418
-0.64554 0.0541526 -0.761804 -125.529 0.0338663 0.998532 0.0422825 -0.213958 0.762975 0.00149556 -0.646426 109.247
-0.646785 0.052797 -0.760842 -126.943 0.03582 0.998603 0.0388457 -0.161323 0.76183 -0.00212853 -0.647773 108.039
-0.64828 0.0550485 -0.759409 -128.357 0.0403639 0.998465 0.0379202 -0.112233 0.760331 -0.00606978 -0.649507 106.827
-0.649463 0.0531247 -0.758535 -129.09 0.0403877 0.998558 0.0353548 -0.0904708 0.75932 -0.00767383 -0.650672 106.197
-0.650509 0.0496422 -0.757875 -129.82 0.0401652 0.998714 0.0309425 -0.0685628 0.758436 -0.0103119 -0.651666 105.565
-0.651489 0.0460134 -0.757261 -130.542 0.0387593 0.998874 0.027349 -0.0498954 0.757667 -0.0115334 -0.652539 104.934
-0.651622 0.0437898 -0.757279 -131.27 0.0361454 0.998991 0.0266646 -0.0341446 0.757682 -0.00999691 -0.652547 104.295
-0.651659 0.0442553 -0.75722 -131.994 0.0347775 0.99899 0.0284561 -0.0210183 0.757715 -0.00779056 -0.652539 103.661
-0.651555 0.0460976 -0.7572 -132.657 0.0342305 0.998922 0.0313588 -0.00885194 0.757829 -0.00548734 -0.65243 103.072
-0.651617 0.0486741 -0.756985 -133.395 0.0352496 0.998804 0.03388 0.00626707 0.757729 -0.0046066 -0.652553 102.423
-0.651953 0.051053 -0.756538 -134.079 0.0366525 0.998686 0.0358081 0.0210304 0.757373 -0.0043838 -0.652968 101.822
-0.652156 0.0521016 -0.756292 -134.775 0.037203 0.998633 0.0367162 0.0366157 0.757171 -0.00419171 -0.653203 101.207
-0.652227 0.0527274 -0.756188 -135.54 0.0377015 0.9986 0.037112 0.0555723 0.757086 -0.00430399 -0.653302 100.537
-0.652338 0.0516801 -0.756165 -136.339 0.0357344 0.99866 0.0374257 0.0772575 0.757086 -0.00260686 -0.65331 99.8333
-0.652442 0.052374 -0.756027 -137.086 0.0357923 0.998625 0.0382918 0.0970123 0.756993 -0.00207679 -0.65342 99.1771
-0.652673 0.0529283 -0.755789 -137.842 0.0349675 0.998598 0.0397357 0.118297 0.756832 -0.00049367 -0.653609 98.5126
-0.653486 0.0537765 -0.755026 -139.347 0.035393 0.998553 0.0404885 0.160358 0.75611 -0.000263874 -0.654444 97.1975
-0.653968 0.0537922 -0.754607 -140.099 0.0362444 0.998551 0.0397711 0.18171 0.755654 -0.00134125 -0.65497 96.5366
-0.654821 0.05365 -0.753877 -140.835 0.0367584 0.998558 0.0391342 0.200722 0.754889 -0.00208541 -0.655849 95.8868
-0.655728 0.0542355 -0.753047 -141.596 0.0372537 0.998526 0.039476 0.220831 0.754078 -0.00216831 -0.656782 95.2186
-0.656568 0.0534175 -0.752373 -142.349 0.0365741 0.99857 0.0389803 0.239725 0.753379 -0.0019241 -0.657583 94.5519
-0.657128 0.0524414 -0.751953 -143.091 0.0358777 0.998622 0.0382908 0.258756 0.752925 -0.00181642 -0.658104 93.8928
-0.657657 0.0510559 -0.751585 -143.836 0.0350002 0.998694 0.0372161 0.277124 0.752504 -0.00183019 -0.658585 93.2339
-0.657884 0.0504471 -0.751428 -144.591 0.034088 0.998726 0.037205 0.296551 0.752348 -0.00113818 -0.658765 92.5665
-0.657972 0.0485718 -0.751474 -145.334 0.0307207 0.998818 0.0376608 0.314636 0.752415 0.00169393 -0.658687 91.9066
-0.657289 0.0475441 -0.752137 -146.081 0.0293814 0.998866 0.0374641 0.332849 0.753065 0.00252597 -0.657941 91.2469
-0.656358 0.0461049 -0.75304 -146.835 0.0284016 0.998933 0.0364047 0.350617 0.753915 0.00250701 -0.656967 90.5821
-0.655094 0.0437299 -0.754281 -147.577 0.0264815 0.999039 0.0349207 0.368008 0.755083 0.00290181 -0.655623 89.924
-0.653817 0.0446469 -0.755334 -148.322 0.027495 0.999 0.0352501 0.386199 0.756153 0.00227923 -0.654391 89.2748
-0.652873 0.0469164 -0.756013 -149.061 0.0287589 0.998896 0.0371537 0.404104 0.756922 0.00251452 -0.653501 88.6325
-0.651675 0.0525036 -0.756679 -149.815 0.0315626 0.998614 0.042108 0.427425 0.757842 0.00355793 -0.652429 87.9839
-0.650915 0.0591749 -0.756841 -150.553 0.0341294 0.99823 0.0486956 0.451385 0.758383 0.00586617 -0.651782 87.3485
-0.650333 0.0609255 -0.757202 -151.292 0.0346716 0.99812 0.0505319 0.475962 0.758857 0.00660923 -0.651223 86.7063
-0.65013 0.0576009 -0.757637 -152.034 0.0345823 0.998332 0.0462251 0.504476 0.759036 0.00385147 -0.651038 86.0623
-0.65019 0.0538938 -0.757858 -152.768 0.0344766 0.998546 0.0414314 0.532399 0.758989 0.000809898 -0.651103 85.4238
-0.650116 0.0540063 -0.757914 -153.507 0.0347244 0.99854 0.041367 0.557162 0.759041 0.000575244 -0.651042 84.7835
-0.650228 0.0559443 -0.757677 -154.261 0.0338682 0.998428 0.0446553 0.581316 0.758984 0.00337494 -0.6511 84.1259
-0.650457 0.0575698 -0.757358 -155.016 0.034801 0.998335 0.0459985 0.605413 0.758745 0.00356324 -0.651378 83.4749
-0.650983 0.0571157 -0.75694 -155.769 0.0358986 0.998366 0.0444592 0.630206 0.758243 0.00176909 -0.65197 82.8239
-0.651582 0.0560555 -0.756504 -156.498 0.0362047 0.998428 0.0427983 0.654376 0.757714 0.000497557 -0.652587 82.1892
-0.652164 0.0567357 -0.755952 -157.23 0.0357654 0.998388 0.044076 0.678523 0.757234 0.00170788 -0.653142 81.549
-0.652599 0.059951 -0.755328 -157.965 0.0360408 0.998193 0.0480883 0.703365 0.756846 0.00415973 -0.65358 80.9061
-0.653003 0.0628774 -0.754741 -158.702 0.0369727 0.998006 0.0511549 0.730195 0.756453 0.00549949 -0.654025 80.26
-0.653534 0.064187 -0.75417 -159.435 0.0382516 0.997925 0.0517855 0.758874 0.75593 0.00499532 -0.654634 79.6199
-0.654147 0.0636927 -0.753681 -160.151 0.0392947 0.997964 0.0502315 0.786447 0.755346 0.00324311 -0.655318 78.9946
-0.654731 0.0626833 -0.753259 -160.871 0.0398303 0.998032 0.048432 0.814565 0.754812 0.0017074 -0.655939 78.3638
-0.654751 0.0604051 -0.753427 -161.583 0.0375189 0.99817 0.0474221 0.841692 0.754913 0.00278195 -0.655819 77.7345
-0.654189 0.0584365 -0.754071 -162.306 0.0353478 0.998284 0.046696 0.867554 0.755505 0.00389326 -0.655131 77.094
-0.653806 0.0573073 -0.754489 -163.011 0.0339569 0.998345 0.0464039 0.891844 0.7559 0.00471901 -0.65467 76.4768
-0.653457 0.0562123 -0.754874 -163.723 0.0321867 0.9984 0.0464843 0.917568 0.756279 0.00607861 -0.654221 75.852
-0.652963 0.0558733 -0.755326 -164.421 0.0310426 0.998412 0.0470193 0.941856 0.756753 0.00725461 -0.653661 75.2365
-0.652361 0.056348 -0.755811 -165.118 0.0316608 0.998388 0.0471055 0.965566 0.757247 0.00680019 -0.653093 74.628
-0.651898 0.0548108 -0.756324 -165.817 0.030583 0.998473 0.045999 0.989416 0.75769 0.00685597 -0.652579 74.0166
-0.651413 0.0535303 -0.756833 -166.516 0.0301246 0.998546 0.0446979 1.01316 0.758125 0.00631748 -0.652078 73.4057
-0.651105 0.054067 -0.75706 -167.236 0.0309738 0.998521 0.0446726 1.03833 0.758356 0.00563753 -0.651817 72.7836
-0.65033 0.057313 -0.757487 -167.953 0.0342476 0.998348 0.0461342 1.06326 0.75888 0.00406041 -0.651218 72.1671
-0.650059 0.0578372 -0.757679 -168.643 0.0347778 0.998319 0.0463684 1.08469 0.759087 0.00379179 -0.650978 71.5693
-0.649493 0.0558479 -0.758314 -169.318 0.034428 0.998436 0.0440449 1.10402 0.759588 0.00249959 -0.6504 70.9798
-0.649055 0.0539658 -0.758825 -169.998 0.0361076 0.998542 0.0401295 1.12594 0.759884 -0.00135311 -0.650057 70.3929
-0.648159 0.0526195 -0.759685 -170.679 0.0363067 0.998611 0.038192 1.14597 0.760639 -0.00282713 -0.649169 69.8028
-0.647624 0.0516974 -0.760205 -171.366 0.0335685 0.998663 0.0393164 1.16195 0.761221 -5.66957e-05 -0.648493 69.2061
-0.647459 0.0521826 -0.760312 -172.056 0.0329105 0.998637 0.040514 1.17771 0.761389 0.0012089 -0.648294 68.6135
-0.647484 0.0517919 -0.760317 -172.726 0.0325374 0.998657 0.0403185 1.19277 0.761384 0.00136684 -0.6483 68.0361
-0.64746 0.0515045 -0.760357 -173.375 0.0327777 0.998672 0.0397364 1.20725 0.761394 0.000804922 -0.648288 67.4766
-0.647261 0.0515847 -0.760521 -174.024 0.0329205 0.998668 0.03972 1.22304 0.761557 0.000672404 -0.648097 66.9173
-0.647372 0.0512408 -0.760449 -174.661 0.0324933 0.998686 0.0396321 1.23785 0.761481 0.000947216 -0.648187 66.3656
-0.647288 0.0507292 -0.760556 -175.286 0.0313157 0.99871 0.0399623 1.2509 0.761602 0.00204974 -0.648042 65.8245
-0.647531 0.0504559 -0.760367 -175.915 0.03123 0.998724 0.039677 1.2672 0.761399 0.0019458 -0.648281 65.2836
-0.647825 0.053072 -0.759938 -177.127 0.032097 0.998586 0.0423768 1.29991 0.761113 0.003061 -0.648613 64.2432
-0.647946 0.0571124 -0.759542 -178.32 0.0335022 0.998357 0.0464898 1.33254 0.760949 0.00467655 -0.648795 63.2183
-0.648298 0.0592328 -0.759079 -178.897 0.0352399 0.998235 0.0477977 1.3501 0.76057 0.00423729 -0.649242 62.7224
-0.648681 0.0614037 -0.758579 -179.47 0.037517 0.998108 0.0487107 1.36808 0.760135 0.0031381 -0.649758 62.2348
-0.650141 0.0621273 -0.757269 -180.575 0.038291 0.998064 0.0490083 1.40497 0.758848 0.00286567 -0.651261 61.2793
-0.653206 0.0633145 -0.754529 -181.616 0.0420224 0.997993 0.0473649 1.43909 0.756013 -0.0007681 -0.654556 60.3772
-0.661706 0.0659159 -0.746861 -182.612 0.0482327 0.997807 0.0453304 1.46997 0.748211 -0.00602768 -0.663434 59.4959
-0.67788 0.06957 -0.731873 -183.544 0.0538594 0.997537 0.0449374 1.49973 0.733197 -0.00895608 -0.679957 58.6306
-0.699776 0.0735618 -0.710565 -184.409 0.0594638 0.99723 0.0446782 1.52489 0.711884 -0.0109882 -0.702212 57.7715
-0.729105 0.0791846 -0.679806 -185.205 0.0682129 0.996746 0.0429425 1.54781 0.680994 -0.0150619 -0.732134 56.9092
-0.765914 0.0796085 -0.637995 -185.912 0.068117 0.996767 0.0426012 1.57036 0.639324 -0.0108294 -0.768861 56.0194
-0.806605 0.0763404 -0.58614 -186.545 0.0632274 0.997079 0.042853 1.58943 0.587699 -0.00249462 -0.809076 55.0926
-0.850557 0.0762766 -0.520321 -187.072 0.0632924 0.997081 0.0427047 1.60553 0.52206 0.00339045 -0.852902 54.1713
-0.895858 0.0647048 -0.439604 -187.451 0.0531229 0.997841 0.0386133 1.61454 0.441154 0.011239 -0.897361 53.2765
-0.933993 0.0440475 -0.354566 -187.713 0.035057 0.998881 0.0317438 1.6164 0.355567 0.0172185 -0.934492 52.3731
-0.964555 0.034374 -0.261632 -187.921 0.0290829 0.999287 0.0240701 1.6181 0.262273 0.0156079 -0.964867 51.4297
-0.98608 0.0329846 -0.162967 -188.045 0.0294669 0.999279 0.0239561 1.62869 0.163639 0.0188206 -0.986341 50.4741
-0.997962 0.0154567 -0.0619074 -188.037 0.0135504 0.999425 0.0310956 1.63597 0.0623524 0.0301934 -0.997597 49.5271
-0.999032 0.0153811 0.0412007 -187.937 0.0167513 0.999311 0.0331222 1.65197 -0.0406629 0.0337803 -0.998602 48.616
-0.989373 0.0260898 0.143037 -187.761 0.0303086 0.999165 0.0273947 1.65836 -0.142203 0.0314388 -0.989338 47.7379
-0.970106 0.0261172 0.241272 -187.478 0.0322444 0.999249 0.0214816 1.66038 -0.24053 0.0286191 -0.97022 46.883
-0.940366 0.0321236 0.338643 -187.124 0.0401922 0.99905 0.0168387 1.67328 -0.337781 0.0294454 -0.940764 46.0706
-0.905558 0.028775 0.423244 -186.673 0.0392167 0.999103 0.0159808 1.67142 -0.422405 0.0310698 -0.905875 45.2684
-0.868605 0.0246626 0.494891 -186.144 0.0413639 0.998883 0.0228208 1.66716 -0.493776 0.0402929 -0.868655 44.4953
-0.83557 0.0249058 0.548819 -185.579 0.0459257 0.998642 0.0246022 1.66555 -0.547461 0.0457617 -0.835579 43.7351
-0.808469 0.0211565 0.588158 -184.962 0.0434763 0.99877 0.0238349 1.67022 -0.586931 0.0448408 -0.808394 42.9866
-0.789863 0.0191856 0.612983 -184.312 0.0413635 0.998901 0.0220348 1.67451 -0.611887 0.0427596 -0.789789 42.2215
-0.777622 0.0172088 0.628497 -183.628 0.0370365 0.999143 0.0184669 1.67869 -0.62764 0.0376376 -0.777593 41.4243
-0.769312 0.019943 0.638562 -182.931 0.0394382 0.999089 0.0163108 1.68565 -0.637654 0.0377318 -0.769398 40.6105
-0.764431 0.0216859 0.644341 -182.211 0.0404653 0.999077 0.0143822 1.68483 -0.643435 0.0370676 -0.764603 39.783
-0.761836 0.0164745 0.647561 -181.432 0.0328609 0.999372 0.0132349 1.68695 -0.646936 0.0313623 -0.761899 38.9184
-0.761054 0.0181225 0.648435 -181.03 0.0358139 0.999259 0.0141066 1.69235 -0.647699 0.0339588 -0.76114 38.4567
-0.761476 0.0218534 0.647824 -180.634 0.0407057 0.999071 0.0141447 1.69403 -0.646914 0.037141 -0.761658 37.984
-0.761954 0.0228157 0.647229 -180.224 0.0411889 0.999063 0.0132716 1.69099 -0.64632 0.036771 -0.76218 37.5057
-0.762408 0.0219073 0.646726 -179.8 0.036563 0.999289 0.00925313 1.69065 -0.646063 0.0307009 -0.762666 37.0244
-0.762624 0.0248838 0.646364 -179.369 0.0346285 0.999397 0.00238215 1.69387 -0.645915 0.0241993 -0.763026 36.5258
-0.763207 0.0295012 0.64548 -178.475 0.036966 0.999315 -0.00196479 1.6884 -0.645096 0.0223613 -0.763775 35.4755
-0.76361 0.0266572 0.645127 -178.007 0.0351935 0.99938 0.000361787 1.68268 -0.644718 0.0229805 -0.764075 34.9342
-0.763952 0.0201886 0.644957 -177.531 0.02891 0.999578 0.00295498 1.67726 -0.644625 0.0209032 -0.764213 34.3936
-0.763844 0.0167657 0.645183 -177.032 0.0254615 0.999667 0.0041671 1.67168 -0.644898 0.0196104 -0.764017 33.8196
