1 0 0 0 0 1 0 0 0 0 1 0
0.999996 0.00268612 -0.000204074 -0.00619728 -0.00268579 0.999995 0.00158934 -0.0168166 0.000208343 -0.00158879 0.999999 0.776497
0.999977 0.00678861 0.00095543 -0.0182607 -0.0067905 0.999975 0.00198286 -0.0481478 -0.000941945 -0.00198931 0.999998 2.2837
0.999959 0.00887834 0.00166453 -0.0287806 -0.00888023 0.99996 0.00113058 -0.0778224 -0.00165443 -0.00114531 0.999998 3.73712
0.999948 0.0098478 0.00254321 -0.0330701 -0.00986052 0.999939 0.00503815 -0.10757 -0.00249344 -0.00506297 0.999984 5.10792
0.999946 0.00890727 0.0053813 -0.033705 -0.00897421 0.999881 0.0125463 -0.128724 -0.00526891 -0.0125939 0.999907 6.41056
0.999935 0.00858128 0.00749474 -0.0295425 -0.00869043 0.999855 0.0146541 -0.148991 -0.0073679 -0.0147183 0.999865 7.60828
0.999911 0.00958706 0.00929392 -0.0234082 -0.00967309 0.99991 0.00925687 -0.164506 -0.00920434 -0.00934595 0.999914 8.69187
0.999914 0.00415932 0.0124731 -0.0041458 -0.00422585 0.999977 0.00531276 -0.177231 -0.0124507 -0.00536501 0.999908 9.65589
0.999841 0.0066446 0.0165367 0.0052523 -0.00668425 0.999975 0.00234346 -0.198187 -0.0165207 -0.00245363 0.999861 10.5138
0.99963 0.00734871 0.026184 0.025868 -0.00742991 0.999968 0.0030055 -0.219863 -0.0261611 -0.00319893 0.999653 11.5562
0.999434 -0.00132615 0.0336201 0.0671727 0.0011512 0.999986 0.00522264 -0.237489 -0.0336266 -0.00518098 0.999421 12.3289
0.99909 0.00539022 0.0423043 0.0841502 -0.00545957 0.999984 0.00152405 -0.259577 -0.0422954 -0.00175362 0.999104 13.0612
0.998684 0.00554197 0.0509837 0.128334 -0.00516105 0.999958 -0.00760015 -0.283349 -0.0510236 0.00732702 0.998671 13.9096
0.999068 0.00383373 0.0429943 0.155492 -0.00309453 0.999846 -0.0172464 -0.305525 -0.0430538 0.0170973 0.998926 14.6607
0.999983 0.00248388 0.00520001 0.134122 -0.00236947 0.999758 -0.021893 -0.322461 -0.00525313 0.0218804 0.999747 15.2948
0.999067 0.000629199 -0.0431854 0.077428 -0.00177696 0.999646 -0.0265442 -0.332484 0.0431535 0.0265962 0.998714 15.7578
0.996062 0.00200763 -0.0886338 0.00158632 -0.00420369 0.999689 -0.024597 -0.343491 0.0885569 0.0248727 0.995761 16.1479
0.989331 0.00382719 -0.145634 -0.108822 -0.00694229 0.999758 -0.0208877 -0.359683 0.145518 0.0216759 0.989118 16.5974
0.976473 0.00466845 -0.215587 -0.270887 -0.00778793 0.999877 -0.0136225 -0.372523 0.215497 0.014981 0.97639 17.0961
0.9549 0.0101775 -0.296754 -0.497886 -0.011761 0.999925 -0.00355097 -0.38008 0.296696 0.00688094 0.954947 17.6466
0.923983 0.0162001 -0.382091 -0.795027 -0.0148583 0.999869 0.00646229 -0.387699 0.382145 -0.00029382 0.924102 18.2229
0.883142 0.0235552 -0.468514 -1.17792 -0.0157603 0.999665 0.0205517 -0.392857 0.468841 -0.0107661 0.883217 18.8221
0.830653 0.0317883 -0.555883 -1.64028 -0.0192486 0.999412 0.0283884 -0.390545 0.556458 -0.0128809 0.830776 19.3875
0.766468 0.0378746 -0.641164 -2.1882 -0.0220844 0.999224 0.0326254 -0.374946 0.641902 -0.0108466 0.76671 19.9289
0.690522 0.0430771 -0.722028 -2.84473 -0.0212239 0.999002 0.0393039 -0.344528 0.723 -0.011816 0.690747 20.4818
0.607302 0.0419484 -0.793363 -3.60187 -0.0134367 0.999005 0.0425361 -0.316219 0.794357 -0.0151721 0.607261 20.9937
0.516658 0.0435187 -0.855085 -4.45609 -0.00688904 0.998886 0.0466749 -0.281755 0.856164 -0.0182242 0.516383 21.4431
0.414865 0.0420494 -0.908911 -5.37747 -0.000671791 0.998945 0.0459081 -0.24152 0.909883 -0.0184351 0.414456 21.8019
0.308022 0.0400047 -0.950538 -6.39756 0.00752338 0.998982 0.0444815 -0.200745 0.95135 -0.0208525 0.307407 22.087
0.202813 0.0508772 -0.977895 -7.52989 0.0113826 0.998459 0.0543079 -0.150307 0.979151 -0.0221453 0.201922 22.2662
0.153882 0.0522341 -0.986708 -8.11237 0.016887 0.998317 0.0554822 -0.126663 0.987945 -0.0252002 0.152741 22.3268
0.109298 0.0537316 -0.992556 -8.72003 0.0193367 0.998234 0.0561683 -0.10465 0.993821 -0.0253318 0.108066 22.3603
0.0688714 0.0520702 -0.996266 -9.34021 0.0192779 0.998381 0.0535135 -0.0780917 0.997439 -0.0228914 0.067756 22.3652
0.00467259 0.0478786 -0.998842 -10.6959 0.0145446 0.998744 0.047942 -0.010514 0.999883 -0.0147517 0.00397035 22.3373
-0.029364 0.0581789 -0.997874 -12.1799 0.0144323 0.998225 0.0577747 0.0508587 0.999465 -0.0127051 -0.0301515 22.2771
-0.0409585 0.0580863 -0.997471 -13.724 0.0152487 0.998229 0.0575042 0.117606 0.999044 -0.0128549 -0.0417717 22.2107
-0.0360839 0.0523645 -0.997976 -15.3298 0.0344602 0.998098 0.0511249 0.199792 0.998754 -0.0325457 -0.0378197 22.1666
-0.0254192 0.0511497 -0.998367 -17.0421 0.0330154 0.998188 0.0502999 0.268472 0.999132 -0.0316829 -0.0270619 22.1158
-0.0205284 0.0340211 -0.99921 -18.8415 0.034676 0.998844 0.0332962 0.335262 0.999188 -0.0339651 -0.0216844 22.0827
-0.021395 0.0228401 -0.99951 -20.7154 0.0213852 0.999521 0.0223826 0.384779 0.999542 -0.0208958 -0.0218732 22.0118
-0.0301745 0.0370411 -0.998858 -22.6474 0.00725214 0.999295 0.0368382 0.426682 0.999518 -0.00613228 -0.0304218 21.9212
-0.0362603 0.0565518 -0.997741 -24.7023 0.00447577 0.998397 0.0564263 0.503691 0.999332 -0.00241962 -0.0364552 21.8336
-0.0374926 0.0643017 -0.997226 -25.7194 0.00637943 0.997923 0.0641068 0.546892 0.999277 -0.0039582 -0.037825 21.7892
-0.0407278 0.0624141 -0.997219 -27.7959 0.00627669 0.998043 0.0622093 0.648831 0.999151 -0.00372558 -0.0410399 21.6971
-0.0481375 0.0524854 -0.997461 -29.8627 0.00628006 0.998615 0.052243 0.736676 0.998821 -0.00374926 -0.0484004 21.5908
-0.0537895 0.0479043 -0.997403 -30.8353 0.00663507 0.998844 0.0476157 0.771667 0.99853 -0.00405661 -0.0540451 21.5249
-0.060617 0.0459953 -0.997101 -31.8059 0.00565792 0.998938 0.0457361 0.807833 0.998145 -0.00286913 -0.0608128 21.4508
-0.0666184 0.0485513 -0.996597 -32.7722 0.00572587 0.998818 0.0482768 0.842504 0.997762 -0.00249026 -0.0668176 21.3736
-0.072756 0.0534852 -0.995915 -33.9186 0.00431229 0.998569 0.0533127 0.881723 0.99734 -0.000415844 -0.0728825 21.2862
-0.078945 0.0563792 -0.995283 -35.0327 0.00147098 0.998405 0.0564393 0.924745 0.996878 0.00299157 -0.0789021 21.1871
-0.0836717 0.0586554 -0.994766 -36.1199 -0.00156096 0.998257 0.0589925 0.96947 0.996492 0.0064888 -0.0834344 21.087
-0.0862213 0.0599438 -0.994471 -37.2112 -0.00610379 0.998138 0.0606941 1.01648 0.996257 0.0113032 -0.0856949 20.978
-0.0878556 0.061237 -0.994249 -38.2657 -0.0100709 0.998003 0.0623581 1.06398 0.996082 0.0154915 -0.0870634 20.8678
-0.0893794 0.0608337 -0.994138 -39.3791 -0.0113095 0.998007 0.0620873 1.11234 0.995933 0.0167925 -0.0885132 20.7638
-0.0909525 0.0601306 -0.994038 -40.441 -0.0116289 0.998043 0.0614369 1.15867 0.995787 0.0171474 -0.0900752 20.6623
-0.092194 0.0594588 -0.993964 -41.4711 -0.0126983 0.998064 0.0608819 1.2055 0.99566 0.0182346 -0.0912605 20.5564
-0.0929919 0.0585708 -0.993943 -42.5712 -0.0150181 0.998072 0.0602192 1.25427 0.995554 0.020527 -0.0919331 20.4421
-0.09382 0.05606 -0.99401 -43.6835 -0.0195779 0.998116 0.0581395 1.3017 0.995397 0.0249153 -0.0925458 20.326
-0.0939751 0.0512257 -0.994256 -44.7545 -0.0248925 0.998242 0.0537839 1.34418 0.995263 0.0298039 -0.0925348 20.21
-0.0931245 0.0505562 -0.99437 -45.8215 -0.0263535 0.998235 0.0532207 1.38916 0.995306 0.0311613 -0.0916278 20.0963
-0.0914957 0.0547493 -0.994299 -46.9125 -0.0269906 0.997984 0.0574359 1.43448 0.99544 0.0320919 -0.0898335 19.9855
-0.0896958 0.0579413 -0.994282 -48.004 -0.0270825 0.997795 0.0605892 1.4801 0.995601 0.0323623 -0.0879288 19.8784
-0.0883702 0.0576848 -0.994416 -49.0791 -0.0250651 0.997877 0.060113 1.52871 0.995772 0.0302373 -0.0867367 19.7804
-0.0857959 0.0569061 -0.994686 -50.1423 -0.0246955 0.997939 0.0592223 1.57496 0.996007 0.0296453 -0.0842138 19.6805
-0.0815933 0.0574753 -0.995007 -51.2749 -0.029103 0.997773 0.0600216 1.62535 0.996241 0.033855 -0.0797389 19.5698
-0.0759095 0.0583837 -0.995404 -52.4568 -0.0340552 0.99755 0.0611066 1.67712 0.996533 0.0385372 -0.0737353 19.4684
-0.070172 0.0580107 -0.995847 -53.5649 -0.0378049 0.997436 0.0607672 1.7271 0.996818 0.0419121 -0.067799 19.377
-0.0644211 0.0572611 -0.996279 -54.6852 -0.0392482 0.997435 0.0598654 1.7779 0.997151 0.0429587 -0.0620084 19.2941
-0.0586937 0.0565336 -0.996674 -55.819 -0.0388053 0.997511 0.0588663 1.82764 0.997522 0.0421313 -0.0563538 19.2204
-0.0535211 0.0563379 -0.996976 -56.9612 -0.0370237 0.997609 0.0583612 1.87614 0.99788 0.0400353 -0.0513073 19.154
-0.0482042 0.0570043 -0.99721 -58.1101 -0.0360771 0.997619 0.0587716 1.92542 0.998186 0.0388095 -0.0460329 19.0947
-0.0426002 0.0588371 -0.997358 -59.2521 -0.0349643 0.997565 0.0603428 1.97159 0.99848 0.0374426 -0.0404393 19.0408
-0.037202 0.0600715 -0.997501 -60.3851 -0.0357134 0.997474 0.0614019 2.02352 0.998669 0.0379084 -0.0349627 18.991
-0.0269969 0.0547987 -0.998132 -62.6616 -0.035359 0.997819 0.0557379 2.12405 0.99901 0.0367977 -0.0250004 18.9147
-0.022489 0.0495952 -0.998516 -63.8298 -0.0350062 0.998117 0.0503638 2.16826 0.999134 0.0360868 -0.0207105 18.8787
-0.0184692 0.0490102 -0.998628 -65.0157 -0.0349898 0.998154 0.0496341 2.212 0.999217 0.0358585 -0.0167203 18.8447
-0.0151905 0.0514491 -0.99856 -66.181 -0.0342724 0.998062 0.0519448 2.2521 0.999297 0.0350121 -0.0133977 18.82
-0.0130542 0.0509098 -0.998618 -67.3699 -0.0345661 0.998083 0.0513344 2.29775 0.999317 0.0351884 -0.0112694 18.7945
-0.0118879 0.0507071 -0.998643 -68.5497 -0.0364079 0.998029 0.0511093 2.34354 0.999266 0.0369661 -0.0100184 18.768
-0.0109105 0.051626 -0.998607 -69.72 -0.0376611 0.997937 0.0520029 2.3847 0.999231 0.0381761 -0.00894369 18.7446
-0.0098551 0.0512726 -0.998636 -70.8941 -0.0383427 0.997931 0.0516147 2.42491 0.999216 0.038799 -0.00786878 18.7256
-0.00869738 0.0493137 -0.998745 -72.0532 -0.0387479 0.998017 0.0496152 2.46361 0.999211 0.0391308 -0.00676932 18.7072
-0.00776683 0.048099 -0.998812 -73.2332 -0.0370975 0.998141 0.0483551 2.50313 0.999281 0.037429 -0.00596804 18.6929
-0.00729109 0.0480169 -0.99882 -74.4093 -0.0337894 0.998264 0.0482368 2.54067 0.999402 0.0341013 -0.00565597 18.6816
-0.00708196 0.0487025 -0.998788 -75.5785 -0.031462 0.998308 0.0489022 2.57909 0.99948 0.0317701 -0.0055377 18.6699
-0.00715478 0.051447 -0.99865 -76.7309 -0.0312193 0.998177 0.0516463 2.61774 0.999487 0.0315467 -0.0055356 18.6555
-0.00700172 0.0550021 -0.998462 -77.9217 -0.0336385 0.997908 0.0552075 2.65952 0.99941 0.0339733 -0.00513688 18.6387
-0.00626658 0.0549499 -0.998469 -79.1296 -0.0359146 0.997832 0.0551403 2.70371 0.999335 0.0362052 -0.00427949 18.6216
-0.00579507 0.0529775 -0.998579 -80.3129 -0.0370375 0.997899 0.0531563 2.74773 0.999297 0.0372929 -0.00382075 18.6065
-0.00546925 0.0504654 -0.998711 -81.4875 -0.0368858 0.998036 0.0506333 2.78898 0.999305 0.0371151 -0.00359706 18.5915
-0.00540765 0.0496543 -0.998752 -82.65 -0.0348451 0.998151 0.0498131 2.82772 0.999378 0.035071 -0.00366744 18.5801
-0.00536646 0.0511597 -0.998676 -83.7983 -0.0333392 0.998126 0.0513107 2.86586 0.99943 0.0335704 -0.00365078 18.5676
-0.00492711 0.0538974 -0.998534 -84.9801 -0.0328059 0.998 0.0540305 2.90634 0.99945 0.0330241 -0.0031491 18.5549
-0.0044226 0.0564455 -0.998396 -86.1555 -0.0332027 0.997847 0.0565615 2.94755 0.999439 0.0333996 -0.00253894 18.5415
-0.00439257 0.0568031 -0.998376 -87.3172 -0.0344647 0.997784 0.0569211 2.99024 0.999396 0.0346587 -0.00242513 18.5288
-0.00409654 0.054716 -0.998494 -88.4899 -0.0338731 0.997921 0.0548236 3.03422 0.999418 0.0340466 -0.00223463 18.5193
-0.00376319 0.0532881 -0.998572 -89.6589 -0.032353 0.99805 0.0533821 3.0773 0.999469 0.0325077 -0.00203182 18.5104
-0.00361001 0.0542831 -0.998519 -90.836 -0.0307399 0.998048 0.0543686 3.11964 0.999521 0.0308906 -0.00193431 18.5005
-0.00346437 0.0570669 -0.998364 -92.0187 -0.0283281 0.997964 0.0571423 3.16557 0.999593 0.0284797 -0.00184072 18.4932
-0.00330559 0.0594611 -0.998225 -93.2065 -0.0270057 0.997861 0.0595288 3.21373 0.99963 0.0271546 -0.00169273 18.4847
-0.00266422 0.0612384 -0.99812 -94.4038 -0.0275527 0.99774 0.0612886 3.2641 0.999617 0.0276642 -0.000970918 18.4736
-0.00245853 0.0631458 -0.998001 -95.5707 -0.029863 0.997555 0.0631911 3.31388 0.999551 0.0299587 -0.000566787 18.4637
-0.00220364 0.0624306 -0.998047 -96.7234 -0.0319636 0.997535 0.0624691 3.36182 0.999487 0.0320388 -0.0002027 18.452
-0.00194049 0.0584116 -0.998291 -97.8853 -0.034296 0.997701 0.0584438 3.40994 0.99941 0.0343507 6.72502e-05 18.4392
-0.00165363 0.0565967 -0.998396 -99.0649 -0.0353181 0.997771 0.0566198 3.45811 0.999375 0.0353551 0.000348944 18.4285
-0.00160658 0.0549471 -0.998488 -100.226 -0.0353058 0.997864 0.0549695 3.50265 0.999375 0.0353408 0.000336804 18.42
-0.00132844 0.0552392 -0.998472 -101.353 -0.0341348 0.997889 0.0552523 3.54895 0.999416 0.0341561 0.000559942 18.4123
-0.0014756 0.0573196 -0.998355 -102.499 -0.0340911 0.997773 0.0573366 3.59643 0.999418 0.0341197 0.000481772 18.4054
-0.00111572 0.0595261 -0.998226 -103.635 -0.0329242 0.997683 0.0595305 3.64153 0.999457 0.0329322 0.000846709 18.3983
-0.00136421 0.0584964 -0.998287 -104.807 -0.0366853 0.997613 0.058507 3.69259 0.999326 0.0367023 0.000785007 18.3844
-0.00186822 0.0597538 -0.998211 -105.97 -0.0406473 0.997384 0.0597803 3.7432 0.999172 0.0406862 0.000565496 18.3705
-0.00202601 0.059016 -0.998255 -107.101 -0.0437837 0.997295 0.059048 3.79104 0.999039 0.0438269 0.000563406 18.358
-0.0023186 0.0549965 -0.998484 -108.252 -0.0444592 0.997494 0.0550452 3.83918 0.999009 0.0445194 0.000132309 18.3487
-0.00316686 0.0509962 -0.998694 -109.435 -0.0444905 0.997703 0.0510867 3.88871 0.999005 0.0445942 -0.000890733 18.3399
-0.004025 0.0501131 -0.998735 -110.632 -0.0408451 0.997902 0.0502358 3.93257 0.999157 0.0409956 -0.00196969 18.3342
-0.00429254 0.0493625 -0.998772 -111.834 -0.0361958 0.998119 0.0494858 3.9748 0.999335 0.0363638 -0.00249774 18.3282
-0.00462402 0.0511232 -0.998682 -113.035 -0.0355171 0.998054 0.0512555 4.02075 0.999358 0.0357073 -0.00279928 18.3163
-0.00528995 0.0550724 -0.998468 -114.26 -0.0346343 0.997873 0.055223 4.06875 0.999386 0.0348734 -0.0033713 18.3025
-0.00572754 0.0550882 -0.998465 -115.506 -0.0330527 0.997925 0.0552481 4.12068 0.999437 0.0333184 -0.00389484 18.2894
-0.00634488 0.0506727 -0.998695 -116.73 -0.0330349 0.99816 0.0508554 4.17117 0.999434 0.0333145 -0.00465924 18.2736
-0.00699734 0.0469112 -0.998875 -117.972 -0.0332514 0.998336 0.0471188 4.21829 0.999423 0.0335436 -0.00542583 18.2563
-0.00771132 0.0455707 -0.998931 -119.196 -0.0324463 0.998424 0.045798 4.25834 0.999444 0.0327647 -0.00622056 18.2406
-0.00824199 0.0468542 -0.998868 -120.436 -0.0343364 0.998299 0.0471109 4.29902 0.999376 0.0346858 -0.00661917 18.2214
-0.00876398 0.051514 -0.998634 -121.702 -0.0390731 0.997892 0.0518186 4.34541 0.999198 0.0394739 -0.0067327 18.1952
-0.00900752 0.0548994 -0.998451 -122.979 -0.0444889 0.997481 0.0552474 4.39265 0.998969 0.0449177 -0.00654242 18.168
-0.00919319 0.0548309 -0.998453 -124.24 -0.0519488 0.997121 0.0552361 4.4431 0.998607 0.0523762 -0.00631833 18.1376
-0.00902555 0.0528674 -0.998561 -125.479 -0.0551746 0.997054 0.0532863 4.48961 0.998436 0.0555761 -0.00608202 18.1131
-0.00946121 0.0516749 -0.998619 -126.733 -0.0572588 0.996997 0.0521334 4.5341 0.998315 0.057673 -0.00647396 18.0937
-0.00979082 0.0511135 -0.998645 -127.996 -0.0574216 0.997016 0.0515931 4.57622 0.998302 0.057849 -0.00682658 18.0701
-0.0103528 0.0502632 -0.998682 -129.249 -0.0551894 0.997185 0.05076 4.61651 0.998422 0.0556421 -0.00754969 18.052
-0.0108522 0.0509328 -0.998643 -130.5 -0.0552092 0.997148 0.0514565 4.65798 0.998416 0.0556927 -0.00800929 18.0341
-0.0114682 0.0560845 -0.99836 -131.728 -0.05504 0.996877 0.0566334 4.70221 0.998418 0.0555992 -0.00834551 18.0112
-0.0118677 0.0601972 -0.998116 -132.98 -0.0538481 0.996699 0.060752 4.75013 0.998479 0.0544676 -0.00858705 17.9888
-0.0116955 0.058808 -0.998201 -134.256 -0.0543104 0.996758 0.0593593 4.805 0.998456 0.0549069 -0.00846366 17.9661
-0.0108036 0.0574491 -0.99829 -135.511 -0.0540364 0.996856 0.0579514 4.85906 0.998481 0.0545701 -0.00766524 17.9429
-0.00956436 0.0568624 -0.998336 -136.758 -0.0530375 0.996948 0.0572915 4.90741 0.998547 0.0534972 -0.00651932 17.9226
-0.0085315 0.0561992 -0.998383 -138.005 -0.0532588 0.996977 0.0565751 4.95575 0.998544 0.0536553 -0.0055126 17.9017
-0.00783329 0.0583573 -0.998265 -139.247 -0.0532991 0.996852 0.0586929 5.00496 0.998548 0.0536664 -0.00469825 17.8845
-0.00698502 0.0621321 -0.998043 -140.513 -0.054344 0.996569 0.0624207 5.05691 0.998498 0.0546737 -0.00358455 17.8686
-0.00539264 0.0631226 -0.997991 -141.755 -0.0559938 0.996421 0.0633259 5.1115 0.998417 0.0562228 -0.00183886 17.8504
-0.00445593 0.060443 -0.998162 -142.995 -0.0582365 0.996462 0.0606001 5.16569 0.998293 0.0583995 -0.000920171 17.8342
-0.00424092 0.0572787 -0.998349 -144.241 -0.0569749 0.996723 0.0574274 5.21896 0.998367 0.0571244 -0.000963574 17.8226
-0.0041508 0.0557431 -0.998437 -145.517 -0.0540895 0.996971 0.0558862 5.26933 0.998527 0.0542369 -0.00112311 17.8122
-0.00417138 0.0552352 -0.998465 -146.753 -0.0527271 0.997072 0.0553785 5.31517 0.9986 0.0528772 -0.00124677 17.8015
-0.00417267 0.0555878 -0.998445 -147.987 -0.0500094 0.997193 0.0557271 5.36165 0.99874 0.0501642 -0.00138104 17.7931
-0.00434611 0.0541531 -0.998523 -149.229 -0.0478346 0.997378 0.0542992 5.4067 0.998846 0.048 -0.00174432 17.7818
-0.00408506 0.0543735 -0.998512 -150.469 -0.0470741 0.997403 0.0545056 5.45351 0.998883 0.0472267 -0.00151487 17.7664
-0.00431123 0.0569694 -0.998367 -151.706 -0.0446608 0.997369 0.0571053 5.50086 0.998993 0.044834 -0.00175559 17.7551
-0.00417804 0.0584211 -0.998283 -152.94 -0.0421293 0.997395 0.0585455 5.54842 0.999103 0.0423015 -0.00170592 17.744
-0.00430264 0.0568881 -0.998371 -154.143 -0.0400437 0.99757 0.057015 5.59751 0.999189 0.0402238 -0.00201418 17.7323
-0.00497389 0.0570673 -0.998358 -155.379 -0.0412333 0.997509 0.0572243 5.64843 0.999137 0.0414502 -0.00260843 17.7166
-0.00494802 0.0618785 -0.998071 -156.608 -0.0419889 0.997191 0.062032 5.69958 0.999106 0.0422148 -0.00233591 17.7024
-0.00459798 0.0685632 -0.997636 -157.853 -0.0470466 0.996527 0.0687038 5.75629 0.998882 0.0472513 -0.00135635 17.6835
-0.0030686 0.0686517 -0.997636 -159.042 -0.0518002 0.99629 0.0687184 5.81579 0.998653 0.0518886 0.000498955 17.663
-0.00172611 0.0649557 -0.997887 -160.247 -0.0555859 0.996339 0.0649512 5.87464 0.998452 0.0555805 0.00189083 17.6471
-1.02005e-05 0.0594409 -0.998232 -161.491 -0.0575083 0.99658 0.0593431 5.93164 0.998345 0.0574072 0.00340818 17.6331
0.000784487 0.0578068 -0.998327 -162.719 -0.0600399 0.99653 0.0576555 5.98336 0.998196 0.0598943 0.00425248 17.6209
0.00183876 0.0546164 -0.998506 -163.934 -0.0547668 0.997014 0.054434 6.02818 0.998497 0.0545849 0.00482444 17.6217
0.00224209 0.0501411 -0.99874 -165.134 -0.051452 0.997425 0.0499596 6.07242 0.998673 0.0512751 0.00481618 17.6197
0.00199241 0.0467741 -0.998904 -166.346 -0.0450682 0.997895 0.046637 6.1108 0.998982 0.0449259 0.00409624 17.6226
0.00103706 0.0497441 -0.998761 -167.575 -0.0427896 0.997849 0.0496543 6.15262 0.999084 0.0426851 0.00316336 17.6219
0.00175296 0.0561988 -0.998418 -168.821 -0.0432629 0.997489 0.0560705 6.1947 0.999062 0.0430962 0.00417988 17.6159
0.00298093 0.0595124 -0.998223 -170.058 -0.0448723 0.99723 0.0593192 6.24318 0.998988 0.0446157 0.00564313 17.6116
0.00499673 0.0562253 -0.998406 -171.271 -0.0458768 0.99738 0.0559379 6.29254 0.998935 0.0455241 0.00756307 17.6067
0.00564981 0.0563607 -0.998394 -172.469 -0.0480741 0.997271 0.0560252 6.3417 0.998828 0.0476804 0.00834389 17.6043
0.00668844 0.0574245 -0.998327 -173.687 -0.0460066 0.99731 0.0570577 6.38554 0.998919 0.045548 0.00931235 17.6077
0.00713592 0.0555718 -0.998429 -174.884 -0.046093 0.997412 0.0551857 6.43063 0.998912 0.0456268 0.00967892 17.6114
0.00904023 0.0541619 -0.998491 -176.043 -0.0464417 0.997477 0.0536864 6.47192 0.99888 0.0458863 0.0115328 17.6101
0.0107964 0.0560328 -0.998371 -177.185 -0.0481587 0.997299 0.0554519 6.50928 0.998781 0.0474816 0.0134657 17.6109
0.0123668 0.0579946 -0.99824 -178.319 -0.0481742 0.997192 0.0573369 6.54363 0.998762 0.0473803 0.0151259 17.6154
0.0127954 0.059462 -0.998149 -179.442 -0.0491113 0.997063 0.0587678 6.58068 0.998711 0.0482685 0.0156781 17.6206
0.0131859 0.0606684 -0.998071 -180.51 -0.0495079 0.996973 0.0599476 6.61696 0.998687 0.048622 0.0161496 17.6265
0.0132154 0.0616637 -0.998009 -181.545 -0.0488151 0.996946 0.0609517 6.65088 0.99872 0.0479124 0.0161852 17.6331
0.0136827 0.0608585 -0.998053 -182.564 -0.0489518 0.99699 0.0601226 6.68525 0.998707 0.0480338 0.0166206 17.6391
0.0149554 0.0608227 -0.998037 -183.543 -0.049894 0.99695 0.0600088 6.71859 0.998643 0.0488985 0.0179445 17.647
0.0161852 0.0616553 -0.997966 -184.498 -0.0505393 0.996872 0.060768 6.75198 0.998591 0.0494529 0.0192506 17.6578
0.0154971 0.0601045 -0.998072 -185.441 -0.0488905 0.997043 0.0592834 6.7829 0.998684 0.0478775 0.0183898 17.6699
0.0125251 0.0571724 -0.998286 -186.367 -0.0468113 0.997303 0.0565288 6.81196 0.998825 0.0460231 0.0151676 17.6798
0.00778952 0.0536831 -0.998528 -187.279 -0.0466743 0.997489 0.0532631 6.84112 0.99888 0.0461907 0.0102756 17.6802
0.00281145 0.0505456 -0.998718 -188.202 -0.048271 0.997564 0.0503513 6.87408 0.99883 0.0480675 0.00524449 17.6738
-0.00112378 0.0497923 -0.998759 -189.127 -0.050263 0.997494 0.0497858 6.90582 0.998735 0.0502566 0.00138174 17.6651
-0.00410148 0.050494 -0.998716 -190.046 -0.0519556 0.997365 0.050639 6.93588 0.998641 0.0520966 -0.00146722 17.6535
-0.00758977 0.0538519 -0.99852 -191.88 -0.0477143 0.997392 0.0541537 6.99578 0.998832 0.0480547 -0.00500047 17.6355
-0.00896164 0.0545525 -0.998471 -192.794 -0.0460501 0.997429 0.0549089 7.02429 0.998899 0.0464718 -0.00642645 17.6263
-0.0098083 0.0534729 -0.998521 -193.701 -0.0463902 0.99747 0.0538722 7.05459 0.998875 0.04685 -0.00730286 17.6098
-0.0103907 0.0522908 -0.998578 -194.621 -0.0481274 0.997448 0.0527324 7.08733 0.998787 0.0486069 -0.00784754 17.5906
-0.0103721 0.0516819 -0.99861 -195.529 -0.0517672 0.997297 0.0521516 7.11849 0.998605 0.0522362 -0.0076686 17.5698
-0.00962013 0.0500068 -0.998703 -196.438 -0.0544634 0.99724 0.0504582 7.14866 0.998469 0.0548781 -0.00687004 17.5507
-0.00859106 0.0472916 -0.998844 -197.349 -0.0547376 0.997361 0.0476921 7.17844 0.998464 0.055084 -0.00597977 17.5354
-0.00794846 0.0446644 -0.99897 -198.247 -0.054596 0.997493 0.0450327 7.20794 0.998477 0.0548978 -0.00549003 17.5231
-0.00718085 0.044217 -0.998996 -199.162 -0.0546471 0.997512 0.0445441 7.23695 0.99848 0.0549121 -0.00474665 17.511
-0.00664146 0.0468787 -0.998879 -200.096 -0.0520336 0.997531 0.0471614 7.2667 0.998623 0.0522885 -0.00418579 17.5016
-0.0065191 0.0483342 -0.99881 -201.028 -0.0514889 0.99749 0.0486063 7.2942 0.998652 0.0517445 -0.00401406 17.4914
-0.00561793 0.0445739 -0.99899 -201.961 -0.0464902 0.997914 0.0447873 7.32217 0.998903 0.0466949 -0.00353397 17.4853
-0.00555589 0.0411563 -0.999137 -202.908 -0.04496 0.998132 0.0413649 7.35482 0.998973 0.045151 -0.00369513 17.4771
-0.00515526 0.0416235 -0.99912 -203.827 -0.0494314 0.997901 0.0418277 7.38511 0.998764 0.0496035 -0.00308693 17.4608
-0.00360095 0.0456583 -0.998951 -204.774 -0.0507731 0.99766 0.0457824 7.41159 0.998704 0.0508847 -0.00127431 17.4486
-0.00140506 0.0449284 -0.998989 -205.758 -0.0483889 0.997817 0.0449438 7.44368 0.998828 0.0484031 0.000772044 17.4421
0.000194328 0.0460385 -0.99894 -206.728 -0.0470061 0.997836 0.0459785 7.48088 0.998895 0.0469473 0.002358 17.4415
0.002043 0.050889 -0.998702 -207.711 -0.0477627 0.997569 0.0507336 7.51544 0.998857 0.0475971 0.00446864 17.4373
0.0037788 0.054707 -0.998495 -208.704 -0.0446604 0.997515 0.0544843 7.55306 0.998995 0.0443874 0.00621265 17.4401
0.00501146 0.0554094 -0.998451 -209.699 -0.0442598 0.997498 0.0551344 7.5926 0.999007 0.043915 0.00745133 17.4431
0.00728438 0.0562507 -0.99839 -210.694 -0.0475105 0.997309 0.0558431 7.6355 0.998844 0.0470272 0.00993727 17.4403
0.0104071 0.0580433 -0.99826 -211.709 -0.050354 0.997078 0.0574496 7.67911 0.998677 0.0496685 0.0132994 17.4406
0.0140564 0.0584116 -0.998194 -212.733 -0.0513612 0.997017 0.0576195 7.72211 0.998581 0.0504584 0.0170146 17.4488
0.0170654 0.0560338 -0.998283 -213.753 -0.0543674 0.997003 0.0550325 7.76447 0.998375 0.0533349 0.0200607 17.4568
0.0198063 0.0525076 -0.998424 -214.781 -0.05415 0.997211 0.0513696 7.80803 0.998336 0.0530472 0.0225944 17.4705
0.0217486 0.0513805 -0.998442 -215.814 -0.0532779 0.997319 0.0501622 7.84955 0.998343 0.052104 0.0244278 17.4902
0.0232926 0.0536125 -0.99829 -216.858 -0.0536925 0.997187 0.0523005 7.89013 0.998286 0.0523825 0.0261056 17.5082
0.0246985 0.0569965 -0.998069 -217.927 -0.0554306 0.996916 0.0555589 7.93167 0.998157 0.0539513 0.0277817 17.5252
0.0264228 0.0567055 -0.998041 -219.001 -0.0553726 0.99694 0.055177 7.97369 0.998116 0.0538062 0.0294819 17.5447
0.02706 0.0539387 -0.998178 -220.072 -0.0541041 0.997159 0.0524169 8.01654 0.998169 0.0525871 0.0299014 17.5691
0.0271214 0.0509512 -0.998333 -221.136 -0.0512845 0.997456 0.0495132 8.05657 0.998316 0.0498562 0.0296654 17.5984
0.0271304 0.0499158 -0.998385 -222.215 -0.0496158 0.997589 0.0485277 8.09488 0.9984 0.0482191 0.0295416 17.6258
0.0272181 0.0489813 -0.998429 -223.309 -0.0498055 0.997625 0.0475841 8.13139 0.998388 0.0484321 0.029593 17.649
0.0274793 0.0490477 -0.998418 -224.408 -0.0497441 0.997625 0.0476396 8.16832 0.998384 0.0483563 0.0298539 17.6767
0.0273819 0.0499402 -0.998377 -225.509 -0.051868 0.997477 0.0484726 8.2061 0.998278 0.0504566 0.0299031 17.6985
0.0268211 0.0522728 -0.998273 -226.628 -0.0525853 0.997323 0.0508102 8.24603 0.998256 0.0511316 0.0294981 17.722
0.0259906 0.0538448 -0.998211 -227.738 -0.0529221 0.997222 0.0524135 8.28739 0.99826 0.0514652 0.028768 17.7448
0.0253658 0.0556814 -0.998126 -228.885 -0.0539534 0.997069 0.0542513 8.33439 0.998221 0.0524762 0.0282956 17.7683
0.0245044 0.0566903 -0.998091 -230.028 -0.0563233 0.996883 0.0552389 8.38097 0.998112 0.0548622 0.027621 17.788
0.0234309 0.0553568 -0.998192 -231.158 -0.0584832 0.996832 0.0539086 8.42731 0.998013 0.0571143 0.0265941 17.8049
0.0223446 0.0508159 -0.998458 -232.308 -0.0568811 0.997154 0.0494766 8.47176 0.998131 0.0556878 0.0251715 17.8261
0.0210066 0.0445662 -0.998786 -233.467 -0.0538051 0.997609 0.043382 8.51298 0.99833 0.0528284 0.0233543 17.8469
0.0191601 0.0399949 -0.999016 -234.64 -0.0490355 0.998035 0.0390151 8.54854 0.998613 0.0482397 0.0210836 17.8667
0.0169483 0.0400308 -0.999055 -235.823 -0.0427439 0.998314 0.039276 8.58162 0.998942 0.0420379 0.0186308 17.8889
0.0147123 0.043896 -0.998928 -236.99 -0.038124 0.998334 0.0433085 8.61268 0.999165 0.0374459 0.0163613 17.9064
0.0126197 0.0463144 -0.998847 -238.178 -0.0359498 0.998302 0.045835 8.64891 0.999274 0.0353299 0.0142633 17.917
0.0106312 0.0456275 -0.998902 -239.391 -0.0342498 0.998389 0.0452396 8.68826 0.999357 0.0337312 0.0121768 17.9236
0.00859543 0.0463556 -0.998888 -240.606 -0.0345648 0.998342 0.0460328 8.72894 0.999365 0.0341307 0.0101834 17.9222
0.00680777 0.0478387 -0.998832 -241.807 -0.0336927 0.998299 0.0475835 8.76799 0.999409 0.0333294 0.008408 17.9204
0.00463634 0.0475085 -0.99886 -243.016 -0.032874 0.998338 0.0473311 8.80668 0.999449 0.0326171 0.00619043 17.9173
0.00240623 0.04606 -0.998936 -244.236 -0.032781 0.998405 0.0459566 8.84588 0.99946 0.0326356 0.00391229 17.9111
-0.00010546 0.0457758 -0.998952 -245.469 -0.03257 0.998422 0.0457549 8.88564 0.999469 0.0325407 0.00138563 17.9047
-0.00221963 0.0468295 -0.9989 -246.717 -0.033005 0.998355 0.0468773 8.92627 0.999453 0.0330728 -0.000670367 17.8919
-0.00433196 0.04709 -0.998881 -247.971 -0.0333574 0.998328 0.0472086 8.96636 0.999434 0.0335246 -0.00275392 17.8782
-0.00680575 0.0481443 -0.998817 -249.223 -0.0346411 0.998229 0.048352 9.00761 0.999377 0.0349292 -0.00512593 17.8601
-0.00905416 0.049873 -0.998715 -250.479 -0.0364668 0.998075 0.0501716 9.04969 0.999294 0.0368742 -0.00721802 17.8396
-0.0103558 0.0507763 -0.998656 -251.738 -0.0381789 0.997962 0.0511369 9.09202 0.999217 0.0386572 -0.00839615 17.8146
-0.0112186 0.0511908 -0.998626 -252.983 -0.0406215 0.997841 0.0516069 9.13456 0.999112 0.0411446 -0.00911497 17.7897
-0.0110052 0.0513704 -0.998619 -254.242 -0.0411794 0.997809 0.0517826 9.17645 0.999091 0.0416924 -0.0088657 17.7636
-0.0110374 0.0502738 -0.998674 -255.522 -0.0401656 0.997907 0.050679 9.21884 0.999132 0.0406718 -0.00899504 17.7413
-0.0109066 0.0491357 -0.998733 -256.79 -0.0372959 0.998077 0.0495107 9.26113 0.999245 0.0377887 -0.00905305 17.7235
-0.0109412 0.04883 -0.998747 -258.048 -0.0361516 0.998135 0.0491961 9.30051 0.999286 0.0366445 -0.00915548 17.6992
-0.0110299 0.0494047 -0.998718 -259.308 -0.0359851 0.998112 0.0497722 9.33924 0.999291 0.0364879 -0.00923121 17.6775
-0.0106547 0.0493362 -0.998725 -260.537 -0.0351989 0.998145 0.049683 9.37806 0.999324 0.0356834 -0.00889833 17.6559
-0.0102903 0.0500203 -0.998695 -261.787 -0.0348715 0.998123 0.050351 9.41836 0.999339 0.0353441 -0.00852667 17.6365
-0.0100945 0.0508966 -0.998653 -263.051 -0.0322357 0.998168 0.0511977 9.45811 0.999429 0.0327091 -0.00843536 17.6182
-0.0102073 0.053297 -0.998527 -264.294 -0.0277264 0.99818 0.0535619 9.50038 0.999563 0.0282323 -0.00871096 17.6047
-0.0100269 0.0567689 -0.998337 -265.511 -0.0245403 0.998073 0.0570003 9.54217 0.999649 0.025071 -0.00861445 17.5901
-0.0096853 0.0591653 -0.998201 -266.763 -0.0223781 0.997985 0.0593696 9.58857 0.999703 0.0229129 -0.00834177 17.5744
-0.00967892 0.0576404 -0.99829 -268.002 -0.0228996 0.998063 0.0578493 9.63602 0.999691 0.0234204 -0.00834023 17.5545
-0.00965406 0.0562633 -0.998369 -269.211 -0.0251173 0.998087 0.0564903 9.68359 0.999638 0.0256217 -0.00822241 17.5309
-0.0101613 0.0593928 -0.998183 -270.418 -0.0309687 0.997737 0.0596815 9.73271 0.999469 0.0315189 -0.00829901 17.5025
-0.010207 0.065546 -0.997797 -271.645 -0.0365791 0.997157 0.0658781 9.78418 0.999279 0.037171 -0.00778039 17.4729
-0.00995786 0.0650843 -0.99783 -272.885 -0.0408925 0.997018 0.0654395 9.84103 0.999114 0.0414554 -0.00726671 17.4444
-0.00950978 0.0580245 -0.99827 -274.109 -0.0405259 0.997472 0.0583642 9.89751 0.999133 0.0410108 -0.00713425 17.4232
-0.0100065 0.0524707 -0.998572 -275.322 -0.0375532 0.997898 0.0528116 9.94693 0.999245 0.0380281 -0.00801503 17.405
-0.0101835 0.0514494 -0.998624 -276.553 -0.0315918 0.99816 0.0517477 9.99015 0.999449 0.0320753 -0.00853937 17.3946
-0.00936414 0.052949 -0.998553 -277.769 -0.0281449 0.998188 0.0531935 10.0328 0.99956 0.0286023 -0.00785692 17.383
-0.00758807 0.0549028 -0.998463 -278.999 -0.0274945 0.998103 0.0550919 10.0789 0.999593 0.0278702 -0.00606415 17.3674
-0.00650593 0.0574224 -0.998329 -280.237 -0.0288317 0.997924 0.057587 10.1252 0.999563 0.0291582 -0.00483684 17.351
-0.00565817 0.0588718 -0.99825 -281.467 -0.0298421 0.997811 0.0590151 10.175 0.999539 0.0301237 -0.00388893 17.3324
-0.00474562 0.0599094 -0.998193 -282.7 -0.0308189 0.997721 0.0600276 10.2256 0.999514 0.0310481 -0.00288846 17.3149
-0.00394738 0.0591126 -0.998244 -283.919 -0.0305027 0.99778 0.0592057 10.2749 0.999527 0.0306828 -0.00213552 17.3006
-0.00386121 0.0574517 -0.998341 -285.14 -0.0309501 0.997863 0.0575439 10.3243 0.999513 0.0311209 -0.00207482 17.2885
-0.00354783 0.0563918 -0.998402 -286.341 -0.0308166 0.997928 0.0564745 10.3705 0.999519 0.0309678 -0.00180268 17.2777
-0.00333605 0.0562004 -0.998414 -287.551 -0.0311237 0.99793 0.0562772 10.4151 0.99951 0.0312621 -0.00157998 17.266
-0.00302594 0.0560683 -0.998422 -288.781 -0.0317534 0.997918 0.0561362 10.4609 0.999491 0.0318732 -0.00123928 17.2549
-0.00276376 0.0562656 -0.998412 -289.99 -0.0323696 0.997888 0.0563256 10.5069 0.999472 0.0324739 -0.00093663 17.2426
-0.00240454 0.0564702 -0.998401 -291.21 -0.0317828 0.997896 0.0565181 10.5527 0.999492 0.0318679 -0.000604695 17.2318
-0.0022867 0.0548676 -0.998491 -292.433 -0.0314158 0.997997 0.0549124 10.5978 0.999504 0.031494 -0.000558406 17.2206
-0.00224442 0.052429 -0.998622 -293.644 -0.0311438 0.998137 0.0524735 10.6405 0.999512 0.0312186 -0.000607402 17.2099
-0.00265614 0.0495854 -0.998766 -294.86 -0.0321895 0.998248 0.0496453 10.6823 0.999478 0.0322817 -0.00105536 17.1971
-0.00280503 0.0483217 -0.998828 -296.078 -0.0339037 0.998253 0.0483891 10.7217 0.999421 0.0339997 -0.00116185 17.1821
-0.0030119 0.0484665 -0.99882 -297.289 -0.0370146 0.998135 0.0485448 10.7597 0.99931 0.0371171 -0.00121232 17.1647
-0.00314355 0.0496298 -0.998763 -298.517 -0.0403398 0.997948 0.0497163 10.7993 0.999181 0.0404461 -0.00113504 17.1474
-0.00349373 0.0507135 -0.998707 -299.798 -0.0441086 0.997733 0.0508184 10.8433 0.999021 0.0442291 -0.00124891 17.127
-0.00386493 0.0507138 -0.998706 -301.05 -0.0455561 0.997667 0.0508374 10.8867 0.998954 0.0456936 -0.00154559 17.1113
-0.00413314 0.0486118 -0.998809 -302.27 -0.0453252 0.997782 0.0487494 10.9272 0.998964 0.0454727 -0.00192063 17.0954
-0.00453738 0.0463084 -0.998917 -303.511 -0.0430222 0.997993 0.046461 10.9682 0.999064 0.0431864 -0.00253598 17.0819
-0.00538447 0.0459471 -0.998929 -304.774 -0.040106 0.99813 0.0461266 11.0066 0.999181 0.0403114 -0.00353165 17.0722
-0.00606404 0.0479668 -0.998831 -306.017 -0.037976 0.998117 0.0481631 11.0448 0.99926 0.0382236 -0.00423104 17.0608
-0.0066824 0.0490645 -0.998773 -307.251 -0.0367066 0.99811 0.0492775 11.0831 0.999304 0.0369908 -0.00486878 17.0474
-0.00721985 0.0486184 -0.998791 -308.48 -0.0378813 0.998087 0.048858 11.1225 0.999256 0.0381883 -0.00536431 17.0281
-0.00735487 0.0472333 -0.998857 -309.704 -0.0391238 0.998105 0.0474858 11.1613 0.999207 0.0394283 -0.00549299 17.0115
-0.00651557 0.0468452 -0.998881 -310.935 -0.0391995 0.998122 0.0470653 11.1992 0.99921 0.0394623 -0.00466702 16.9936
-0.00529144 0.0462762 -0.998915 -312.173 -0.0375143 0.998216 0.0464425 11.2369 0.999282 0.0377194 -0.00354599 16.978
-0.0047529 0.047043 -0.998882 -313.41 -0.0349239 0.998276 0.0471807 11.2746 0.999379 0.0351091 -0.00310178 16.9688
-0.00423388 0.0478718 -0.998845 -314.634 -0.0314301 0.998354 0.0479815 11.3117 0.999497 0.031597 -0.0027223 16.9609
-0.00400175 0.0485727 -0.998812 -315.881 -0.0294646 0.99838 0.0486698 11.3504 0.999558 0.0296243 -0.00256409 16.9505
-0.00328157 0.0482919 -0.998828 -317.13 -0.0285998 0.99842 0.0483661 11.389 0.999586 0.0287249 -0.00189525 16.9388
-0.00251133 0.047749 -0.998856 -318.396 -0.028827 0.998441 0.0478017 11.4277 0.999581 0.0289141 -0.00113095 16.9214
-0.00152467 0.0489096 -0.998802 -319.665 -0.0302349 0.998344 0.0489334 11.468 0.999542 0.0302733 -4.33712e-05 16.9094
8.91968e-05 0.0507929 -0.998709 -320.907 -0.0321924 0.998192 0.0507637 11.5072 0.999482 0.0321463 0.00172418 16.8992
0.0021276 0.0514765 -0.998672 -322.175 -0.033934 0.998103 0.0513749 11.5501 0.999422 0.0337796 0.00387036 16.8868
0.0038803 0.0523639 -0.998621 -323.446 -0.0368875 0.997956 0.0521857 11.596 0.999312 0.0366342 0.00580394 16.8774
0.0053239 0.0548859 -0.998478 -324.689 -0.0390401 0.997743 0.0546373 11.6419 0.999223 0.0386898 0.00745463 16.8724
0.00599329 0.0590147 -0.998239 -325.96 -0.0413284 0.997419 0.058718 11.6921 0.999128 0.0409037 0.0084168 16.8662
0.00619933 0.0613191 -0.998099 -327.215 -0.0436781 0.997182 0.0609914 11.743 0.999026 0.043217 0.00886016 16.8623
0.00627158 0.0635021 -0.997962 -328.456 -0.0480232 0.996849 0.0631295 11.7976 0.998827 0.0475294 0.0093014 16.8566
0.00616225 0.0658475 -0.997811 -329.69 -0.0533191 0.996432 0.0654273 11.854 0.998559 0.0527991 0.00965119 16.8501
0.00626539 0.0658276 -0.997811 -330.951 -0.0573727 0.996211 0.0653618 11.912 0.998333 0.0568376 0.0100184 16.8426
0.00653523 0.0596572 -0.998198 -332.23 -0.0582586 0.996546 0.0591771 11.9686 0.99828 0.0577669 0.0099882 16.8377
0.00633506 0.0526839 -0.998591 -333.486 -0.0586497 0.996912 0.0522232 12.0203 0.998259 0.0582363 0.00940539 16.836
0.0060756 0.0523446 -0.998611 -334.724 -0.0599745 0.99685 0.0518874 12.0662 0.998181 0.0595759 0.00919581 16.8329
0.00600239 0.055239 -0.998455 -335.957 -0.0583486 0.996791 0.0547961 12.108 0.998278 0.0579296 0.00920625 16.8359
0.00646104 0.0556468 -0.99843 -337.195 -0.0591757 0.996722 0.0551687 12.1558 0.998227 0.0587263 0.00973281 16.8361
0.00621197 0.0578159 -0.998308 -338.43 -0.0591762 0.996599 0.0573487 12.2035 0.998228 0.0587198 0.00961217 16.8403
0.00602258 0.0612563 -0.998104 -339.652 -0.0584127 0.996439 0.0608017 12.2508 0.998274 0.0579358 0.00957929 16.8452
0.00585251 0.0627439 -0.998013 -340.872 -0.0576021 0.996394 0.0623043 12.3002 0.998322 0.057123 0.00944558 16.8482
0.00599068 0.0633307 -0.997975 -342.08 -0.0582848 0.996318 0.0628757 12.3497 0.998282 0.0577901 0.00965984 16.8481
0.00590473 0.0615449 -0.998087 -343.279 -0.0595835 0.996353 0.0610855 12.398 0.998206 0.0591088 0.00955025 16.846
0.00583619 0.0592952 -0.998223 -344.453 -0.0612982 0.996384 0.0588275 12.4449 0.998102 0.060846 0.00944978 16.8445
0.00584531 0.0594799 -0.998212 -345.621 -0.061829 0.996341 0.0590063 12.4895 0.99807 0.0613736 0.0095015 16.8423
0.00566391 0.06219 -0.998048 -346.786 -0.061934 0.99617 0.0617215 12.5349 0.998064 0.0614635 0.00949389 16.841
0.00547644 0.0645264 -0.997901 -347.933 -0.06024 0.996125 0.064081 12.5799 0.998169 0.0597626 0.00934229 16.8395
0.00521826 0.0667027 -0.997759 -349.043 -0.0577356 0.996129 0.0662917 12.6273 0.998318 0.0572603 0.00904918 16.843
0.00488099 0.069922 -0.997541 -350.151 -0.0575548 0.995918 0.0695267 12.6776 0.99833 0.0570739 0.00888541 16.8401
0.00434947 0.0718363 -0.997407 -351.256 -0.0570738 0.995808 0.0714723 12.7273 0.99836 0.056615 0.00843121 16.8381
0.00393474 0.0668096 -0.997758 -352.334 -0.0569526 0.996161 0.0664781 12.7741 0.998369 0.0565633 0.00772461 16.8342
0.00325659 0.0551515 -0.998473 -353.382 -0.058136 0.9968 0.0548695 12.8159 0.998303 0.0578685 0.00645245 16.8291
0.00256488 0.0440067 -0.999028 -354.427 -0.0600275 0.997236 0.0437737 12.8521 0.998193 0.0598569 0.0051994 16.8242
0.00193219 0.0394897 -0.999218 -355.475 -0.0601518 0.997415 0.0393021 12.8801 0.998187 0.0600288 0.00430257 16.8167
0.0011349 0.0425404 -0.999094 -356.532 -0.0609971 0.997237 0.0423921 12.9063 0.998137 0.0608937 0.00372661 16.8096
0.000498905 0.0496918 -0.998764 -357.56 -0.0609112 0.996912 0.0495692 12.9355 0.998143 0.0608113 0.00352416 16.804
-9.26545e-05 0.0552918 -0.99847 -358.592 -0.0615188 0.996579 0.0551928 12.9673 0.998106 0.0614298 0.00330915 16.7966
-0.000110597 0.0580458 -0.998314 -359.613 -0.0627053 0.996349 0.0579385 13.0036 0.998032 0.0626059 0.00352959 16.7882
9.20089e-07 0.0606714 -0.998158 -360.611 -0.06671 0.995934 0.0605362 13.0415 0.997772 0.066587 0.00404831 16.7783
0.00178245 0.0619829 -0.998076 -361.594 -0.0700749 0.995631 0.061706 13.078 0.99754 0.0698301 0.00611811 16.7665
0.00384502 0.0612346 -0.998116 -362.546 -0.073107 0.99547 0.0607906 13.1119 0.997317 0.0727355 0.00830427 16.7599
0.00715569 0.0583171 -0.998272 -363.456 -0.0749539 0.995521 0.0576191 13.1444 0.997161 0.0744121 0.0114947 16.7575
0.0111162 0.05579 -0.998381 -364.349 -0.0766298 0.995554 0.0547788 13.1735 0.996998 0.0758968 0.0153419 16.7588
0.0167255 0.0526461 -0.998473 -365.226 -0.0760399 0.995788 0.0512308 13.1972 0.996964 0.075067 0.0206583 16.7679
0.025224 0.0499828 -0.998432 -366.073 -0.0771249 0.99587 0.0479061 13.2174 0.996702 0.0757955 0.0289747 16.7839
0.0382633 0.0471925 -0.998153 -366.886 -0.0765872 0.996085 0.0441588 13.2339 0.996328 0.074756 0.0417278 16.8113
0.0555088 0.0459949 -0.997398 -367.684 -0.0763408 0.99621 0.0416914 13.2471 0.995535 0.073828 0.0588097 16.8561
0.0772552 0.0457442 -0.995961 -368.456 -0.074033 0.996452 0.0400241 13.2579 0.994259 0.070642 0.0803677 16.9192
0.102669 0.0470928 -0.9936 -369.198 -0.0702319 0.996729 0.0399841 13.2678 0.992233 0.0656773 0.10564 17.0041
0.130829 0.0487958 -0.990203 -369.904 -0.0670675 0.996936 0.0402663 13.2764 0.989134 0.0611425 0.133701 17.1089
0.195579 0.0558463 -0.979097 -371.241 -0.0602867 0.997174 0.0448349 13.2976 0.978833 0.0502577 0.198393 17.3804
0.268101 0.0622782 -0.961376 -372.503 -0.0520439 0.997387 0.0500974 13.3202 0.961984 0.0366025 0.270642 17.7439
0.349625 0.0602581 -0.93495 -373.647 -0.0477497 0.997779 0.0464514 13.3423 0.935672 0.028403 0.351726 18.1921
0.394025 0.0597541 -0.917155 -374.178 -0.0477341 0.997868 0.0445053 13.3551 0.917859 0.0262434 0.396037 18.4504
0.440169 0.0591396 -0.895965 -374.708 -0.0463088 0.997996 0.0431237 13.368 0.89672 0.0225093 0.442026 18.7371
