0 1 0 0 0 0 1 0 0 0 0 1 0
1 0.999028220107522 -0.000464223698384613 0.044072666417566 0.0439269473158512 0.000578742430819873 0.999996489643713 -0.00258568316899527 -0.0188032494249267 -0.0440713113714008 0.00260867717617854 0.99902498182848 1.02227386963221
2 0.9960565334311 -0.00473658498317818 0.0885942829527836 0.132364062845482 0.00540193418240054 0.999958969068102 -0.00727181458431006 -0.0411973525915018 -0.0885562042790327 0.0077217189120495 0.996041251023638 2.0341851900683
3 0.990932865623978 -0.00411034174934718 0.134295051721773 0.270309267484506 0.00569454427804167 0.999918637972174 -0.0114144470447866 -0.066131086326114 -0.134237207925804 0.0120756998379551 0.990875647839681 3.04722142791199
4 0.983610460271159 -0.00179460359502406 0.180297647913375 0.449660335082703 0.00437593665666241 0.999893531990027 -0.0139203398983463 -0.0936699748486602 -0.180253470489573 0.0144811630211575 0.983513590294521 4.06538350849453
5 0.974129558139464 -0.00429247392708565 0.225949504594716 0.679846821761104 0.00762994772379047 0.999874283648192 -0.01389966894379 -0.124336439396159 -0.22586143508077 0.015264061274773 0.974039845476896 5.06895091430204
6 0.96252175340678 -0.00482513571681201 0.271161561221445 0.957882428122012 0.00925801091450913 0.999843565966235 -0.0150709266413564 -0.159426292841052 -0.271046423058198 0.0170165114296868 0.962415853405439 6.0618123603592
7 0.949064091941875 -0.00738089339076194 0.314996621885536 1.28019867915062 0.0136603713875681 0.999749453617912 -0.0177320118497476 -0.193709172115842 -0.314786822532486 0.021131786565269 0.948927133112159 7.03297416442534
8 0.93397905793207 -0.00914464355332858 0.35721071489893 1.65239940392068 0.0172751761595348 0.9996590958879 -0.0195770349451415 -0.227744906660383 -0.356909915290931 0.0244554186811188 0.933818635958906 7.9886209850613
9 0.916742651967175 -0.00899733111308003 0.399376962401479 2.06096996395328 0.018661404676974 0.99961943078243 -0.0203161408169238 -0.261779385031468 -0.399042180777513 0.0260776079242799 0.916561670770317 8.93006534998616
10 0.897167241859395 -0.00936190211679168 0.441591774066457 2.5100837019174 0.0197706303169279 0.999624466485726 -0.0189749355729833 -0.296310026693101 -0.441248300066161 0.0257542383285374 0.897015416197983 9.85771653720845
11 0.875288101211852 -0.00909314548483644 0.483516343655664 2.99997654940868 0.0204096488922122 0.999626989308302 -0.0181474096916243 -0.331612951870692 -0.483170969853371 0.0257526105785538 0.875147197298456 10.76239560277
12 0.851417336380918 -0.00923175595543088 0.524407564773815 3.53359040470438 0.0212771228821045 0.999629965513873 -0.0169474507992735 -0.367475371193735 -0.524057061160217 0.0255872376139618 0.851298707810251 11.6422727901649
13 0.825764158412008 -0.00942701308675678 0.56393677491929 4.10437544590216 0.0229948358674049 0.999591691155843 -0.0169613824799763 -0.402728801922232 -0.563546619371937 0.0269737353079446 0.825643764221591 12.4956687764045
14 0.798458895263502 -0.0112463842330279 0.601944276005904 4.71786372600664 0.0265838167428067 0.999508944173036 -0.0165882851882669 -0.436310455544996 -0.601462129532669 0.0292470401884619 0.798365779187862 13.3123229175492
15 0.770048152242276 -0.0101451444005679 0.637905102090701 5.36176319297684 0.0274370871157043 0.999475111183112 -0.0172252249944692 -0.469326452022041 -0.637395520441477 0.0307665105365633 0.769922315789419 14.0840033621588
16 0.739614922112675 -0.0134329548954176 0.672896219866808 6.04514917710354 0.0325422621370402 0.999345164889198 -0.015819057733827 -0.503317767677914 -0.672243087107087 0.0335975763316295 0.739567735032684 14.8174560120876
17 0.70753120815524 -0.0124744867640772 0.706571989726708 6.75841149628539 0.0327793897238136 0.999347319443669 -0.0151804719982091 -0.538608934487497 -0.705921455330351 0.0339016563124418 0.707478322355924 15.5219863987596
18 0.673542098634483 -0.0115481346720075 0.739058645814155 7.50936450214603 0.0343594024426873 0.999286228926841 -0.0156991764418955 -0.574705953802605 -0.738349830927615 0.0359676696877834 0.673458130774581 16.1995575804166
19 0.638036603536484 -0.0126278256977222 0.769902481205104 8.30524990102953 0.0389991501951225 0.999112220946108 -0.0159322390201075 -0.605421285156336 -0.769017788371431 0.0401908941712362 0.637962642475271 16.8488975733804
20 0.601226766768511 -0.0108563916336755 0.799004701914688 9.12304811783867 0.039106698075008 0.99910930438867 -0.0158513106606089 -0.635991452908668 -0.798120943896821 0.0407766678958106 0.601115814355738 17.4680485465768
21 0.563478246986948 -0.00943801904449162 0.826076987313551 9.95329266492936 0.0420734073899145 0.998964983357557 -0.0172855551267257 -0.669026543590541 -0.825058842485261 0.0444959079236798 0.563292127243874 18.0182715796303
22 0.524589345449575 -0.00780722217480709 0.851319602689084 10.8150113983743 0.0467907528267051 0.998710950837118 -0.0196738945796045 -0.699370168892256 -0.850068611401866 0.0501546005859124 0.524278429796011 18.5414077691651
23 0.485657910649135 -0.00668770104600077 0.874123371429135 11.7076230764447 0.0483816457691559 0.998643595817154 -0.0192401893455722 -0.728662904931046 -0.872809034197393 0.051635677473089 0.485322724210715 19.0338514436357
24 0.447003091079616 -0.00827307929847433 0.894494154661834 12.6513497429181 0.0533218745337101 0.998425559441036 -0.0174120633775821 -0.760851450254007 -0.892941775403906 0.0554793512378687 0.446740447379399 19.5006531984576
26 0.374553795430455 -0.00640720049783047 0.927183046712148 14.6121568695821 0.0587765873600107 0.998129003939699 -0.0168464914048946 -0.821272894697611 -0.925340352036456 0.0608065726391873 0.374229600134627 20.3223485448937
28 0.307575294878801 -0.00890754530047673 0.95148205112705 16.6706245767442 0.061905105170964 0.998025024284713 -0.0106681233246738 -0.874138805775766 -0.949507870390757 0.0621828476206946 0.307519263669434 21.0187671612333
30 0.24160333216208 -0.00518801468879316 0.970361228817273 18.8082639843215 0.0596140148601957 0.998176238194548 -0.00950614201607026 -0.918870727974813 -0.968542203066252 0.0601438443015592 0.241471983617566 21.6120895096928
32 0.179780514275697 -0.00319949673327967 0.98370154513827 21.0217750634623 0.0615984937622073 0.998068856336678 -0.00801146534809274 -0.958720818055313 -0.981776243475566 0.0620348388524555 0.179630416454331 22.0741203801544
34 0.118721622072738 -0.00389529138689047 0.992919937939323 23.3248070839955 0.0621567396330843 0.998060205533901 -0.00351651074408342 -0.992453091584095 -0.990980179504415 0.0621341519185665 0.118733445139765 22.4010597635031
36 0.0624182229157182 -0.00393444428196072 0.99804232655546 25.6239324136439 0.0657268600565749 0.997837636367244 -0.000176963656882942 -1.01380034112985 -0.995883499870917 0.0656092340850324 0.0625418506891848 22.5724057325185
38 0.0143620949807901 -0.00295187984436272 0.999892502538722 28.0492973936929 0.0742206601954987 0.997240074819817 0.00187797058265665 -1.02597577012003 -0.997138417587001 0.0741857100710741 0.0145415471440788 22.6158439065778
40 -0.0236436827674247 -0.00344540983008879 0.999714511956437 30.5273680302178 0.0844385106457512 0.996413890761241 0.005431042070703 -1.03342656662932 -0.996148138674726 0.0845428142963617 -0.0232679686635973 22.5543849406627
42 -0.0536379444480002 -0.00391966392536055 0.998552756317915 33.0433045417848 0.0899164278396976 0.995910970971056 0.00873921644299785 -1.03858982953853 -0.994503899901827 0.0902550504636795 -0.0530661751575989 22.4117469824066
44 -0.0791382969170249 -0.00479338162861402 0.996852122159368 35.6130338148386 0.0897419631749019 0.995893797088279 0.011913226540503 -1.03748729540056 -0.992815949714038 0.0904022588968509 -0.0783831715341972 22.2160704234819
46 -0.100583496774844 0.00150439777917163 0.99492748326894 38.1380693518978 0.0901423775237753 0.995899835515125 0.00760719365520547 -1.02946073445022 -0.990836672691774 0.0904502869440924 -0.100306697886159 21.9504047928338
48 -0.117117164315663 0.00522854997119138 0.993104340987319 40.6995613402183 0.0907241036044815 0.995861119031511 0.00545606327591682 -1.0191864408324 -0.988965473031198 0.090737499780996 -0.117106785822481 21.6263357478719
50 -0.128071203272632 0.00761820374050529 0.991735715734827 43.3981196743644 0.0915522941320244 0.995791523776737 0.00417356125728718 -1.01182678724189 -0.987530224515414 0.0913301929603414 -0.128229682688383 21.2586384829788
52 -0.136975025732327 0.0102806356534938 0.990521151140241 46.1797183787623 0.0906235017160061 0.995882804355755 0.00219566054883209 -1.00818973640332 -0.986420408985113 0.0900652459002737 -0.137342739955798 20.860723262667
53 -0.140213890824437 0.00911770720614748 0.99007925553219 47.5988700656605 0.0905222007183487 0.995887754705507 0.00364845237483155 -1.00603351930647 -0.985974541251943 0.0901357167993209 -0.140462651833478 20.6366653531264
54 -0.143000785187886 0.00730649191957069 0.989695605027868 49.0059215242739 0.0912634247101188 0.995809690743462 0.00583499199581932 -1.00199016680788 -0.985505841051097 0.0911574187723634 -0.143068383149218 20.4203349415585
55 -0.145270945019758 0.00620854291716347 0.989372430648799 50.3981307170746 0.0912104709535842 0.995806014393689 0.00714364653253664 -0.994721736917188 -0.985178665279294 0.091278889630638 -0.14522796489074 20.2002557432747
56 -0.147264697788338 0.00719366273411701 0.989070958021606 51.8588834929577 0.0940212734717046 0.995547249640742 0.00675824441055517 -0.987423858560759 -0.98461825542698 0.0939889618477704 -0.147285322183543 19.9833117397021
57 -0.14847421865762 0.00705016059556117 0.988891147513004 53.2964476818412 0.0937622534582617 0.995570148714807 0.00697988641779828 -0.979612954129866 -0.984461297472094 0.0937569955979471 -0.148477538893963 19.7548734189371
58 -0.149156319079636 0.00854267416687677 0.988776726666184 54.8164554082066 0.0957251957208727 0.995390666115598 0.00584026661610201 -0.973060531534408 -0.984169233101104 0.0955219583552657 -0.149286556960634 19.5311591784095
59 -0.149488289981639 0.00892248509973676 0.988723237523024 56.3130012472681 0.0954983711872278 0.995414634666678 0.00545584017267679 -0.96676056677203 -0.984140900612789 0.095237042956238 -0.149654914352987 19.3073115492935
60 -0.148655532783632 0.0104847281829013 0.98883345566771 57.7774097999794 0.0955277647784712 0.995419487681723 0.00380653384135925 -0.962705526172749 -0.984264181370654 0.0950269120743541 -0.148976196932159 19.0917633098425
61 -0.147746825833276 0.0103996280324868 0.988970537070229 59.2760692329874 0.0960365462472762 0.995370244771445 0.003880413448075 -0.95984746442897 -0.984351490698869 0.0955506334904125 -0.148061538552368 18.8601307443578
62 -0.146464730316394 0.00926638224927588 0.989172490991008 60.7692288396894 0.0950669139814714 0.995459546676924 0.00475108364608934 -0.957638890435412 -0.98463717411003 0.0947334422988151 -0.146680640409127 18.6215126641916
63 -0.145264261561932 0.0100252263212861 0.98934209914977 62.3259138805141 0.0960452792092319 0.995368864535693 0.00401595001781608 -0.956151411180657 -0.984720061060243 0.095605012160095 -0.145554398749679 18.3820379081603
64 -0.144134685186584 0.0107357736860703 0.98949984117711 63.9863127662532 0.0961081098242592 0.995365757215106 0.00320009212462833 -0.955233286136256 -0.984879903212657 0.0955602036778881 -0.144498524978175 18.1470291989711
65 -0.143352468345164 0.0114715538599044 0.98960521081459 65.5713043522354 0.0970694690874648 0.995274408084858 0.00252404088985814 -0.953290378915063 -0.984899785760169 0.0964222799117262 -0.143788580722525 17.9057200042677
66 -0.142326434147884 0.0113534170350234 0.989754659531531 67.2434636902908 0.0970397644014628 0.995277270462522 0.00253752351310879 -0.953199488119633 -0.985051506403425 0.096406715649377 -0.1427559978076 17.66083175196
67 -0.141360638577097 0.00980281568236499 0.989909629544926 68.8589172321173 0.0987698339368283 0.995101228618351 0.00425025956152929 -0.952503055337881 -0.985018624070209 0.0983740291283558 -0.141636367603405 17.4276104225086
68 -0.14085421810491 0.00785239348846514 0.989999206645418 70.4870657205469 0.100511776313357 0.994915225418063 0.00640913829295461 -0.952261388345082 -0.984914956767531 0.100409332971725 -0.140927264174769 17.1841209504583
69 -0.139961827350208 0.00892212721568498 0.990116701470456 72.1839362835534 0.102028682470746 0.994766480755363 0.00545863708946078 -0.953962775394815 -0.984886204004338 0.101784303365194 -0.140139647317909 16.9388218935228
70 -0.139083979849407 0.0107550989304957 0.990222184358766 73.8962736228459 0.104012163558332 0.994568739130152 0.00380696427272871 -0.95595526902934 -0.984803085079025 0.103524639540808 -0.139447239581074 16.6973653962178
71 -0.138546890759204 0.0103300848636279 0.990301998588141 75.6351584718354 0.10314287259399 0.994658287319101 0.00405454072523065 -0.961734192305799 -0.984970206094589 0.102704336880887 -0.138872287702911 16.4551917800234
72 -0.138384725390255 0.0101318275903718 0.99032672075853 77.3770091132641 0.103581144853674 0.994611718332844 0.00429839339628394 -0.964463491969394 -0.984947010863766 0.103174007505117 -0.138688535812691 16.228163109658
73 -0.138317742645746 0.00900436551652583 0.990346971253525 79.1163179917663 0.103294122850716 0.994636287391744 0.00538330642528213 -0.96569436994276 -0.984986561458524 0.103041628506211 -0.138505944063428 15.9821105680993
74 -0.13808574708701 0.00926751731571471 0.990376917932878 80.8981100415098 0.104691913096547 0.994490628176624 0.00529091684396183 -0.964998814973475 -0.984871529583228 0.104415054430228 -0.138295215480236 15.7318720892471
75 -0.138070671096898 0.0090175292492141 0.990381327544644 82.6936566224159 0.105601211845712 0.994392406442507 0.00566798607947132 -0.965560501883633 -0.984776560362588 0.10536805101984 -0.138248688907747 15.4841629847908
76 -0.138229065621185 0.00999698254384871 0.990349829988127 84.4810015915776 0.105853609858055 0.994370440826584 0.00473705503064724 -0.967040752988048 -0.984727240761376 0.105486903217237 -0.138509113606739 15.2426764546998
77 -0.138711894350566 0.0106559956740928 0.990275446591438 86.2527845287974 0.105325023308176 0.994429593209597 0.00405260584413833 -0.970405111244998 -0.984716024969031 0.104862929127454 -0.139061555665111 14.9949595340284
78 -0.139857156168925 0.011331231341012 0.990106852347077 88.072264731289 0.104534171248474 0.994515537290724 0.00338424714471162 -0.97214883797683 -0.984638300549869 0.103973310438969 -0.140274615688749 14.7404586644607
79 -0.14109291287154 0.0119610246690862 0.989924100033073 89.9072321776803 0.103795324230741 0.994594803096824 0.00277638625272722 -0.976350865757631 -0.984540156928736 0.103141221350411 -0.141571776329486 14.4878010511683
80 -0.142274823278954 0.011099928316067 0.989764955053633 91.7070505303801 0.102520046591922 0.994724491653674 0.00358130578550509 -0.979587549567011 -0.98450368953485 0.10198027895489 -0.142662216429404 14.2296347852449
81 -0.143320102114908 0.0108133896174166 0.989617309334651 93.5480168857869 0.102465612546623 0.994728624115722 0.0039702153956161 -0.985388785538001 -0.984357733029622 0.101970755463634 -0.143672608575742 13.9660272018719
82 -0.143938924579833 0.00981588929908652 0.989537889273609 95.3770007492774 0.100037666333716 0.994972636053402 0.00468175388597947 -0.987872080849421 -0.984517166587412 0.099664947811218 -0.144197249878359 13.704726225639
83 -0.145316143765355 0.0108144151375782 0.98932616804894 97.2184316637993 0.0999791227914181 0.994982243993006 0.00380908709557742 -0.987312911275352 -0.984320777677189 0.0994654842841237 -0.14566819855102 13.4315331365109
84 -0.148210047675819 0.0115554949806952 0.988888392238317 99.1086413141052 0.0985030662145595 0.995131810053302 0.0031347354544799 -0.986121518237213 -0.984038072289006 0.0978731380706197 -0.148626784698949 13.159972528804
85 -0.152156808061626 0.0125945163096324 0.988276117246301 101.015288574331 0.0991152221445696 0.995072621655282 0.00257883138594095 -0.989544442130333 -0.983374027773629 0.0983455936532537 -0.152655382182415 12.8743893695827
86 -0.156804907890667 0.0118542385546099 0.987558452897695 102.870816083072 0.0972177249878372 0.995257020327288 0.00348961852317332 -0.993098302546757 -0.982833116459549 0.0965553753943219 -0.157213627503703 12.5830703333098
87 -0.161758759507694 0.0110659735985856 0.986768284832284 104.77323111158 0.0956621562392623 0.995403602384301 0.00451887419743184 -0.99953498533527 -0.982182699698069 0.0951273493201227 -0.162073846826502 12.2822173391033
88 -0.16649337081405 0.0118268791496115 0.985971643813632 106.656482706709 0.0944180168375498 0.995524595749671 0.00400216865182995 -1.00694026278051 -0.981511688963224 0.0937598218163516 -0.166864916149341 11.9689645577536
89 -0.171077704790126 0.0137399314867183 0.985161729467037 108.554527760057 0.0949831264935252 0.995475459844008 0.00261046545192915 -1.0138407194632 -0.980668458045459 0.0940203336044976 -0.171608718495424 11.6431167521341
90 -0.17606734739634 0.0153721652217191 0.984258088977283 110.378870916362 0.0944011502587189 0.995533340060644 0.00133852812065051 -1.02327609540518 -0.979841166725836 0.0931507668465223 -0.176732064507994 11.3252594760344
91 -0.180969136616083 0.0156400374950869 0.983364408965253 112.403862244035 0.0931195714260197 0.99565408245316 0.00130134998750793 -1.03436901417682 -0.979070435162795 0.0918059765021202 -0.181639053258456 10.9696897038097
92 -0.186227591515871 0.0153175927317521 0.982387222795117 114.301104139997 0.0911260943522554 0.995837829406475 0.00174712652803514 -1.04570912149933 -0.978271597812337 0.0898464739202674 -0.186848312911284 10.6246627653035
93 -0.191668286889389 0.0146824136167568 0.981349934799648 116.239067092651 0.0891844027052195 0.996011951492149 0.00251690264311912 -1.05552750588668 -0.977399309450851 0.0880035181977867 -0.192213346752539 10.2607317237228
94 -0.197094442380888 0.0141657073103783 0.980282160155414 118.242203339645 0.0884899898836155 0.996071270767626 0.00339782897803911 -1.06391631902243 -0.976382764326043 0.0874148516429735 -0.197573634980157 9.87375033858027
95 -0.202782115307313 0.0139233303415022 0.979124892229635 120.245469994356 0.0886226203267019 0.996056461245197 0.00419012865241168 -1.07272280477341 -0.975205334725934 0.0876222967280356 -0.203216358195356 9.47402450101646
96 -0.208346037443656 0.0156360945556725 0.977930182185095 122.201746104828 0.0892372244975236 0.99600561745546 0.00308670716887964 -1.08080462526617 -0.973975690890438 0.0879108784179405 -0.208909145348596 9.0662935922782
97 -0.213799152015474 0.0166721178136004 0.976735359800737 124.149308227068 0.0887380457808042 0.996052053012401 0.00242217274045204 -1.08816703932288 -0.972838877630036 0.0871914455516717 -0.214434535451129 8.64900829913248
98 -0.219817284387945 0.0166114429731709 0.975399621409942 126.137199330907 0.0892289491440414 0.996006172173098 0.00314636738859654 -1.09923622897829 -0.971451777557157 0.0877255091489531 -0.220421593600985 8.21143363730208
99 -0.22506669922232 0.0164742162431365 0.974204075694792 128.115188219249 0.0885213668640036 0.996067747934614 0.00360681757149765 -1.11099531289416 -0.970313840213412 0.0870496509105003 -0.22564000036931 7.75999324876321
100 -0.230201408840841 0.0172764240724427 0.97298963845406 130.098576098385 0.0879635456299239 0.996118794657237 0.00312435126487596 -1.12089050595789 -0.969159288253435 0.0863068485224849 -0.230827645420154 7.29878375342042
101 -0.235453709631352 0.0177264950322607 0.971723891851336 132.09554572829 0.0870630428029657 0.996198516107423 0.00292285532613223 -1.13212267729406 -0.967978087148012 0.0852894359181708 -0.236101958742481 6.82488956391017
102 -0.241295897108626 0.0170189649269137 0.970302347143075 134.237190862782 0.0886262541895068 0.996054471945006 0.00456902469808501 -1.14153092866684 -0.966396231939509 0.0870967493720131 -0.241852184488684 6.31391345403435
103 -0.246435872419023 0.0167701964241354 0.969013994376227 136.214481019486 0.0910722740301921 0.99582664783684 0.0059269183402245 -1.15569072527261 -0.96487056214191 0.0897109133268523 -0.246934708662062 5.82661996599667
104 -0.249400374412224 0.0174949967260477 0.968242417131474 138.177714581069 0.0921117875012437 0.995732159842885 0.00573449718363638 -1.16025725447297 -0.964009788252365 0.0906167255211696 -0.249947468899873 5.32953628556691
105 -0.252013204259927 0.0181956515961893 0.967552718533535 140.120952292169 0.0926117571528792 0.995687667535909 0.00539732840919362 -1.16717899748366 -0.9632821016274 0.0909669554282799 -0.252611570804682 4.82225682896025
106 -0.255299124520076 0.0180530627111675 0.966693562586423 142.12673537994 0.091632954937567 0.995777083975129 0.00560362377391706 -1.16997895744831 -0.962510134278436 0.0900115879025387 -0.255875273237902 4.30626107418338
107 -0.259560953900408 0.0187179478558672 0.965545312058619 144.164869977201 0.0903650658670469 0.995896227378345 0.00498589655159434 -1.1761168813943 -0.961489607890358 0.088545709786776 -0.260187223355033 3.76962658784955
108 -0.264343466312917 0.0196827491464997 0.964227733060872 146.225008083287 0.0892886820664281 0.995997154295549 0.00414727501005441 -1.18044909667325 -0.960286448447812 0.0871909285488156 -0.265042786935022 3.21333238867602
109 -0.269445588132924 0.0193575458693385 0.962821042797476 148.267843594651 0.0881842778998047 0.99609331540896 0.00465189519186883 -1.18265846918833 -0.958969555391094 0.0861591110417382 -0.270099980410042 2.65769191370882
110 -0.273550013168498 0.0198287875448432 0.961653372832444 150.258254209285 0.0884703555401043 0.996068060208391 0.00462770172981686 -1.18470105036618 -0.957780447955648 0.0863437236699581 -0.274228690870747 2.11308418541111
111 -0.278276769001183 0.0206705208412852 0.960278485337671 152.385707080901 0.0882678856940046 0.99608817917272 0.0041375919910865 -1.18894743393198 -0.956436521777254 0.0859131473089222 -0.27901274331131 1.52037318727319
112 -0.282430129491649 0.0205315785803843 0.95906812909007 154.421116625859 0.0877643225793755 0.996131011355578 0.00452016569349267 -1.1975284837284 -0.955264699252262 0.0854485956391959 -0.283139350613396 0.92927411276225
113 -0.286708041852933 0.0200527323191944 0.957808115784885 156.497804916784 0.0875507617395079 0.996145682921926 0.00535187021913239 -1.20321549795777 -0.954009099985786 0.0853912543680279 -0.287358610140302 0.32578552564426
114 -0.291391473435887 0.0201896099500591 0.956390813872095 158.56670526477 0.0880472396122704 0.996099424928259 0.00579821129748313 -1.20751332652869 -0.952543276080159 0.0858971204852368 -0.292032518543436 -0.282852431456074
115 -0.295258132612791 0.0210556358855269 0.955185476922395 160.576055060267 0.0892766018127841 0.995990895988239 0.00564123012359004 -1.21116204265642 -0.951237259307461 0.0869413325524852 -0.295954187669695 -0.894627177639398
116 -0.29895889909682 0.0221635501416183 0.954008571080961 162.651625700303 0.0894219707714641 0.995981858045212 0.00488360401280115 -1.21862008809337 -0.950066991213864 0.0867693234382198 -0.299739548134558 -1.53138021158352
117 -0.302398117442101 0.0237664847727202 0.952885372313492 164.749489093534 0.0895106915280045 0.995979481539308 0.00356489198571291 -1.22740784447156 -0.948969554132087 0.0863714452480646 -0.303309674715643 -2.18739196803552
118 -0.305882996769979 0.0248173650266205 0.951745601870664 166.843779669285 0.0902990909954267 0.995910014564549 0.00305238520510184 -1.23827422787938 -0.947777224062921 0.0868754354416491 -0.306872925271043 -2.84932443679639
119 -0.309157782635499 0.0255144519463633 0.950668437562633 168.959407014985 0.090028504423506 0.995935929843993 0.00254794761474396 -1.24939258385211 -0.946739844850299 0.0863749754712407 -0.31019837166751 -3.5261633106673
120 -0.312781831097966 0.0255701033984221 0.94948075069861 171.055471174016 0.0902195662449894 0.995917677778323 0.00289981985610353 -1.26021417482388 -0.945530515637422 0.0865687524504419 -0.313811878515784 -4.20364681621563
121 -0.316659057809572 0.0256355181044365 0.948192945195582 173.22855668414 0.089917508108278 0.995944384516877 0.00310236762756214 -1.27143754980696 -0.944267908404576 0.0862415396477585 -0.317679892338864 -4.91825173223473
122 -0.320391272901034 0.0264020849873687 0.946917294253925 175.398973031051 0.0920771226878593 0.995746104712328 0.00339093316814074 -1.28305088377279 -0.942799679532391 0.0882758452723374 -0.321459389993626 -5.64161942276319
123 -0.323352408720882 0.0266640712896852 0.945902874018608 177.496529642503 0.0941412300014463 0.995550335074957 0.00411814836491234 -1.29415495890932 -0.941584116576007 0.0903800732152792 -0.324423787317426 -6.35733773273861
124 -0.325780973250637 0.0262012472512566 0.945082140403863 179.599179561202 0.0949241716347934 0.995471322478114 0.00512325708148498 -1.30329641815457 -0.940667932432756 0.0913801989828936 -0.326792747971143 -7.08272931128496
125 -0.328622982061266 0.025597296962527 0.944114248409256 181.77236294816 0.0944454903795363 0.995512649793401 0.0058833194959263 -1.30920949786099 -0.93972708006534 0.0911007271624899 -0.329565884918837 -7.83021236349881
126 -0.331445858089018 0.026079293887717 0.943113733112795 183.842725635865 0.0935518040265559 0.995600055119506 0.00534698133662475 -1.31580288890385 -0.938824639173372 0.0900022259522254 -0.332427279573493 -8.54845581365518
127 -0.334410621876954 0.0278214118818573 0.942016722259626 185.86981730607 0.0926383192926502 0.995693745952124 0.00347937788419029 -1.32450396688869 -0.93786335773102 0.0884303868177 -0.335547893619927 -9.25637878252965
128 -0.337589720136929 0.0295962778440712 0.940827955152081 187.94620149089 0.0921305424125454 0.99574542645052 0.00173460590428363 -1.33531322026328 -0.936773795541186 0.0872645749468221 -0.338880140974225 -9.98925892121866
129 -0.341035258034134 0.0305456679452629 0.939554104321497 190.065972182281 0.091254958233855 0.995827280624138 0.000748172755740703 -1.34890712837138 -0.935610755269161 0.0859941238371133 -0.342399657257653 -10.7521115609508
130 -0.344449807149279 0.0312659834273541 0.938283948831667 192.244408185694 0.0896913845165666 0.995969571283767 -0.000261954827779128 -1.36694309852178 -0.934510452535619 0.0840657561504731 -0.345865816097115 -11.5386608848868
131 -0.348326903233845 0.0317203579552405 0.936836264976282 194.407114593964 0.0905810548125695 0.995889085617279 -4.07114523696093e-05 -1.38255355833624 -0.932986302682179 0.0848454361740894 -0.34976822464007 -12.3303364467123
132 -0.351720358932049 0.0309245532052423 0.935594175442412 196.523383488459 0.0901935711770293 0.995923763883124 0.000988054251986047 -1.40098882513039 -0.93174991753745 0.0847320986517321 -0.353075859592565 -13.1081419840702
133 -0.355643259901025 0.0301587638862548 0.934135065527371 198.688096252198 0.0901064388655601 0.995929817297051 0.00215143989690921 -1.41974263490646 -0.930268080373577 0.0849367292725359 -0.356913225670533 -13.9142706313335
134 -0.359751523812746 0.0299258558047135 0.932568112401858 200.880631864409 0.0899251389630701 0.995944784993819 0.00273031611524673 -1.43642874633002 -0.928704641151793 0.0848435524832155 -0.360983740776712 -14.745559287337
135 -0.363377820790713 0.0299771221819085 0.931159455465649 203.114015688219 0.0888902436181373 0.996037973516752 0.00262295675702571 -1.45108007875349 -0.927391548347785 0.0837241151540699 -0.364602781935036 -15.6072651363456
136 -0.366959193645637 0.0305504486222957 0.929735242038249 205.271394368348 0.0881459999533375 0.996105437370873 0.00205920674253426 -1.46396165608562 -0.926051420219833 0.0827080874471097 -0.368222947926486 -16.4478141892813
137 -0.370232662462684 0.031202004898065 0.928414891379998 207.415579698577 0.0882644872219051 0.996095586234944 0.00172144669292216 -1.48276203455643 -0.924736262910267 0.0825834001092444 -0.371541149921715 -17.2927147140089
138 -0.373168783535082 0.0318891613667714 0.927215261081412 209.525871918904 0.0891991151748587 0.996012457342701 0.00164397998034881 -1.50099823265815 -0.923465525532475 0.0833202628745104 -0.374525242069948 -18.1267367518002
139 -0.375873194871258 0.0316471848303499 0.926130550770024 211.631071720361 0.0901200715093594 0.995927660234757 0.00254328340338572 -1.5172697580695 -0.922278544740374 0.0844189035206906 -0.377194558073076 -18.9725166454462
140 -0.378436758873774 0.0312284786697671 0.925100211681461 213.7632206635 0.0914198461233107 0.995805254450841 0.00378245196747364 -1.52977156363104 -0.921101531465399 0.0860039378637279 -0.379704215678506 -19.8383620621989
141 -0.38087653689996 0.031956314726451 0.924073513086593 215.943737942423 0.0925615429456653 0.995700024082341 0.00371790397181291 -1.54290759976113 -0.919981208724728 0.0869497325558272 -0.382196702761626 -20.7327549954943
142 -0.383510094610232 0.0328292316107249 0.922953004699535 218.149554467394 0.0926385443508998 0.995695049830772 0.00307698603239893 -1.55904519639876 -0.918878722918643 0.0866810780640538 -0.384900354992115 -21.6421344977271
143 -0.386075271231455 0.033085604566698 0.921873759098292 220.323737257438 0.0923407670218996 0.995723136296922 0.002935743317952 -1.57768774325487 -0.917833899836657 0.0862599479102424 -0.387479230020341 -22.5509108471491
144 -0.388828876433233 0.0343435020138829 0.920669663191468 222.517665655492 0.0921675954419198 0.995741914687628 0.00178148383988971 -1.59798293732247 -0.916688190827243 0.0855486014125281 -0.390338567905141 -23.4728558283666
145 -0.391783843543355 0.0354691728348347 0.919373350558308 224.713077624598 0.0919304661588375 0.995765139550376 0.000759110031199302 -1.61944606970668 -0.915453007712693 0.0848158277365332 -0.393385391232506 -24.3961577139233
146 -0.39426172196978 0.0353719659842154 0.918317221123418 226.860893566573 0.0896484914309449 0.995973459578388 0.000125696510436874 -1.64280305642681 -0.914615133580011 0.0823753108514223 -0.395845254599006 -25.3076355715345
147 -0.397329530863931 0.0362985137423509 0.916957829893799 228.997112209863 0.0904880663723779 0.995897516889295 -0.000213770727363577 -1.6689457098181 -0.913203785443117 0.0828888035492859 -0.398984075494914 -26.2224346595158
148 -0.399861783153646 0.0359107319124676 0.915871701553606 231.128538561356 0.092034187594512 0.995755196968326 0.00113843066893993 -1.6932063299031 -0.911943124699674 0.0847467229105686 -0.401469463681753 -27.1434422513394
149 -0.402500474977819 0.0349946454032741 0.914750644949611 233.30426382796 0.0925060003950655 0.995708701315418 0.00261189886338503 -1.71710587316373 -0.910733774235665 0.0856712140562016 -0.404010439900504 -28.0898928327031
150 -0.405610632599812 0.0344527976701013 0.913396419663819 235.434288565841 0.0915063228410765 0.995799750419614 0.00307407617641057 -1.73518836778952 -0.909454016210872 0.0848284256422147 -0.407059615536813 -29.0230219605964
151 -0.408634924520553 0.0347085909244073 0.912037725194591 237.496891205558 0.0901378584418988 0.995926198053109 0.00248485552638783 -1.75250894975767 -0.908236018300084 0.0832245261177314 -0.410098784824935 -29.9392450318915
152 -0.412119992195786 0.0339508995114625 0.910496814082788 239.719812784119 0.0884849290739021 0.99607326730213 0.00290920828517212 -1.77240070599523 -0.906822766233475 0.0817641889119104 -0.413505850082252 -30.9315787361603
153 -0.41558430691064 0.0332472799173926 0.908946809350084 241.909097803186 0.0875458314621037 0.996154023313693 0.00359015731567412 -1.79195750141734 -0.905331658147009 0.081066517219114 -0.416896640119288 -31.9153572678513
154 -0.419231501236472 0.0334651781524871 0.907262382236934 244.023397445889 0.0872610430686734 0.99617905795361 0.00357698996727331 -1.81217057280308 -0.903676080647032 0.0806682486848521 -0.420549848318291 -32.8754186833556
155 -0.422914887646206 0.0330643794934832 0.905565980266435 246.187992495877 0.0865383703060251 0.996240327710668 0.00403979055379755 -1.83177446541341 -0.90202777577632 0.0800746917050088 -0.424186203778922 -33.868162343659
156 -0.427040184818464 0.0324794214789054 0.903649139727698 248.284893164105 0.0855337339591773 0.99632460746343 0.00461052251295907 -1.84844284039147 -0.900178127319928 0.079261363495952 -0.428248730706292 -34.8423273532749
157 -0.430896384595069 0.0323582434316258 0.901821074174316 250.424973132446 0.0847972736205164 0.996386829316667 0.00476536995483226 -1.86490521532009 -0.898408441706458 0.0785253490683027 -0.432083373232847 -35.8484620160138
158 -0.434693397665853 0.0330442740735664 0.899972069553643 252.552947036721 0.084863670858273 0.99638283201234 0.00440561454594221 -1.88391454912192 -0.896571139059347 0.0782900250480209 -0.435925297022099 -36.8608976707585
159 -0.438076131422922 0.0333877809437539 0.89831762710145 254.660449104186 0.0852721303285167 0.996347296784408 0.00455279909931762 -1.90137766748229 -0.894884331557305 0.0785959303911735 -0.439323016537015 -37.8790565026316
160 -0.441763438714292 0.0331864790727832 0.896517552433903 256.812416024854 0.0850022837205032 0.996368197715867 0.00500263357976332 -1.9186535791282 -0.893095558144605 0.0784160199652215 -0.442979967758353 -38.9226681503947
161 -0.445389709333581 0.0335558065606428 0.89470778171748 258.921192062325 0.083805753189983 0.996472631009885 0.0043464215737131 -1.93234249678332 -0.891405969551477 0.0769175109731296 -0.446630825127073 -39.9574193440871
162 -0.449207254132139 0.0338470014916977 0.892786213673288 261.020211357496 0.0843718138273998 0.99642337083678 0.00467579744461302 -1.94746641862517 -0.889434786741861 0.0774263943386845 -0.450456339275153 -40.9969946728864
163 -0.452656087517373 0.0344403499016515 0.891019825106106 263.162438560985 0.0849795271917857 0.996371805750707 0.00465882639033408 -1.96164950105937 -0.887626580489636 0.0778272895822958 -0.453940487954697 -42.0627016785615
164 -0.455890946623738 0.0356931273681085 0.889319653131087 265.296283443593 0.086490876787367 0.996243131969336 0.00435318693373606 -1.9756988622738 -0.885823217701515 0.0789026150555958 -0.457265354382249 -43.1390891038366
165 -0.45899854108965 0.0377544575425694 0.887634463173462 267.436017172925 0.0886975162987709 0.996052459197021 0.00349987571165145 -1.99037159847943 -0.883998354002994 0.080337410110322 -0.460535352233424 -44.2381581699275
166 -0.461946538698684 0.0385970109941391 0.886067529100702 269.49222683687 0.0900416250469886 0.9959316401744 0.00356003629569908 -2.00518631477523 -0.882325280802495 0.081427506666037 -0.463542511550936 -45.2980576633796
167 -0.464864779464159 0.0406851149266246 0.884446413434498 271.577667742591 0.0918604811389062 0.99576880966387 0.00247582421198719 -2.01827140302899 -0.880603423124546 0.0823965965559704 -0.466635202334034 -46.3881398308396
168 -0.467443830281581 0.0431912706313766 0.882967032041928 273.699855841765 0.0935783284869494 0.995611567015638 0.000839084176079506 -2.03131985313392 -0.879055949282679 0.0830188036887616 -0.469434251269349 -47.5061967678995
169 -0.470361764923863 0.0437405509307752 0.881389002825643 275.793227288077 0.0942982293215029 0.995543571209325 0.000917480578924329 -2.04353088933404 -0.877421024391676 0.0835449700942895 -0.472390287714943 -48.6233563010503
170 -0.473657536052352 0.0448246888168272 0.87956766983177 277.904104800623 0.0946868864299596 0.995507070591656 0.000256788279524353 -2.05596850413993 -0.875604323926633 0.0834051537645916 -0.475773736398396 -49.748680301525
171 -0.476938860284444 0.0447298808767723 0.877797562828312 280.094952675212 0.0939513529684709 0.995576739221891 0.00031558786400697 -2.07289950044403 -0.873900719089971 0.0826207847763254 -0.479031668156684 -50.9206008724856
172 -0.480358713894951 0.0459014652215956 0.875870173870363 282.284290216539 0.0947292281213521 0.995503051610758 -0.000218112819192393 -2.08866126876147 -0.871941442600776 0.0828657331119426 -0.482546775920324 -52.1065215555915
173 -0.483476369919191 0.0461796878601143 0.874138453655315 284.40330181143 0.0937987225414957 0.995590922918934 -0.000716834017219588 -2.10207777441193 -0.870317413004787 0.081646497968787 -0.485676281065987 -53.2644444586198
174 -0.486443104591855 0.0460529485307094 0.872497697376139 286.475737426946 0.0923929122998302 0.995722078220186 -0.00104532369597719 -2.11616070279307 -0.868813360712065 0.0801041127315029 -0.488617105074828 -54.4032678510726
175 -0.489100431816333 0.0467040295975211 0.870976177180772 288.578982330042 0.0938686874839259 0.995584359024172 -0.000673480863933842 -2.12933885256775 -0.867161713354045 0.0814279908003562 -0.491324785866839 -55.5763651641997
176 -0.491258097914297 0.0466808557973736 0.869762254260123 290.701782664522 0.0952373078420294 0.995454530352069 0.000364961016866175 -2.14227819723867 -0.865791739639868 0.0830131056133074 -0.493470858174831 -56.7678357483057
177 -0.493381880674583 0.0467660891701741 0.868554691844871 292.832237388243 0.0961855800882057 0.995362870370413 0.00104425622679543 -2.15461281365298 -0.864478255368582 0.0840576539745142 -0.495592228352295 -57.9711001772395
178 -0.495422073994096 0.0464074250708211 0.867411851139748 294.915005614781 0.0958984695691925 0.995389963382214 0.00151800271484824 -2.16429998159962 -0.863342604146045 0.0839355210638009 -0.497588561132662 -59.1533432433002
179 -0.497751008856186 0.0456369608749633 0.866118468215952 297.097083300492 0.0954116582837172 0.995435052705659 0.00238145090903708 -2.17245366000354 -0.86205600087593 0.0838231689151516 -0.499833099851162 -60.3988034717068
180 -0.500293381330196 0.045785505938082 0.864644562836772 299.322794829916 0.0967816115158864 0.995300187689062 0.00329485333593013 -2.18052135383586 -0.860430039148789 0.0853300874962115 -0.502373291386297 -61.6746071031957
181 -0.502624688679826 0.0456340573705315 0.863299458552715 301.466099979336 0.0970566489170859 0.99527122712641 0.00389760891773587 -2.18795019941695 -0.859039247782366 0.0857479869279339 -0.504676979371274 -62.9087422900254
182 -0.504723417142415 0.0462816355460259 0.86203960605025 303.655720568703 0.0963075909001778 0.995347250798533 0.00294928174396048 -2.1943776841011 -0.85789225437877 0.0845095292791654 -0.506832338488701 -64.1759835452741
183 -0.507227854742254 0.0485006782323952 0.860446156121676 305.8375291526 0.0955098136711914 0.995428469628324 0.000193250891155616 -2.20503328285669 -0.856503227586484 0.082279074280222 -0.509541337939843 -65.4482413616089
184 -0.51058793441288 0.0477222186830097 0.858500175349988 308.026912146681 0.0937935047065551 0.995591575203186 0.000440294561969143 -2.21955410666481 -0.854694530055534 0.0807465493281965 -0.512813080044512 -66.7334598407166
185 -0.515138932418371 0.045812626742944 0.855881465822092 310.163166778449 0.091692945915062 0.995785540601525 0.00188700777604861 -2.23391840950671 -0.852187939351572 0.0794503641265479 -0.517168595009288 -67.9942961423722
186 -0.520143622814758 0.0434423399311583 0.852973255586859 312.378056940795 0.0895358139576136 0.995976071189867 0.00387345274193672 -2.24684987432298 -0.849372680078708 0.0783864064650377 -0.521940247171467 -69.313756683501
187 -0.524619752757282 0.042220721655548 0.850289083594381 314.617964734717 0.0887390973351654 0.99604084003149 0.0052931647908796 -2.25542590801977 -0.846699171855641 0.0782307845560052 -0.526289327962028 -70.671998345399
188 -0.529088043198839 0.0425443290156401 0.847499747854023 316.869651575306 0.0895337418635341 0.995966326350909 0.00589795244037845 -2.25935285701351 -0.843830286024351 0.079000359769332 -0.530763027672782 -72.0524063152519
189 -0.53321305765357 0.0439543527776134 0.844838357332118 319.113175463987 0.0920241397407672 0.995737003454769 0.00627516182181969 -2.26234926175929 -0.840960993657079 0.0810915212757745 -0.534984833733143 -73.4419994863314
190 -0.536910480136961 0.0452307627505736 0.842425850992299 321.287586078105 0.0936365187579482 0.995586994703308 0.00622401257454942 -2.26424529328616 -0.838426704413684 0.0822235615784007 -0.538776342508997 -74.8061221855543
191 -0.54072373721581 0.045076339899941 0.839991644954039 323.411971725421 0.0938877591131432 0.995558084916339 0.00701343328358418 -2.26224858386096 -0.835944333493613 0.0826572630743111 -0.542554004833605 -76.156458174225
