0 1 0 0 0 0 1 0 0 0 0 1 0
3 0.999779200340178 -0.00763179823869272 0.0195782078546235 0.0386208503338732 0.00763413422729021 0.999970858579048 -4.45789424975959e-05 -0.0137095506436697 -0.019577297100332 0.00019403176617424 0.999808327525791 0.871327526363634
6 0.999909484455596 -0.0133844098724517 -0.00137130161160944 0.045138029799707 0.0133772598934744 0.999897530221298 -0.0050968593359381 -0.0223704193117245 0.00143937954905119 0.00507805373288972 0.999986070681387 1.80719531995661
8 0.999271776844543 -0.00804551377164627 -0.0372986019858772 -0.00844566724006062 0.007861297364363 0.999956180618738 -0.00508299578338949 -0.036341591214033 0.0373378628967927 0.00478607882667494 0.999291237549777 2.4822704988138
10 0.997048899661132 -0.00421462075559793 -0.0766533016667377 -0.0981861677081643 0.00370477103289129 0.999970068819086 -0.0067923587615906 -0.0471075240731735 0.0766796345591139 0.00648833089775715 0.997034671015026 3.19640051550507
12 0.993077260109489 -0.00712391514522063 -0.117246770899813 -0.209485519141087 0.00654911108028432 0.999964577497133 -0.0052870497481267 -0.0569413504130467 0.117280282219509 0.00448258675150471 0.993088738139008 3.95353647349868
14 0.988622474685953 -0.00480806400469923 -0.150341228764263 -0.363704428720588 0.00428160202675159 0.999983517436187 -0.003825276465391 -0.0720412485758796 0.150357142929448 0.00313805297579139 0.988626765869514 4.75441859144336
16 0.984415691855252 -0.00568703119209062 -0.175765193668613 -0.533928915759653 0.00495322899978516 0.999977091046982 -0.00461333975455924 -0.0875654839978151 0.175787403279133 0.00367083879181555 0.984421309090241 5.5985884624594
18 0.981129861550223 -0.0086054249470515 -0.193158332556275 -0.719941057533198 0.00701029224885031 0.999935462768175 -0.00894013988603119 -0.101156276885437 0.193222800354993 0.00741734184710131 0.981126868688702 6.49808183936746
20 0.977969046755175 -0.00895722312196382 -0.208557694038647 -0.938064729025207 0.00631874356764702 0.999891400974052 -0.0133138926641608 -0.118434182616906 0.208654300383435 0.0117027523296801 0.977919438665276 7.4474188422082
22 0.97428547791049 -0.0193743335554511 -0.22448261120187 -1.16252615093566 0.0161282008321896 0.999737300173743 -0.0162853240444467 -0.141562649283973 0.224739156959006 0.0122460540827729 0.97434200642729 8.44787465802821
24 0.970217483691425 -0.0156079257848635 -0.241732138931036 -1.44415259062479 0.0103261785113575 0.999679802301519 -0.0231011451609442 -0.169901552592604 0.242015297815718 0.0199169657099075 0.970067992513968 9.49869293901547
26 0.965786362301544 -0.0150832288678752 -0.258899977982366 -1.75113729346197 0.00817673250754363 0.999581937062223 -0.0277325106046136 -0.208845288734728 0.25921003730151 0.024666724668148 0.965505934345458 10.5938539691522
28 0.961203826220326 -0.0174819907653277 -0.275284551797383 -2.09035706098115 0.00886112379417072 0.99943151366283 -0.0325289099529751 -0.252452457358175 0.275696726394257 0.0288275822174767 0.960812305062224 11.7454836128623
30 0.95667769997943 -0.0177328068528758 -0.290608544133145 -2.46824260820612 0.00602930891505187 0.999136085811228 -0.0411184808063896 -0.306756037536077 0.291086629366714 0.0375849649585729 0.955958129110783 12.9199836742396
32 0.953702398556061 -0.0200580985506769 -0.300082334819876 -2.86806987846002 0.00318112489147566 0.998390486227676 -0.0566243538990912 -0.376927281445137 0.300735125040029 0.0530481827454628 0.952231208727461 14.1363930335939
34 0.951189005938008 -0.0192482653711434 -0.308008083112874 -3.30282385107151 -0.00381143789982871 0.997244203045725 -0.0740909740307956 -0.46763970082194 0.30858539810529 0.0716484736187612 0.948494358604363 15.3977534056472
36 0.948311126881116 -0.0167409553659077 -0.316900216230448 -3.76757546312111 -0.0117016599037623 0.996083738656965 -0.0876370739964511 -0.585018098647073 0.317126280508198 0.0868154709518957 0.944401395707586 16.7071285759741
38 0.945026760570623 -0.0136164699977832 -0.326709371690182 -4.25681674198183 -0.0197930962282849 0.994918527380387 -0.098718575845376 -0.722789140226797 0.32639340548959 0.0997582859718474 0.939955120861027 18.050272213091
40 0.941526214128518 -0.0101317798423495 -0.336787373792496 -4.77772106078504 -0.0262018910459792 0.9943192943014 -0.103162986994273 -0.875703217988462 0.335919408511082 0.10595512265668 0.935912209007006 19.435843516083
42 0.937001067479452 -0.0092784950086557 -0.349203248943564 -5.32372161203329 -0.0276773222824521 0.994532749701607 -0.100690494100655 -1.04250734856159 0.34822832362351 0.104012111320437 0.93162144421703 20.8734825981672
44 0.931361574874546 -0.00869339453350196 -0.36399181548311 -5.91017656741697 -0.0281815309768096 0.994994534123508 -0.0958732411893203 -1.20560409506782 0.363003330782251 0.099550499525755 0.926454683125496 22.339705265893
46 0.924556581612412 -0.00332444525706179 -0.381030281553716 -6.53756041446549 -0.0314194782024854 0.995891645856384 -0.0849272989264721 -1.36328078869774 0.379747210373763 0.0904918658067984 0.920653723414048 23.8229697415129
48 0.917233114940634 0.00157062868326301 -0.398347770147947 -7.21582263057361 -0.0360294769505135 0.996220665894663 -0.0790332944718005 -1.51449868052013 0.396718148875212 0.0868442166752238 0.913823173476736 25.3338502888876
50 0.909419023768366 0.00159431682906505 -0.415877983742877 -7.92585060339437 -0.0370695585100458 0.996322989289359 -0.0772421442308965 -1.65490528866819 0.414225647491875 0.0856618886516337 0.906134180898487 26.8594844470768
51 0.905494014442817 0.00239827670162825 -0.4243522570661 -8.30222467497949 -0.0380728505253794 0.996410386610478 -0.0756095199537046 -1.72559577973027 0.422647663972135 0.0846202678063593 0.902334950234821 27.6424038243554
53 0.897873801854238 0.00219518888299116 -0.44024744983882 -9.07880769931264 -0.0363382180127937 0.99694493943675 -0.0691398701409704 -1.86493174211095 0.438750692142441 0.0780766858750009 0.895210512263627 29.2023738221382
55 0.890311665065634 0.00442529493031101 -0.455330161325645 -9.88767244172619 -0.0352196617696407 0.997626452546416 -0.0591695580893249 -1.99425451273048 0.453987570835249 0.0687159220591097 0.888354325470798 30.7580459270114
57 0.883321895680479 0.00280682672615903 -0.468758520280085 -10.7578327942631 -0.0330903645502713 0.997860871875415 -0.0563800332916495 -2.11632835900511 0.46759753676145 0.0653131082078221 0.881525235889965 32.391883030092
58 0.880116178812989 0.00312645221304077 -0.474748077498143 -11.2131103830354 -0.0328536257818554 0.997982203337312 -0.0543337933057351 -2.171126649114 0.473620260403426 0.0634172462234376 0.878442998615634 33.2218402810036
59 0.877170376047975 0.00143429352396488 -0.480177127928789 -11.6840613356152 -0.0306917020814709 0.998118224532954 -0.0530851135303087 -2.23126621533001 0.479197402755061 0.0613021423546571 0.875563759263444 34.0752695717051
60 0.874574098808443 0.000513186218514811 -0.484891619161752 -12.165629360066 -0.0299328326802323 0.998149406419718 -0.0529319184585513 -2.29119881844998 0.483967117913126 0.0608070645885051 0.872970978712919 34.9300227567743
61 0.872566053874556 -0.000570449906009194 -0.488495809821016 -12.6487030375752 -0.0293379084820086 0.998133036298005 -0.0535698513758144 -2.34812925419878 0.487614364792186 0.0610746791840145 0.870920268917243 35.7782288409918
63 0.870671870724436 4.69967763917108e-05 -0.491864301734243 -13.6352120918409 -0.0300863746485571 0.998132566461168 -0.0531619208658658 -2.46093233428735 0.490943279401723 0.0610850027498152 0.869047362834349 37.4739649228792
65 0.870276281480301 -0.00105247104001774 -0.492562773864946 -14.6300092861804 -0.0276153551175486 0.998320615044931 -0.0509248636526544 -2.58124458708805 0.491789168297302 0.0579209968924887 0.868785688224909 39.1986642519054
66 0.869502123851419 -0.00287611010666792 -0.493920828279721 -15.1437236805409 -0.0260717352427136 0.998321755053421 -0.0517101344853241 -2.64286477811566 0.493240632186061 0.0578394448254025 0.867967901124796 40.0991432383974
67 0.868372641326896 -0.00513413903119972 -0.495885668689224 -15.6742522938869 -0.0238398053462595 0.99835812977278 -0.0520836672830299 -2.70549161107409 0.495338893562784 0.0570498495441068 0.866824489265844 41.014411362768
68 0.866790176034457 -0.00523388095850505 -0.498645562719922 -16.2051423834276 -0.0227005354816261 0.998494183121925 -0.0499404841839578 -2.76853883293778 0.498156076364629 0.0546074423663378 0.865366136857229 41.9324230360757
69 0.864766169154852 -0.00443699914821175 -0.50215514109068 -16.7424874070599 -0.0215186639565421 0.99871506647492 -0.0458820563785175 -2.83635497634862 0.501713483760171 0.0504829578625778 0.863559523819104 42.8594084151164
70 0.86209782213746 -0.00432608792044689 -0.506723425577655 -17.2779082476417 -0.0194327028640369 0.99894578246019 -0.0415895872111864 -2.89515922636997 0.506369149065429 0.0457012983218572 0.861104915911209 43.7474696305881
71 0.858009583107563 -0.00490108892740816 -0.513610294506362 -17.808260545905 -0.0179704115944631 0.999055834267267 -0.0395538155385917 -2.95398559802454 0.513319218033683 0.0431673411720132 0.85711140527555 44.619869401333
72 0.85280320581821 -0.00862182066070679 -0.52216123597475 -18.3390788873583 -0.0154737746248538 0.999007528306626 -0.0417674596491765 -3.00866402895237 0.522003117275216 0.0436992287710089 0.851823410666657 45.4728421940724
73 0.846777079287819 -0.0122460481768361 -0.531806931411054 -18.9066208511391 -0.0138297607667685 0.998890248376718 -0.0450223212976892 -3.06669918946885 0.531768103321292 0.0454786323667392 0.845668007132898 46.3643200638934
74 0.840592196669795 -0.0125256856426461 -0.541523652389285 -19.4904702500962 -0.0137692062595103 0.998915429106893 -0.0444789214254822 -3.12628360028808 0.541493460585474 0.0448449851307007 0.839508046091159 47.2566670040355
75 0.834858676520097 -0.00891912890365868 -0.550392077866962 -20.0818625741867 -0.0150721541324139 0.999123464807635 -0.0390529415101408 -3.18701004941661 0.550257958060509 0.0408992812942433 0.833992463023913 48.1349744941731
76 0.829805963996247 -0.00435046157322447 -0.558035066640403 -20.6841009663384 -0.0180998817704719 0.999233690570629 -0.0347048398425168 -3.24141825355105 0.557758421179056 0.0388986518108237 0.829091333021367 49.0054378749866
77 0.82577505947284 -0.00461320373283667 -0.563980735046816 -21.3047333148792 -0.0191487448510623 0.999160719199882 -0.0362102579196037 -3.29611383257085 0.563674442141256 0.0407010510834136 0.824993665258982 49.900927306254
78 0.822241051462743 -0.00696763195106339 -0.569096745197543 -21.9460649786359 -0.0195453051081795 0.998989555459771 -0.0404703487817615 -3.35620238796397 0.568803686993738 0.0443995516563374 0.821274037989176 50.8375924829611
79 0.819288528781034 -0.00918945298933233 -0.573307823565636 -22.5715883286156 -0.0220168308911365 0.998629984207126 -0.0474701358749439 -3.41568456884583 0.572958607375193 0.0515141591820287 0.817963767925235 51.7123550784766
80 0.815952855935975 -0.010428395311783 -0.578024381372574 -23.1886925045323 -0.0218750530749013 0.998564355580839 -0.048894885380713 -3.47779763317423 0.577704439088792 0.052540235388167 0.814553316071121 52.5671770522499
81 0.812589360137367 -0.00890563377886761 -0.582768583125876 -23.7881784085868 -0.0212502491510356 0.998765750386352 -0.0448932374217665 -3.53554546129828 0.582449103958932 0.048863744659869 0.811397175096914 53.3771539054225
82 0.809487024024656 -0.00659626526751043 -0.587100713012876 -24.4179690232578 -0.0205899968335342 0.999002920351039 -0.0396133457371523 -3.59568326348 0.586776626976656 0.044154891174328 0.808544083905931 54.2299859913939
83 0.806605496984193 -0.00466887010463236 -0.591071716365136 -25.0550114517736 -0.021093043947152 0.999104557219927 -0.036676521637378 -3.64553856786103 0.590713683379627 0.0420509856521772 0.805784747233251 55.0737117457941
84 0.803594714055005 -0.00428424859676383 -0.595161474523356 -25.7033119596955 -0.0221547802293809 0.999065740726078 -0.0371054095845962 -3.69891483455902 0.594764408195247 0.0430033826740866 0.802749031654815 55.9321791148902
85 0.799971139618755 -0.00552369506717136 -0.600013053666232 -26.3591690946841 -0.0221871706847237 0.999001501545898 -0.0387779494822507 -3.75590978772817 0.599628139127975 0.0443338324741495 0.799049814507253 56.802020379084
86 0.796073429453012 -0.00822770646040411 -0.605144114872913 -27.0095913524325 -0.0211478555324658 0.998918744992824 -0.0414018007861892 -3.81011685993521 0.604830441632445 0.0457563738550464 0.795038672723748 57.6433166876524
87 0.791745818500167 -0.00925493811717145 -0.610780570260669 -27.6692941176909 -0.0205101895078918 0.998918664112307 -0.0417233102046622 -3.86506426760359 0.610506257964528 0.0455614816323112 0.790699854798025 58.4830504132569
88 0.787401884556565 -0.00932187097001548 -0.616369511671683 -28.3483959655021 -0.0201675465679274 0.998960841973703 -0.0408718273217643 -3.92305717952647 0.616110008247067 0.044613214688117 0.786395650301419 59.3352767594601
89 0.782517040707407 -0.00888503423130196 -0.622565769352307 -29.0366067941927 -0.0206021524725606 0.998981148544624 -0.0401524117078934 -3.98069393176145 0.62228822286463 0.0442461412913195 0.78153672125167 60.1837675129963
90 0.777182326295093 -0.0101079129108021 -0.629194295739507 -29.7287269906713 -0.0203117720419419 0.998947031665419 -0.0411370859853222 -4.03905669920124 0.628947584152339 0.044751067288225 0.776158668292445 61.0295492770991
91 0.771723433797342 -0.0115206249686865 -0.635853927351535 -30.4202838810306 -0.0196340816367506 0.998927680180205 -0.0419284224372296 -4.09607852916695 0.635655130213169 0.0448415540556329 0.770669702572739 61.8585329439894
92 0.766122331383476 -0.0126861170204505 -0.642569557161317 -31.1204599209151 -0.0194327417713834 0.998890786736552 -0.0428901471212028 -4.15148806275499 0.64240091991123 0.0453459877803442 0.765026012295942 62.6759812671222
93 0.760500420288832 -0.014034441611802 -0.649185755534697 -31.8383149680356 -0.0190234476691808 0.998855709418165 -0.0438791545214002 -4.21140090888026 0.649058717820883 0.0457198667034354 0.759363203354845 63.5022599617091
94 0.754427967652363 -0.0160236717276058 -0.656187232097891 -32.5559073856962 -0.017854618595337 0.998831086004693 -0.0449185287548513 -4.27155910716242 0.656139965418005 0.0456037671146944 0.75326000969533 64.3138445658029
95 0.748298520778577 -0.0175552155169111 -0.663129804946776 -33.312939105957 -0.0163283834201907 0.998859446421355 -0.0448685880066146 -4.3346806742701 0.663161147607033 0.0444029357473003 0.747158397932824 65.1674437943286
96 0.741839505869242 -0.0176229502957854 -0.670345865322187 -34.0608290183592 -0.0153237995028484 0.998948061892099 -0.0432197965151962 -4.39591751436073 0.670402363286762 0.0423343981283629 0.74078908606609 65.9998827750819
97 0.735286397390616 -0.018439288980961 -0.677505650481386 -34.8142330456282 -0.0140820678783951 0.998998401087249 -0.0424722260941078 -4.4563396448002 0.677610219209095 0.0407699306719714 0.734290272015369 66.8104919539751
98 0.729154863109404 -0.0205621272217431 -0.684039753616721 -35.5592265256265 -0.012448635079238 0.998984598906333 -0.0432989911270133 -4.51533821149966 0.684235498266913 0.0400870312204591 0.728158508045713 67.5870432909723
99 0.722740726023246 -0.0223630560820979 -0.690757364542761 -36.3057528784482 -0.0120418973006451 0.998917149007222 -0.0449390935454324 -4.57394993583214 0.691014352714032 0.0407973423393405 0.721688811885881 68.3532832814964
101 0.711183716725522 -0.0213823939555076 -0.702680947723221 -37.8642893314679 -0.0131190865482427 0.998959611093847 -0.0436759083634084 -4.69679485901234 0.702883781739636 0.0402801270102342 0.710163291599494 69.9260038534553
102 0.706378717337137 -0.020670738276957 -0.707532210059886 -38.6871493623589 -0.0145549163963821 0.9989379942241 -0.0437154218122769 -4.75860296725234 0.707684436809116 0.0411777157527771 0.70532767819188 70.727523548115
103 0.701651288032388 -0.0212861210766081 -0.712202478970695 -39.5192097595164 -0.0149675532100213 0.998892772851277 -0.0446004562352455 -4.82341691743017 0.712363279762087 0.0419538960645951 0.700555799527493 71.5319178137117
104 0.696547393347179 -0.0227257503628789 -0.717150799408112 -40.3322811746182 -0.0161370379772567 0.99874929513783 -0.0473227373152423 -4.89222582895041 0.717329300131098 0.044535219008454 0.695309491838921 72.3062571708527
105 0.691557710869795 -0.0247958283815369 -0.72189549065734 -41.1497807157252 -0.0162730956713896 0.998622132217655 -0.0498901132724211 -4.95996715013827 0.722137880805181 0.046249366913922 0.690201330892851 73.0799462480364
106 0.686580340779653 -0.025220462419509 -0.726616380169235 -42.0126793849387 -0.0167611073535261 0.998583511620395 -0.0504978771847199 -5.0296086929369 0.726860716324097 0.0468497448789812 0.685185084827155 73.8869279211309
107 0.682022675710307 -0.0247700808343988 -0.730911426174479 -42.8701559060909 -0.0163807706317428 0.998658108770779 -0.0491289338361857 -5.10140453983624 0.731147550204788 0.0454799393340342 0.680701722450964 74.6720225630695
108 0.676658926188087 -0.0247758391166578 -0.735879647365009 -43.7160953479816 -0.015856666401731 0.998711566241873 -0.0482055347997369 -5.16991081983734 0.736125847760156 0.0442873034940028 0.675394233769153 75.4364891298823
109 0.671280983514336 -0.0265045338334612 -0.740728932105596 -44.5755660244458 -0.014317755357516 0.998710292412218 -0.0487109198375863 -5.23547797936513 0.741064668604264 0.0433042898125849 0.670035741905072 76.2117149325291
110 0.666842355549836 -0.0277247825962213 -0.744682891756443 -45.4657108859314 -0.0130197385962024 0.998721678442731 -0.0488415337128335 -5.30692754754993 0.745085068466435 0.0422651799774656 0.665628947169397 77.0009908906273
111 0.662544040226041 -0.0282395464478823 -0.748490429315814 -46.3658241646674 -0.0122640615558485 0.998746081154616 -0.048537183400471 -5.37905253342161 0.748922551105993 0.041337554290433 0.661366932232159 77.7836243280602
112 0.658631989138332 -0.0293837293750329 -0.75189128159043 -47.2765116171743 -0.0105217564617587 0.998779929166906 -0.0482487899776625 -5.45255012363012 0.752391650355481 0.0396894134671196 0.65751924301422 78.5788834570471
113 0.654639109466536 -0.0322958398458108 -0.755251358876973 -48.1593458897467 -0.00777766597299542 0.998746334133696 -0.0494496508229997 -5.52528695887777 0.75590154403128 0.0382457681731957 0.653567224505612 79.3440037010242
114 0.650547064025236 -0.0371280636972575 -0.758557858290479 -49.0644644221617 -0.00454878642452734 0.998595912287998 -0.0527779547137365 -5.59801856613157 0.759452319787234 0.0377850611722884 0.649464751254444 80.1164715483349
115 0.645653027518472 -0.0414396966502662 -0.762505684960948 -49.9922580224475 -1.89687647568195e-05 0.9985256086963 -0.0542826714326864 -5.67231484816134 0.763630910647557 0.0350622349432682 0.644700296249634 80.9009529001725
116 0.638995993917036 -0.0449256793248549 -0.767897000316566 -50.9063308542466 0.00501454938166501 0.99851505630749 -0.0542451529793117 -5.74989523447405 0.769193716857125 0.030811778015077 0.638272402883809 81.6584128462132
117 0.630531570989175 -0.0487122636615429 -0.774633496148269 -51.832598288429 0.00988812920109621 0.99845177689345 -0.054738232700878 -5.82758736224711 0.776100613894117 0.0268545077646447 0.630037040598324 82.413778981926
118 0.621414017239885 -0.0497891178913399 -0.781898754902059 -52.7634930522737 0.0128428889601347 0.998491986103595 -0.0533742811666383 -5.90427801960924 0.783377099091456 0.0231256875897771 0.621116352378969 83.1536192716406
119 0.612625076414128 -0.0482079238568765 -0.788902092674366 -53.7205402816 0.0130828651226228 0.998619907594922 -0.0508637276975731 -5.98046107663704 0.790265369599837 0.0208392953940195 0.612410294964669 83.8881506708979
120 0.603646687950124 -0.047930462055277 -0.795809868582951 -54.7076374636846 0.0126266355577376 0.998640749863881 -0.0505689705827364 -6.05903503797418 0.797151958036445 0.0204773904214681 0.603431381583845 84.6333736699309
121 0.59417704202421 -0.0491417756933422 -0.80283169382696 -55.6847291089468 0.0115532997391541 0.998550343952718 -0.052571207490846 -6.13226669197434 0.804251306493498 0.0219612493636762 0.593883439346383 85.3476130848795
122 0.584279441511408 -0.0510530942223404 -0.809945131349922 -56.6889015504761 0.0116897987873369 0.998445233002453 -0.0545019751842961 -6.21270651283745 0.811468349864262 0.0223762880076854 0.583967823517331 86.0700602962311
123 0.57441449809373 -0.052890752883662 -0.816854058347712 -57.7221857261196 0.0123427904245513 0.998356524812271 -0.0559634245673093 -6.29286548025264 0.818471526630135 0.0220639439848073 0.574123281596881 86.7939793215534
124 0.564386710229298 -0.0537880757783491 -0.823756325754536 -58.7647100482426 0.0156319530419679 0.998392434381118 -0.0544810885963139 -6.37800924666643 0.825362516328821 0.0178714821603656 0.564320234232965 87.5143031813161
125 0.554232281933466 -0.0537426204486379 -0.830625251488381 -59.796427750804 0.0167414200588265 0.998431289996824 -0.0534292430200142 -6.46001499308303 0.832193668875964 0.0157063650343247 0.554262579992707 88.1913454768547
126 0.54386023149372 -0.0543833395499104 -0.837411786983559 -60.8291490096093 0.0170504716810631 0.998408020218723 -0.0537652915772161 -6.54060692913072 0.839002580457922 0.0149625379641605 0.543921678592258 88.8548880216538
127 0.533909767259067 -0.0552740361646485 -0.843732861367529 -61.8272002798368 0.0163595066857553 0.998349516935964 -0.0550509634313986 -6.6189451318761 0.845383183512878 0.0155891936865119 0.533932814194667 89.4662108150308
128 0.524083353860396 -0.0557233276081067 -0.849842072956334 -62.8963689427641 0.0147037301683649 0.998300536495997 -0.0563900625193952 -6.69862487352341 0.851540039296788 0.0170572445630883 0.524012034100687 90.1079524601039
129 0.514233770139762 -0.0568211319542945 -0.855765732318886 -63.9747187377247 0.0138006486465582 0.998221940591011 -0.0579870625195923 -6.78512778099877 0.857539020537713 0.0180087835832825 0.514103600424146 90.7494285177675
130 0.504554759200703 -0.056786299777656 -0.861510192119329 -65.0586969994628 0.0129236256997615 0.998219620861344 -0.0582285877057608 -6.86987583580982 0.863282963382629 0.0182456757889973 0.504390345316313 91.3802470015709
131 0.495925605598966 -0.0546439119271415 -0.866644007999015 -66.1724637860674 0.011981740773237 0.998353700833258 -0.0560921199508554 -6.95574659435293 0.868282345553186 0.0174336147094344 0.495763892875249 92.0133832972123
132 0.487940996774032 -0.0531140987985317 -0.871259132621279 -67.3112005162512 0.0124404019993802 0.998468734550853 -0.0539019714158284 -7.04094777517883 0.872787958249458 0.0154621678052847 0.487854590325338 92.6520726882678
133 0.480071183053151 -0.0534024484395341 -0.875602556930147 -68.4321047561074 0.0126784044385227 0.998463449287266 -0.0539444019178017 -7.12444522687829 0.877137912339241 0.0147959095036087 0.480010587173991 93.2615639432448
134 0.472547445904006 -0.0567222228989336 -0.879477970616095 -69.5593931393049 0.0147204443185255 0.998295430286544 -0.0564760337494459 -7.20781363832377 0.881182285278515 0.0137412990072651 0.472576932163354 93.8652416063605
135 0.465745793212908 -0.0602979746846844 -0.882861829706894 -70.7011149898791 0.0172332965344543 0.998104629501988 -0.0590775935296472 -7.29517744685279 0.884750738680129 0.0123005209492855 0.465902165255047 94.4653766798179
136 0.459311037163834 -0.0631646418354327 -0.88602686142198 -71.8026764142684 0.0188617623260284 0.997937165347372 -0.0613648754615275 -7.38585834614867 0.888075224888883 0.0114735365190455 0.459554950901746 95.032439497688
137 0.453936467773573 -0.0666506474670971 -0.888537773208021 -72.9377908374552 0.0206468572255486 0.997717497463217 -0.0642923210223616 -7.48104626272454 0.89079480830995 0.0108391165669225 0.454276483036585 95.6132338996671
138 0.448924185057276 -0.0674932196154934 -0.891017250886084 -74.0754891560163 0.0231784396988151 0.997687404220673 -0.063895253286478 -7.57893341013121 0.89326918451483 0.00803173489039332 0.449450392402612 96.1922027181913
139 0.444909700143343 -0.0646824708887414 -0.893236551355848 -75.1985140585068 0.0249098684706816 0.997896287446632 -0.0598539719066533 -7.67641070099598 0.895228941205061 0.00437920768589786 0.445584969864234 96.74522619057
140 0.44107754266746 -0.0627220905424688 -0.895274561635936 -76.3505775310732 0.0279119517814256 0.998031008383185 -0.0561696470826869 -7.77167003646109 0.897034851219386 -0.000213690487789252 0.441959760650434 97.3100553501095
141 0.437684421554946 -0.0622651549251001 -0.896970120801282 -77.4959511586026 0.0294650563044289 0.998056760995126 -0.0549045743895273 -7.862438908234 0.898645735306794 -0.0023983982303994 0.438668542410827 97.8676465697991
142 0.434740426949929 -0.0621474407882997 -0.898408847228731 -78.6082234564444 0.0310967693265013 0.998056993245049 -0.0539928622329435 -7.94978048989278 0.900018750978471 -0.00446473270376124 0.435828307994142 98.4049197384958
143 0.432461043019231 -0.0612469681491272 -0.899570039053802 -79.726331028009 0.0328959423854091 0.998097790756941 -0.0521407428091375 -8.0352515356837 0.901052331024838 -0.00704336415731695 0.433653188361452 98.9328422208459
144 0.430243950414727 -0.0604266482935351 -0.900687938915327 -80.8662205742087 0.0346096762061127 0.998127671970964 -0.0504313469851094 -8.12071371527223 0.902048952909119 -0.00947473597700117 0.431529739338703 99.4727245940209
145 0.428022468173231 -0.0615007258977698 -0.901673126722175 -81.972702688001 0.0369253107455537 0.998038928775212 -0.0505452082355066 -8.20223196354895 0.903013448496334 -0.0116600756118399 0.429454019042186 99.9913597386018
146 0.425676071636015 -0.0618311331976305 -0.902760651005585 -83.0762926133644 0.0392390505964784 0.997985562123415 -0.0498509247807821 -8.2817352269952 0.904024434926854 -0.0142031250332121 0.427244768598134 100.509356140508
147 0.423363828165111 -0.0609451811591359 -0.903907491889996 -84.168723411793 0.0422610846389048 0.997977119610357 -0.0474938886527272 -8.36009559349292 0.904973518798493 -0.0180929165060371 0.425083023238731 101.02068502282
148 0.421495155693833 -0.060301228631037 -0.904823516246245 -85.2501579068666 0.0440933488805019 0.997969261645313 -0.045968787188829 -8.43577207353603 0.905758030773746 -0.020521077863916 0.423298092426802 101.522480936363
149 0.419890465816531 -0.0619528132002963 -0.905457809979541 -86.3161465064348 0.046674895612858 0.99782127850363 -0.0466277844735243 -8.50749223808062 0.906373792006315 -0.0226835866200612 0.421867282521582 102.014666877744
150 0.419133504311846 -0.0631133217892297 -0.905728333539368 -87.3978131754895 0.0478724549267969 0.997729540189827 -0.0473707999919565 -8.5847673185299 0.906661642302438 -0.0235047494206019 0.421203268187844 102.508029037643
151 0.418638030908014 -0.0644527914161249 -0.905863144606364 -88.4482180154623 0.047609600280853 0.997664313207899 -0.0489820795037283 -8.66185548437366 0.906904363777437 -0.022622020910645 0.420728795224857 102.986668576512
152 0.419032864519978 -0.065021867360088 -0.905639892682069 -89.4650611212795 0.0465978960856008 0.997658175341709 -0.0500679663482322 -8.7400911910381 0.906774555516738 -0.0212207902505841 0.421081445243748 103.452283118465
153 0.421364662958489 -0.0647322507225836 -0.904578109687752 -90.4946515128428 0.04434212252325 0.997726884350387 -0.050742885359455 -8.81760420808485 0.905806600207799 -0.0187296545845963 0.423277217741671 103.923003211865
154 0.425540842490409 -0.0647089774830815 -0.902622700581837 -91.5340380217914 0.0420681551313951 0.99777634526618 -0.0516975352517392 -8.89816060282078 0.90396087398537 -0.0159722590874928 0.427316773884723 104.40472499366
155 0.430709220995936 -0.0652723200138597 -0.900127263884992 -92.5297278910352 0.040888346510219 0.997768309731628 -0.0527877184101529 -8.9750038291515 0.901564035478753 -0.0140685583944351 0.432416888657194 104.873991899957
156 0.436120185077992 -0.0652217001321112 -0.897521762409923 -93.5609156137261 0.0404504867323029 0.997782754394039 -0.0528519929327663 -9.05459051236738 0.898978833060411 -0.013255371202737 0.437791449029809 105.370913671652
157 0.443074024431724 -0.0640273061290733 -0.894195679336313 -94.5792931193345 0.0394999413031829 0.997871916479979 -0.0518786366206576 -9.13149196043958 0.895614405595913 -0.0123346005377983 0.444660200736081 105.870997130273
158 0.451125246437093 -0.0626599519359072 -0.890258244809034 -95.5766011186563 0.0381036557680484 0.997974919061954 -0.0509330181748268 -9.20724078060311 0.891646860278318 -0.0109449233289667 0.45259925453887 106.37146151822
159 0.460019617869532 -0.0621411551984548 -0.885731577852891 -96.5698910422842 0.0375086936412606 0.998017532009587 -0.0505381410700739 -9.28080821434682 0.887116141819377 -0.00997409805918258 0.461438477254996 106.880298455125
160 0.469221128524394 -0.0617464904684124 -0.880919351280881 -97.5553929973764 0.0368340049665005 0.998052818178455 -0.0503371453717048 -9.35388399167464 0.88231218320072 -0.00882853560215855 0.470581840209224 107.402031832879
161 0.479004270809403 -0.0624743058573567 -0.875586586040463 -98.539620051761 0.035844014154334 0.998024302575429 -0.0516013383366358 -9.42878425193527 0.877080449671326 -0.00666727654064981 0.48029723320864 107.932432857327
162 0.489274410722559 -0.0638209947536702 -0.869791602420226 -99.5043642611908 0.0339116894847488 0.997956846146343 -0.0541491509253308 -9.50300579403797 0.871470337032984 -0.00300230882759865 0.49043902558149 108.466037263797
163 0.500649795919025 -0.0644855489514402 -0.863244690584698 -100.434932817227 0.0320889206837658 0.997918594807565 -0.0559354923697488 -9.57808397614563 0.865054959534705 0.000303502432690532 0.501677012499759 108.99873406763
164 0.512875957458243 -0.0626267342387542 -0.856175300052436 -101.370600603235 0.0299749818849377 0.998033714083067 -0.0550473070599907 -9.65405440675958 0.857939247687322 0.00256860120448773 0.513744731910279 109.549893442476
165 0.525707062819978 -0.0598703303348394 -0.848556201819767 -102.307187328967 0.0284544359998451 0.998199627136572 -0.0528000895485986 -9.73152360947418 0.850189643063901 0.00361219185627336 0.526464170572767 110.117248332154
166 0.538091453004941 -0.0571801688068743 -0.84094471667182 -103.226533663959 0.0275836473174375 0.998356514072609 -0.0502335864681865 -9.8084157878716 0.842435000818281 0.00383394105417799 0.538784344884198 110.693347513664
167 0.549066676005317 -0.0567745132284428 -0.83384797172395 -104.117844381959 0.0279558725987537 0.998379387105992 -0.0495688267876622 -9.88220159534453 0.835310872961507 0.00390564329354107 0.549764032529184 111.285703048332
168 0.55997686617403 -0.0574166854844758 -0.826516323842361 -104.994761782471 0.0285464993221005 0.99834055406819 -0.050012353266704 -9.95395661670676 0.828016308249038 0.00441161317400651 0.560686660214809 111.887005258182
169 0.570719611187382 -0.0586192851073969 -0.819050001416044 -105.858883701184 0.0287909698560141 0.998263882853694 -0.0513838519830584 -10.0230064008333 0.820640119334214 0.00574452812374349 0.571416481155175 112.490813212076
170 0.581856996437865 -0.0602344886537754 -0.811057483827703 -106.715760562868 0.0307070638015902 0.99816959238696 -0.0521012578229704 -10.0932613640223 0.812711210657876 0.0054102874848539 0.582641585248033 113.098663226869
171 0.592809702831916 -0.0597973196435393 -0.803119503431329 -107.567084620556 0.0308423748566647 0.998193730711156 -0.0515560266326448 -10.1649654181992 0.804751765541112 0.00579280004776507 0.593583220219432 113.718097601754
172 0.60282077266113 -0.0573081860848615 -0.795815863033592 -108.39182787465 0.0296038459326122 0.998336903783984 -0.0494675534972806 -10.2338531733926 0.79732724044412 0.00626085862091124 0.603514766426716 114.337856445117
173 0.612606559961881 -0.0545781887525236 -0.788501378568335 -109.204779415431 0.0298921480630375 0.998499167814912 -0.0458897739927483 -10.3001639762609 0.78982255106818 0.00454237662705185 0.613318599619097 114.961432218956
174 0.623444400467689 -0.0537278460091488 -0.780019485710903 -109.998419027171 0.0292990016678568 0.998540869569353 -0.0453618815851722 -10.3638366264508 0.781318531731298 0.00542681885614949 0.624108886020983 115.587194579119
175 0.633317302422667 -0.0534675111479319 -0.772043016744354 -110.77112482026 0.0275876274654018 0.998536209350041 -0.0465226979836806 -10.4267380100153 0.773400360268152 0.00816479445524086 0.633865300255975 116.211494127397
176 0.64284252688941 -0.0529300014268473 -0.764167455844196 -111.534948407588 0.0256420875132095 0.998537641004231 -0.0475926763869133 -10.4913304165422 0.765569049119936 0.0109997475724898 0.643259696066013 116.845391380132
177 0.652023316225788 -0.0525216099416522 -0.756377601193388 -112.283577566504 0.0255299107027123 0.998552990339139 -0.0473302138625584 -10.5541787924998 0.757768974528146 0.0115501503843421 0.652420704199875 117.487005299619
178 0.660843626640205 -0.0505966105046689 -0.748816188483169 -113.028089787644 0.0252815584685303 0.998659503138289 -0.0451667974621712 -10.6176215835512 0.750097689591445 0.0109169499873056 0.661236928999395 118.141207832765
179 0.669647599965856 -0.0489910701623861 -0.741061378634936 -113.766488973859 0.0254747955850443 0.998749942820376 -0.0430068192987651 -10.6788083652981 0.742241959639758 0.00992102618888718 0.67005853967358 118.802117621
180 0.677589898325526 -0.0485209959683145 -0.733837613261576 -114.481452206485 0.0259665794200103 0.99877749746818 -0.0420624215235311 -10.7385306612218 0.73498140550658 0.00944581925730734 0.678021467254637 119.460006724476
181 0.685473406941822 -0.0476293303548952 -0.726538130634253 -115.168362533114 0.024815846655482 0.9988066391226 -0.0420650852773191 -10.7954007318792 0.727674640296295 0.0108048384791621 0.68583735195387 120.103923274198
182 0.692752838679092 -0.0466003699734248 -0.719667916486764 -115.84241549399 0.0241205567247373 0.998848987494513 -0.0414596059372781 -10.8496991036633 0.72077160269072 0.0113624689009734 0.693079498365898 120.752358939334
183 0.699939575995597 -0.0438912623177943 -0.712852121444031 -116.51140905961 0.0233038692497802 0.998981927367334 -0.0386269138223072 -10.9024703968248 0.713821770215152 0.010424293050244 0.700249822907017 121.407310263796
184 0.707443588956165 -0.0409646216756126 -0.705581652408702 -117.177556823598 0.0222017490980246 0.999114254020239 -0.0357461851190976 -10.9570535137029 0.706421015246438 0.00962326267719829 0.707726459893677 122.068628950994
185 0.714768528226826 -0.0392746546556944 -0.698257440030633 -117.838420909955 0.0210639573626298 0.999177907904405 -0.0346383899164241 -11.0092695589702 0.69904381891029 0.0100503660357651 0.71500820232069 122.735676926681
186 0.722275498719204 -0.0383601270880534 -0.690540805890364 -118.470054528808 0.0203235686160017 0.999206657309425 -0.0342492123593589 -11.0577741288779 0.691306774528238 0.0107031134869339 0.722482101406706 123.393010198438
187 0.730438117758668 -0.0355162791202576 -0.682054799882405 -119.092277820578 0.0178136816601 0.999297956167118 -0.0329585731780708 -11.1034141979575 0.682746533400857 0.0119242910763529 0.730557993872792 124.046178691821
188 0.739314531161144 -0.0328382487746042 -0.672559048286019 -119.692050402141 0.0171390062320302 0.999404251425489 -0.0299565802126238 -11.1478471668498 0.673142093825187 0.0106203413351048 0.739436900533487 124.698554674089
189 0.748649943127598 -0.0288054651603665 -0.662339420412178 -120.274732636461 0.0150912062290166 0.999537208044891 -0.0264125960174019 -11.1903373736486 0.662793722171233 0.00977828771923272 0.748738183171983 125.352870207929
190 0.758602935448954 -0.0267089086929862 -0.651005545694244 -120.846697457708 0.0133257617579326 0.999586461220092 -0.0254819665462616 -11.2307806151821 0.651416925172965 0.0106555498179917 0.758645140270651 126.013564285065
191 0.768514676546342 -0.0259117331225508 -0.639307261040775 -121.413503843574 0.011842051544373 0.999584511022907 -0.0262787202564255 -11.2699202758128 0.639722563106924 0.0126248726599819 0.768502215248744 126.685391098187
192 0.778281591397126 -0.0268228982913694 -0.627342248393657 -121.973803675879 0.0117106135905397 0.999533469137226 -0.0282082541791463 -11.3084185444021 0.627806201006083 0.0146074022931222 0.778232611612079 127.370303644417
194 0.798149032174586 -0.0242075776518479 -0.601973517376804 -123.045262365577 0.0107087107977026 0.999604603133513 -0.0259992482072573 -11.3839605520917 0.602364877754192 0.0143049144884253 0.798092678496461 128.755883935276
196 0.817718025989999 -0.0205556663737076 -0.575251853148647 -124.04894271172 0.0106544254293902 0.999731467846948 -0.0205785182983518 -11.4538619812723 0.57552038468658 0.0106984473882365 0.817717451222421 130.154373412275
198 0.834751148504834 -0.0182383659624016 -0.550325251171416 -124.992598663058 0.0115899656842718 0.999811842804001 -0.0155547961833551 -11.5112990171772 0.550505397580531 0.00660613320254933 0.834805466105015 131.567386051064
200 0.848642032008456 -0.0183955087745774 -0.528647620599472 -125.898687528257 0.0132381421907807 0.999820697052411 -0.0135397687191215 -11.5637516541657 0.528801903457142 0.0044921044684061 0.848733390351498 133.015624647854
202 0.862065414928908 -0.0154590623281261 -0.506561188579805 -126.773821676293 0.0105906358877501 0.999865904770803 -0.0124904326729504 -11.6103680997548 0.506686351518316 0.00540276492173399 0.862113537369793 134.474034534181
204 0.874239270245999 -0.0149522880549525 -0.485265007435797 -127.613449801626 0.0104200028505022 0.999873266929964 -0.0120363457659199 -11.6565026810298 0.485383479220645 0.00546618337809641 0.874284278103489 135.96772655728
206 0.883657133848031 -0.0167056874144373 -0.467836499011667 -128.434915594309 0.0117870107572722 0.999840214556561 -0.013439186467155 -11.7007162115651 0.46798625639744 0.00636123914832034 0.883712848418313 137.503519447927
208 0.890237443404227 -0.0140400537994108 -0.455280321615612 -129.25341382537 0.0110004754683402 0.999896010124333 -0.00932515291618547 -11.7412286918993 0.455363902720204 0.00329330028230785 0.890299314990568 139.080497330541
210 0.896828595178035 -0.0071012240065023 -0.442321199456459 -130.0630473603 0.00685674139974207 0.999974177423873 -0.00215164653818209 -11.7749604741119 0.442325056907664 -0.00110322393813915 0.896854128009998 140.688208490376
212 0.903354461944568 -0.00265589524383026 -0.428886537799094 -130.88653148267 0.00402176432796045 0.999989316900044 0.0022784857853814 -11.7949769159738 0.42887590454178 -0.00378316087916442 0.903355492703306 142.378695037311
214 0.910086374345293 -0.00113746462918272 -0.414417057329034 -131.696236240938 0.0045072186099169 0.999964255538268 0.00715350446978668 -11.8081525638492 0.414394107356079 -0.00837817521983143 0.910058970599458 144.122365048827
216 0.917314339071125 -0.00191698441314958 -0.398159174834971 -132.4872376889 0.00564325072013197 0.999950561825109 0.00818704018301903 -11.8137431154309 0.39812379614363 -0.00975700140454944 0.91727980674807 145.914550627599
218 0.925148439821054 -0.00622075851406845 -0.379554563218753 -133.278211030754 0.00935181141749111 0.999935750850726 0.00640607475812429 -11.8161766246894 0.37949032651687 -0.00947609276572571 0.925147175181341 147.801027008044
220 0.934849981530229 -0.0054307972409814 -0.355001434467888 -134.036095266638 0.00719103352178199 0.999967522149112 0.00363918725173378 -11.8248242788924 0.354970141096148 -0.00595492135060765 0.934858672656936 149.723219340991
222 0.947439640760493 0.00212419237391011 -0.31992751510676 -134.751297462141 0.000427061833722434 0.999968670868965 0.00790410644826702 -11.835246704738 0.319934281898358 -0.00762529260513856 0.94740905113835 151.717761139915
224 0.960362369310482 0.00712404173971085 -0.278663538414427 -135.404662500821 -0.00440137085693996 0.99993628506625 0.0103948902104677 -11.8375060286933 0.278719837017277 -0.00875635981437803 0.960332535435442 153.785815994086
