0 1 0 0 0 0 1 0 0 0 0 1 0
1 0.999997917850979 0.000807922013834052 0.00187391454596994 -0.00703627882583813 -0.000806195486044781 0.999999250055298 -0.000921920647499037 -0.0205156492871977 -0.00187465798062378 0.000920407986474669 0.999997819250919 1.21735918404906
2 0.99999497587589 0.00117366961244596 0.00294460907738247 -0.00948279425216847 -0.00117206139655344 0.999999163081112 -0.00054782219499389 -0.0415507836835938 -0.00294524957524681 0.000544368180039651 0.999995514574053 2.42381596366579
3 0.999990112440547 0.000591467793403449 0.00440740138759701 -0.0106687691787351 -0.000590704015414359 0.99999981029281 -0.00017459412855689 -0.0634647216172437 -0.00440750381828524 0.000171988932549867 0.999990272117634 3.6177424046276
4 0.999986700990092 0.00029436195750988 0.00514890221213259 -0.0104860345587615 -0.000293823853812493 0.999999951293456 -0.000105264560103582 -0.0851626282323197 -0.00514893294722933 0.000103750289898282 0.999986738774761 4.80843639611318
5 0.999982007527554 -2.54836799910512e-05 0.00599866416340918 -0.00890107004668436 2.47383392813778e-05 0.99999999196562 0.000124325281179235 -0.107467986725816 -0.00599866728347931 -0.00012417464727073 0.999982000123742 6.00727196648095
6 0.99997636388952 0.000256082458267264 0.00687066838591525 -0.00644786866737648 -0.000250736254735781 0.999999665168517 -0.000778969951133644 -0.130798389759371 -0.00687086556593916 0.000777228813655203 0.999976093275107 7.20181974170943
7 0.999971878706351 -5.2789527105928e-05 0.00749926728132574 -0.00228613981633565 6.11799846079405e-05 0.999999372481935 -0.00111861197279514 -0.153512472556745 -0.00749920352440298 0.00111903932103621 0.999971254435595 8.39783297690155
8 0.999972241585796 -0.000491358287276487 0.00743469063999069 0.00391221246245995 0.000488199042117594 0.99999978977653 0.000426741830790999 -0.175836992327324 -0.00743489876017932 -0.000423100376265617 0.999972271248807 9.60191233878705
9 0.999978609075232 -0.00115984593791722 0.0064370916853281 0.00516075676897505 0.00115130630343484 0.999998452561124 0.00133017636174403 -0.198289892736301 -0.00643862452397206 -0.00132273684380844 0.999978397007396 10.8005587374057
10 0.999989587625035 -0.00214170290184437 0.00402960918610415 0.00326423521482899 0.00213807846903127 0.999997306111489 0.000903543150423322 -0.219757750271944 -0.00403153345177346 -0.000894918121753822 0.999991472893435 11.9963093056762
11 0.999996283254363 -0.00179794397392364 0.0020496036020607 -0.0020935277815191 0.00179705074489674 0.999998289571677 0.00043756409884179 -0.24129217686113 -0.00205038681209537 -0.000433879230847509 0.999997803828955 13.1945320995575
12 0.999998510682469 -0.00148718648328214 0.00087573352526898 -0.0103213085576889 0.00148683047733436 0.999998811828541 0.000407033952292522 -0.263613913691329 -0.000876337820139486 -0.000405731278794328 0.999999533706968 14.3883827203443
13 0.999999998857726 3.58106072763861e-05 -3.1656739241291e-05 -0.0188183131271062 -3.58018497952121e-05 0.999999961106424 0.000276596057483526 -0.286495925142612 3.1666643082836e-05 -0.000276594923797754 0.999999961246235 15.5826278413462
14 0.999999868992508 -0.000273048017500219 -0.000432966219837844 -0.0250800209761693 0.000273215697313266 0.999999887687685 0.000387269673049587 -0.30794058276161 0.000432860427993942 -0.000387387915482025 0.999999831281212 16.7861437947253
15 0.999999282774028 -0.000760336793006068 -0.000925386077025299 -0.0321202863383635 0.000761014042925638 0.999999442718161 0.000731724670632556 -0.327421835927544 0.000924829204135012 -0.000732428377620362 0.999999304119565 17.9847669706885
16 0.999998511226312 -0.00107149109698922 -0.00135257236002675 -0.0407952009638061 0.00107260384340986 0.999999086727445 0.000822231883879883 -0.347060414112177 0.0013516901106163 -0.000823681434074544 0.999998747240585 19.1877638281912
17 0.999997796896126 -0.000736552612736534 -0.001965627925936 -0.0484388871492815 0.000736145344027021 0.99999970743155 -0.000207910671558512 -0.368878960485934 0.00196578048800364 0.000206463225663939 0.999998046538097 20.3954895995027
18 0.999995975164081 -0.00104868132115764 -0.00263627068516645 -0.0563000919114451 0.00104597331647936 0.999998924187276 -0.00102837936172821 -0.389238996264464 0.00263734629126062 0.00102561775387831 0.999995996248366 21.5867480345937
19 0.99999443715116 -0.000287024750067776 -0.00332314362119467 -0.0680932662039979 0.000285566927474223 0.999999862797642 -0.000439153989440528 -0.412242184879394 0.00332326921331559 0.000438202566579807 0.999994381914342 22.7894655281504
20 0.999991982958197 -0.000391057636377312 -0.00398510893917017 -0.0798433011956412 0.000388769811638704 0.999999759201647 -0.000574851877670911 -0.436920383718354 0.00398533277977905 0.000573297979007737 0.999991894193179 23.9960463756022
21 0.999988525800746 -0.000442184913632048 -0.00476998316061987 -0.0919683249538904 0.000436239484224438 0.999999126851165 -0.00124739409192369 -0.460204783273172 0.00477053057456344 0.00124529892408158 0.999987845560448 25.1929068478711
22 0.999984979249079 -4.13618101612481e-05 -0.00548083619714709 -0.107120449445997 3.770215243278e-05 0.999999776297136 -0.000667820503787147 -0.480039663481206 0.00548086259333324 0.000667603833299935 0.999984757109004 26.3774454391228
23 0.999979155332026 -0.00146944309362392 -0.00628726001068786 -0.119042697537834 0.00147637617421501 0.999998307111865 0.00109821983041493 -0.50146594845696 0.00628563559551491 -0.00110747929926808 0.999979631929952 27.5686245114198
24 0.999972085677535 -0.00180891881401115 -0.00724952953269275 -0.132817251427942 0.00181805152540807 0.999997561868114 0.00125337403786597 -0.522669234604347 0.00724724460550554 -0.00126651906900431 0.999972936321317 28.7606705082152
25 0.999965676511311 -0.00266092338351842 -0.00784635495142561 -0.148563243325392 0.00266433248091334 0.999996360745789 0.000424060854545885 -0.543912859698467 0.00784519800310142 -0.000444951597651799 0.999969126966612 29.9716717950475
26 0.999957194675607 -0.00309266317298572 -0.00872033548599415 -0.16533917848072 0.00308700618906793 0.999995015997572 -0.000662097276834306 -0.564305862998059 0.00872233966768592 0.000635149205929579 0.999961757956877 31.1766147497781
27 0.999951211066018 -0.00262844789585562 -0.00952190890851517 -0.182618931250753 0.00262305509189077 0.999996392278765 -0.00057880172686142 -0.587106952894305 0.00952339590630329 0.000553796996095179 0.999954498084437 32.3634847708491
28 0.999943413245105 -0.00331230750940691 -0.0101093484801503 -0.20301272936667 0.00331209705030528 0.999994514286132 -3.75602399215125e-05 -0.609118255401043 0.0101094174342219 4.07497122780815e-06 0.999948898525587 33.5725259197417
29 0.999937486042073 -0.00357709605075123 -0.0105937902424985 -0.224191090693302 0.00358021920209803 0.999993552945173 0.000275859663227165 -0.631476383178661 0.0105927351672401 -0.000313770509396977 0.999943846178246 34.7608350405554
30 0.999930754339862 -0.00405846223928502 -0.0110460585534741 -0.244870059430168 0.00405971810626069 0.99999175514505 9.12733300326329e-05 -0.651140656995933 0.0110455970509601 -0.000136110893662996 0.999938986268469 35.9525421092691
31 0.999925163703636 -0.00419148057631319 -0.0114934104091894 -0.263012324065939 0.00419194839283031 0.999991213607748 1.66125293121451e-05 -0.671518722355495 0.0114932397924833 -6.47910693849188e-05 0.999933948439191 37.1524803521084
32 0.999920961629547 -0.00499016684533608 -0.0115398755928058 -0.282531158387381 0.00499787743146278 0.99998730609665 0.000639426887672669 -0.693198287279397 0.0115365382598855 -0.000697051232200616 0.999933208971758 38.342294912648
33 0.999923119461327 -0.00477024931716156 -0.0114455182574547 -0.305556058048946 0.00479237128014492 0.999986699780804 0.0019061581807489 -0.713775326912052 0.011436273179793 -0.00196086280726456 0.999932681070485 39.5523956833055
34 0.999925468973045 -0.00437127841995036 -0.0113994922698787 -0.327094113831827 0.00440305932302952 0.999986485718025 0.00276431725985691 -0.735495608803311 0.0113872546135419 -0.00281430387316939 0.999931202696503 40.7739550384433
35 0.999928164693015 -0.00373922702263858 -0.0113878722741631 -0.346930392186235 0.0037655003173678 0.999990296272244 0.00228656264068652 -0.755294776199349 0.0113792117925358 -0.00232927942141979 0.999932541722869 41.9718269955008
36 0.999934339202365 -0.00257890643677034 -0.0111654164956073 -0.368278171049057 0.00260487836194126 0.99999393418179 0.00231218691821473 -0.77473695063326 0.0111593858544942 -0.00234111965000886 0.999934991520016 43.1750167802245
37 0.999944765308593 0.00014037411476019 -0.0105093590218548 -0.391632982313067 -9.68585739353475e-05 0.999991421162153 0.00414104099412858 -0.791961938512538 0.0105098501587316 -0.00413979434347933 0.999936200541032 44.3701120034484
38 0.999960012047092 0.000248038729247132 -0.00893939503369301 -0.410405880989762 -0.000184713258338327 0.999974891133078 0.0070839949463869 -0.807574541534957 0.00894092768071724 -0.00708206044714633 0.999934950000264 45.5896252315831
39 0.999973677005191 0.0008845117554794 -0.00720159257883347 -0.425594156264874 -0.000813179163174206 0.999950643114439 0.00990202376626858 -0.819792355632927 0.007209995587077 -0.00989590693032161 0.999925040685381 46.7850936383968
40 0.999983529570612 0.00140321651200167 -0.00556521077068943 -0.439526859299284 -0.00132983428937052 0.999912417294927 0.0131677363346118 -0.827304468927517 0.00558320053952624 -0.0131601186482299 0.999897814353497 48.0069203078329
41 0.999989985094134 0.000811648142963772 -0.00440124286139149 -0.449352825503202 -0.000747928150826516 0.999895167614518 0.0144600962865659 -0.834893379521137 0.00441251797890131 -0.0144566596566282 0.999885760813033 49.2329093235478
42 0.999995443793923 -0.00094253268076683 -0.00286775583689194 -0.458375247506007 0.000979665558885537 0.99991534542938 0.0129746764983474 -0.838375713087608 0.00285528401163086 -0.0129774268246722 0.999911712975812 50.4454574461597
43 0.999998611783441 8.29985420549201e-05 -0.00166419422926114 -0.467638306146553 -6.43222798738627e-05 0.999937059380642 0.0112193199365667 -0.843711309279148 0.00166502067104321 -0.011219197316954 0.999935676590114 51.6325952542698
44 0.999999437795761 0.000462584993351425 -0.000954161038170215 -0.475968345808865 -0.000452324516877621 0.999942375389726 0.0107257308600977 -0.85001151114938 0.000959067617150859 -0.0107252932396157 0.999942022456417 52.8085863773824
45 0.999999777007114 8.09899194625448e-05 -0.000662892415556725 -0.482475111193612 -7.42429679301346e-05 0.999948263625403 0.0101717530703516 -0.857624496938076 0.000663681929368356 -0.0101717015870227 0.999948046656986 53.9961083699089
46 0.999998782059319 -0.000692967760936861 -0.00139845470463794 -0.491569343312716 0.000705708366439917 0.999958065693433 0.00913065333636363 -0.867672026647502 0.00139206881301124 -0.00913162911695464 0.999957336836972 55.2022253746964
47 0.999995079161506 -0.000295306047260485 -0.00312321102570354 -0.500952112078933 0.000325022143907461 0.999954646430561 0.00951837394404784 -0.877443080144868 0.00312025854354965 -0.00951934221841039 0.999949821796249 56.4232740062084
48 0.999990425409456 -0.000322841635428118 -0.00436404201329557 -0.51686342625214 0.000369964624269062 0.999941593401717 0.0108015235690327 -0.888218214338085 0.00436029994291267 -0.010803034690031 0.999932138810376 57.6272983170977
49 0.999984799842214 -0.000429478496430164 -0.00549687481653869 -0.530057227648776 0.000490454186818512 0.999938314380438 0.0110962556161813 -0.897554753801012 0.00549177013523193 -0.0110987829166132 0.999923325799809 58.8632035630889
50 0.999980900106119 0.000598149985673969 -0.0061515558642321 -0.546908467566781 -0.000531448553185806 0.99994111570823 0.0108389426890422 -0.905711757376748 0.00615767694763592 -0.0108354664309232 0.999922334824977 60.0703001172059
51 0.999975790680168 0.00105341564859977 -0.00687810795529088 -0.560315096353527 -0.00097995869018011 0.999942546031051 0.0106744703805608 -0.914644689707994 0.00688895743482938 -0.0106674716972305 0.999919370405959 61.2681427095481
52 0.999976347686906 -3.026937076757e-07 -0.00687779518922531 -0.575416189311687 6.95221702015563e-05 0.99994935466743 0.0100639588064797 -0.924140252150192 0.00687744381470359 -0.0100641989298228 0.999925703573259 62.4607360344772
53 0.999974370147083 -0.00103051202810106 -0.0070849907483836 -0.58775219276102 0.0010955233946056 0.999957279518053 0.00917817886867322 -0.935676614906721 0.00707522985044401 -0.00918570540641419 0.999932779710091 63.6688372798597
54 0.999970836590581 -0.00128578352639686 -0.00752812918705496 -0.601606962741272 0.00136455943029127 0.999944273328576 0.0104684389928748 -0.944427920216669 0.00751424952306918 -0.0104784062771772 0.999916866072373 64.8505679370212
55 0.999967730247594 -0.00152944156608926 -0.0078866515056156 -0.616695307327978 0.0016242360367588 0.999926350891538 0.0120272461532045 -0.955589903818913 0.00786767569057116 -0.0120396678205338 0.999896567689878 66.0468363259128
56 0.999967569450283 -0.000957915548155206 -0.00799640203444987 -0.632705394168819 0.00104075798003382 0.999945768943301 0.0103622389095273 -0.966565178443891 0.00798604223135261 -0.0103702251756521 0.999914337110577 67.2340620721258
57 0.999968074350815 0.000787283257025572 -0.00795175856003095 -0.653865563948326 -0.000714445885980359 0.999957803934744 0.00915859798665195 -0.975075770621899 0.00795863343796057 -0.00915262449127607 0.999926442103979 68.4299469439332
58 0.999963368530166 0.00303506517901139 -0.0080031229630604 -0.675304776950908 -0.00295895734847406 0.999950453106643 0.00950452014726119 -0.986114403233559 0.00803157327132259 -0.00948049108321585 0.999922804080199 69.6266374192769
59 0.999955878296316 0.00485383689184512 -0.00804249513960587 -0.694063532680302 -0.00477534219062132 0.999941059028982 0.00975061920910253 -0.997445747713619 0.0080893490223684 -0.00971178332881303 0.99992011865797 70.8048049796804
60 0.999948200350297 0.00647236246617056 -0.00785526195039949 -0.712399271002879 -0.00639254192365538 0.999928111384545 0.0101443319489898 -1.00723363675004 0.00792035503984485 -0.0100935913848091 0.999917690307057 71.9903933457745
61 0.999952120860445 0.00690343417365733 -0.00693531421844248 -0.729040405186215 -0.00682573259441202 0.99991436527215 0.0111656391193 -1.01831766491478 0.00701180156936374 -0.011117765917793 0.999913611228365 73.1780593719097
62 0.999950437294083 0.00868266560420888 -0.00487178338785395 -0.744904187242806 -0.00862402413143114 0.999891626281627 0.0119315505975893 -1.02746989248793 0.00497485307855167 -0.011888944860156 0.999916948464701 74.3640427426579
63 0.999971692012819 0.00717075091223383 -0.00227936490596337 -0.753973945330107 -0.0071481387725474 0.999926641199706 0.00977836035148651 -1.04071899869408 0.00234931588089901 -0.00976179032912593 0.999949592811789 75.557095622667
64 0.999989757912123 0.00450544290133242 0.000430180329581251 -0.757364550591472 -0.00450740420807114 0.999978924449607 0.00467268273190384 -1.05256915901314 -0.000409118758049402 -0.00467457387050446 0.99998899042988 76.7297074037341
65 0.999980118615927 0.00559810658337311 0.00290233966973288 -0.763039793819706 -0.00561016421310266 0.999975597070615 0.00416309029082876 -1.06421025962675 -0.00287896342097861 -0.00417929012498116 0.999987122468921 77.8928469642996
66 0.999973371054911 0.00455019762270309 0.00570551335748232 -0.762536205423981 -0.00459450465820818 0.999959205565032 0.00777674306478544 -1.08021255729278 -0.00566989488648294 -0.00780274998601982 0.999953483610429 79.0623501482452
67 0.999941721103126 0.00505113306195736 0.00954151204520965 -0.761377891395066 -0.00513849615779756 0.999944899561534 0.00915388978027259 -1.09603615881538 -0.00949474878839769 -0.00920238532465798 0.999912579103684 80.2617352796498
68 0.999892432921893 0.00532978918060359 0.0136644038592245 -0.753906736092041 -0.00543028115709069 0.999958407089359 0.00732776486163844 -1.10852038434045 -0.0136247800750183 -0.00740117819018284 0.999879786739038 81.4106201908214
69 0.999841730518927 0.00455760848585513 0.0171971543520368 -0.739916858551523 -0.00463375288362858 0.999979625773741 0.00439048649038143 -1.12466328611948 -0.0171767938548374 -0.0044694789739319 0.99984247834875 82.5754234248383
70 0.999779138413828 0.00324703092594123 0.0207636986750995 -0.725832116134852 -0.00326847142765697 0.999994159787065 0.000998742353584485 -1.14249237249078 -0.0207603344633688 -0.00106638732561614 0.999783912318577 83.7390866308237
71 0.999709246694955 0.00253974948597744 0.0239785684550528 -0.702728521100614 -0.00254332569985384 0.999996758703481 0.000118646182313022 -1.16403173076443 -0.0239781894018218 -0.000179596994940824 0.999712465750993 84.9138519875516
72 0.999620087969904 0.00219501367639208 0.0274747455311421 -0.67480663409326 -0.00224992379161287 0.999995532768467 0.00196781250179694 -1.1877603742118 -0.0274703034197385 -0.00202888098979356 0.99962056104902 86.0731900739422
74 0.999378727584685 0.00313524781163949 0.0351045448962921 -0.613046898945216 -0.00314598341989019 0.999995019985077 0.000250586046329809 -1.23087967139541 -0.0351035844257813 -0.000360868680338087 0.999383614101341 88.3774812826458
75 0.999257374085558 0.00297472173383115 0.0384168109847899 -0.580078647890834 -0.00289970881622762 0.999993779434693 -0.00200817845329543 -1.25363406128161 -0.0384225457825987 0.00189528956243124 0.999259783966641 89.5422507287997
76 0.999132037127717 0.00302146503639763 0.0415456752749483 -0.53969645172535 -0.0029257348974942 0.99999292381761 -0.00236482346431274 -1.27681280155036 -0.0415525265215872 0.00224121925335433 0.999133807092889 90.6714415051375
77 0.999017516853111 0.00159403264019817 0.0442883741018611 -0.493382622632992 -0.00154539785219376 0.999998164756415 -0.00113235563346518 -1.29926963191915 -0.0442900978337467 0.00106279995492485 0.99901814682724 91.8222664679034
78 0.998890143845548 0.000909873811576217 0.0470919595883137 -0.446324906095139 -0.000930330111807397 0.999999482175146 0.00041247463380166 -1.31974197410923 -0.0470915599030594 -0.000455827914319805 0.99889047307841 92.9725731142164
79 0.998754867952574 0.000116103447098109 0.0498868746367886 -0.392546633440041 -0.000226501968964165 0.999997538193072 0.00220732975620723 -1.34026334494951 -0.0498864955463414 -0.00221588081451924 0.99875243550858 94.1699880126518
80 0.998634375615383 -0.00134329215222029 0.0522262329243461 -0.332650023510712 0.00117685010455062 0.999994131132422 0.00321756500242202 -1.36087144296719 -0.052230248545318 -0.00315170856951832 0.998630095615983 95.339549234862
81 0.998513294795699 -0.00243694258217102 0.0544542140434382 -0.273692821761882 0.00239235574676654 0.999996747614349 0.000883965329630139 -1.37930828804346 -0.0544561911100868 -0.000752377281871682 0.998515877278978 96.4649642333831
82 0.998379576312173 -0.00387350665678743 0.056773387682135 -0.213237140899476 0.00403400504193053 0.999988184047776 -0.00271266808752354 -1.39914455875829 -0.0567622093126039 0.00293729654805452 0.998383405252181 97.6258705166968
83 0.998263699870368 -0.00292802813039173 0.0588303677737146 -0.152181272275369 0.00325942237475929 0.999979353826962 -0.00553787735450377 -1.42068408769341 -0.0588129380910851 0.00572001495437223 0.998252633225686 98.8058155768712
84 0.998159358249586 -0.002758234962344 0.0605828992263207 -0.0872095955739611 0.00315652450460713 0.999974025423449 -0.00647957031558464 -1.44497872331848 -0.0605634534337817 0.00665887515390506 0.998142137919174 99.9957528465527
85 0.998142800469841 -0.00270576757446096 0.060857445658328 -0.0202763945353255 0.00306819147079598 0.999978107626231 -0.00586263331286015 -1.47077146573859 -0.0608402504212621 0.00603846752872932 0.998129250567572 101.175988488137
86 0.998192596550815 -0.00257902374673977 0.0600407264084578 0.0456596370353509 0.00282786697181197 0.999987759821057 -0.00405997246947582 -1.4956421197655 -0.0600295207338129 0.00422242164840497 0.998187671630887 102.362652032656
88 0.998390296763174 -0.00274371939773856 0.0566505722213565 0.179273153606503 0.00285208923836015 0.999994254317661 -0.0018321895757276 -1.53754330439656 -0.056645219711085 0.00199081278161655 0.998392385662246 104.756428740592
90 0.998696359406182 -0.00190332398825918 0.0510094017474702 0.293615464502574 0.00197681873669816 0.999997079489663 -0.00139039556503134 -1.57855898327424 -0.051006606400753 0.00148941933005346 0.998697205229662 107.148850835905
92 0.9990575732006 -0.000192977584702272 0.0434042416150644 0.392300970925084 0.000259211957896635 0.999998810648144 -0.00152036556707999 -1.61839055652143 -0.0434038965956741 0.00153018363227475 0.999056434991719 109.558426354599
94 0.999382283136269 0.000702942088556285 0.035136277915551 0.465903182675604 -0.000718492573420123 0.99999964945487 0.000429951810319974 -1.66083774460609 -0.0351359633674764 -0.000454931376576096 0.999382437866347 111.985580682073
96 0.99966172804838 0.00128861748690045 0.0259763149868974 0.518167638856045 -0.00131679469973295 0.999998563085865 0.00106765065661559 -1.69830830077765 -0.0259749018678572 -0.00110149497423767 0.99966198846499 114.39928326631
98 0.999869639587274 0.00256390673002434 0.0159414621002425 0.553221852273353 -0.00257565614711866 0.999996426271098 0.000716547587147304 -1.7380007590098 -0.0159395679685976 -0.000757513902560655 0.999872670066375 116.845493649323
100 0.999952253171997 0.00563972146550721 0.00798028308008162 0.558523859896153 -0.00564089294719033 0.999984082311929 0.000124296125203153 -1.78001592335829 -0.00797945505689945 -0.000169306113000456 0.999968149308984 119.320219656336
102 0.999948212900255 0.00886832038211296 0.00499243539633467 0.556543870067017 -0.00886821942466613 0.999960675671761 -4.23593000843683e-05 -1.82257486829148 -0.00499261472801075 -1.91690613909619e-06 0.999987536819586 121.77708897231
104 0.999918716471323 0.012363385607399 0.0031156294172546 0.539100407176173 -0.0123665941771987 0.999923017953151 0.00101267759885982 -1.86072946402596 -0.00310286944607416 -0.0010511250094609 0.999994633654309 124.250048227524
106 0.999869595131344 0.016042660272561 0.00185088715550143 0.519931377755007 -0.0160490839245443 0.999865045845455 0.00350955861165159 -1.89837088432672 -0.00179433471407684 -0.0035388059914153 0.999992128576565 126.770777099292
108 0.999876725943687 0.0156912825448277 0.000562643964335919 0.508433609675699 -0.0156945392009463 0.999856694132366 0.00634607264114988 -1.9296459287503 -0.000462985315292157 -0.0063541207727882 0.999979705190962 129.249697485492
109 0.999877406191642 0.0156579030724088 5.15640269890646e-05 0.506797886057026 -0.0156579711259201 0.999866077087987 0.00475981395639729 -1.94109828972451 2.29715841875522e-05 -0.00476003782072303 0.999988670691949 130.500292367775
110 0.999918143498613 0.0127817192560363 -0.000577888524579539 0.502166247488728 -0.0127781539413238 0.999901525838004 0.00580150055439233 -1.95698151088563 0.000651984768841336 -0.00579364131532615 0.999983004173656 131.760886471123
111 0.999941203663361 0.0107322744286562 -0.00155161266330596 0.494537368676621 -0.0107198944403887 0.9999122870561 0.00777830684828477 -1.97237297334826 0.00163495549047756 -0.00776121638837383 0.999968544725641 133.022015527957
112 0.999971817311739 0.00730575979164499 -0.00172929353371894 0.488807545980097 -0.00728875824593978 0.999926953303581 0.00964168347590883 -1.98361190886172 0.00179960703800123 -0.00962880734484557 0.999952022590896 134.322676063409
113 0.999983323632219 0.00543492198728821 -0.00195296708972524 0.483936038807581 -0.00541361029211222 0.999927488293396 0.0107569037769273 -1.99533367744973 0.00201128840960099 -0.0107461517881067 0.999940235684453 135.643761767639
114 0.99999782873276 0.00118245247706087 -0.00171590672966649 0.476604900056302 -0.00116716453873483 0.999959861051968 0.0088833558899813 -2.00400899281567 0.00172634200115216 -0.00888133385635503 0.999959069988481 136.870923525696
115 0.999997742306929 -0.00135102432409026 -0.00164015679756516 0.463749955774873 0.00136396220680683 0.999967762482462 0.00791287576782494 -2.01160560056125 0.00162941343534579 -0.00791509501486526 0.999967347608292 138.068807602151
116 0.999995060827675 -0.00273939661988494 -0.00154078759510121 0.45800663058857 0.00275104171434848 0.99996728031022 0.00760723855727458 -2.02351915028056 0.00151989793741863 -0.0076114397547595 0.999969877493877 139.299577083668
117 0.999995044787071 -0.00293455605473048 -0.00113964120037248 0.453262042453013 0.00294366379115014 0.999963071609981 0.00807404853939382 -2.03553930375985 0.00111590536723028 -0.00807736325130054 0.999966754926441 140.573300748299
118 0.999997123243218 -0.00237144790771649 -0.000360194543907268 0.445779069965965 0.0023749410091528 0.999946893047602 0.0100284963803716 -2.04724571503235 0.000336393358313996 -0.0100293229716202 0.999949648492483 141.870452667837
119 0.999999959428884 -0.000105924506019391 0.000264428118935858 0.439113816198841 0.000102849773913473 0.999932701848527 0.0116009135773564 -2.05939381080015 -0.000265639144452311 -0.0116008859103221 0.999932672174452 143.149018550146
120 0.999999495824215 -0.000121494459850399 0.000996790054645328 0.433090619925772 0.000111668071823468 0.999951459941355 0.00985217191252734 -2.06883746703178 -0.000997938654702485 -0.00985205563567741 0.999950969357094 144.445991138772
121 0.999998655166395 0.000568499059425819 0.00153833488605694 0.42579114074288 -0.000580669641000747 0.999968446464856 0.00792268246426568 -2.07906124353323 -0.00153378230862399 -0.00792356507394208 0.99996743178383 145.698422777516
122 0.999997868607639 0.000464501620750079 0.0020117202649888 0.420986331264458 -0.000475596604357602 0.999984661466005 0.00551820990803409 -2.09378885211834 -0.0020091261907032 -0.00551915491389059 0.99998275102173 146.957120656506
123 0.999996997970387 -0.000766657889738525 0.00232729153612509 0.419291204645844 0.000763144761791995 0.999998568681746 0.00151004785765803 -2.11373679014176 -0.00232844589513419 -0.00150826726410469 0.999996151727382 148.230187343806
124 0.999995876917071 -0.000724410877065721 0.00277873671628372 0.413324975543685 0.000729837639809372 0.999997827647779 -0.00195244378725123 -2.13555169908252 -0.0027773163083725 0.00195446376381025 0.999994233276132 149.496139475587
125 0.999994976151336 -0.000913588822671208 0.00303529694627354 0.407308780826785 0.00092219568983817 0.999995555007897 -0.00283540465490368 -2.16014537076143 -0.00303269306040212 0.00283818954802103 0.999991373689239 150.799850221185
126 0.999995107715701 -0.00121914926377351 0.00288066307232156 0.405711869162233 0.001226393055121 0.999996087372903 -0.002514199466794 -2.18726427432695 -0.00287758661693224 0.00251771999180146 0.999992690263936 152.072055832489
127 0.999996091055154 -0.000607655450668908 0.00272921770210672 0.402526989436947 0.000613220726887348 0.999997733679218 -0.00203877334897886 -2.21460893407066 -0.00272797264508574 0.00204043899238941 0.999994197370148 153.307542646041
128 0.999995977422135 0.000171861321343545 0.00283118406940385 0.396113804291439 -0.00016899987608772 0.999999474763253 -0.00101089676013445 -2.24077960264821 -0.00283135631641488 0.00101041422396661 0.999995481232043 154.55804049705
129 0.999996964524134 0.000626733465410154 0.0023828864181816 0.392006063054239 -0.000625619480594259 0.999999694689534 -0.000468210533213638 -2.26352536275352 -0.00238317913387146 0.000466718331808606 0.99999705131126 155.849852058255
130 0.999997878472649 0.000843662106060915 0.00187917121419408 0.388954309748893 -0.000842149127081894 0.999999320754068 -0.000805776799866368 -2.28847989236522 -0.00187984974112667 0.000804192547991177 0.999997909717464 157.126951447584
131 0.999998646916251 0.00114600729547101 0.00118018343720719 0.384650397324994 -0.00114537286293224 0.999999199280735 -0.000538106767167537 -2.31173846518455 -0.00118079916649249 0.000536754288981756 0.999999158803727 158.386012541226
132 0.999999647728382 0.000587911740027355 0.000599085050667006 0.377251719292319 -0.000588379658467758 0.999999521784705 0.000781178430030666 -2.33640809863182 -0.000598625500205301 -0.000781530644301181 0.999999515428564 159.665937332915
133 0.999999014915327 0.00140136809162148 -7.95980422449352e-05 0.368283514804918 -0.00140127585534193 0.999998360124234 0.00114724662537267 -2.35963378028867 8.12056265280524e-05 -0.00114713395642287 0.999999338744447 160.919480776196
134 0.99999803555306 0.00191288123109086 -0.000519399092709156 0.360252585882616 -0.00191274061795474 0.999998133966484 0.000271084634281821 -2.38376020987726 0.000519916676201995 -0.000270090626008887 0.999999828368837 162.1616382005
135 0.999996424783451 0.00233649287068834 -0.00130046967677248 0.350546523403965 -0.00233784148267131 0.999996730111445 -0.00103646689252112 -2.40683714257203 0.00129804372687649 0.00103950347888485 0.999998617256544 163.422246672279
136 0.999993379728947 0.00316606587880236 -0.00179346734818015 0.340361039882081 -0.00316794481369036 0.999994435214526 -0.00104578469965455 -2.42988410826546 0.00179014634466496 0.00105145938186056 0.999997844902294 164.685636029226
137 0.999993489213246 0.00266030788109893 -0.00243809210157598 0.331141098678985 -0.00266502821776523 0.999994576919943 -0.00193487862720325 -2.45564092397392 0.00243293150674641 0.00194136361386932 0.999995155964069 165.962980634178
138 0.99998997597739 0.00309697117869615 -0.0032336843162617 0.320457820887638 -0.0031065622502037 0.999990778415418 -0.00296519056939674 -2.48262871155249 0.0032244713868355 0.0029752064878854 0.999990375418999 167.273961111323
139 0.999986005747096 0.0034340721551509 -0.00402435813548476 0.30811557357652 -0.00344453469508416 0.99999069855554 -0.0025957625348787 -2.50899543992392 0.00401540666729866 0.00260958825034443 0.999988533213486 168.529692211095
140 0.99998242023463 0.00367486421505221 -0.00465344976262322 0.295310447651358 -0.00368072279468301 0.999992443563324 -0.0012510379532129 -2.53457137344452 0.00464881720451884 0.00126814401887441 0.999988390087278 169.793122948082
141 0.999978885486781 0.00368935129950582 -0.00534951096874114 0.281264991822635 -0.00369470829897715 0.99999268264208 -0.000991863338363677 -2.55805214800548 0.00534581249215836 0.00101160727822378 0.999985199360227 171.060031207546
142 0.999974252489763 0.00396168175207779 -0.00598326292539812 0.265085294413334 -0.00396581060371703 0.999991906054081 -0.000678360215585227 -2.58125145218253 0.00598052704990417 0.000702071237053003 0.999981870031744 172.305937920646
143 0.999968890512496 0.00439100032311503 -0.00655264247237367 0.247241722660001 -0.00439357464429133 0.999990276563297 -0.000378524380808064 -2.60401493247871 0.00655091665749091 0.000407302128928296 0.999978459565966 173.564592683601
144 0.999963450566705 0.00471538066682817 -0.0071318101416405 0.228553069722166 -0.00472384569093048 0.999988157465366 -0.00117056008396134 -2.62878817597253 0.00712620604654263 0.00120420687125976 0.999973883195553 174.86928126614
145 0.99995386004444 0.0058003149458485 -0.0076572925211265 0.213246693295641 -0.00581328429625723 0.999981703974147 -0.00167255572469186 -2.6532988219772 0.00764745107313687 0.00171699257140996 0.999969283742553 176.138280594578
146 0.999949544714588 0.00588826930350802 -0.00813856926600211 0.200213688475228 -0.00589817137252997 0.999981893738376 -0.00119321828309875 -2.67903113551253 0.00813139591634898 0.00124116075518781 0.999966169387961 177.368933650635
147 0.999949365616051 0.00568906753318907 -0.00830064543636864 0.183482873013388 -0.00570794192485348 0.99998117392687 -0.00225193046566642 -2.70622010861612 0.00828767778331141 0.00229919604264419 0.999963013363253 178.667770078667
148 0.999957014364519 0.00433454682553028 -0.00819640939772854 0.167844905637969 -0.00436590332971932 0.999983205063928 -0.00381162408815888 -2.73127923058176 0.00817975007646524 0.00384724497415652 0.999959144362806 179.923258840092
149 0.999964137293123 0.00121997995608285 -0.00838067876292998 0.154068384278101 -0.00125108662715413 0.999992344682555 -0.00370747333611821 -2.75685827485215 0.00837609156301586 0.00371782533121548 0.999958008550826 181.161274056772
150 0.999959121105639 0.00143698149200698 -0.00892699287723853 0.1388283680929 -0.00143618872010024 0.999998964147393 9.52160738085575e-05 -2.78165625517672 0.00892712045392549 -8.23913350060296e-05 0.999960149071986 182.425869740707
151 0.999960974905749 0.000690952758797665 -0.0088074542195736 0.121743490803435 -0.00065275499245631 0.999990372934059 0.00433911858817903 -2.80521332027153 0.00881036755559031 -0.0043332001439545 0.999951799238367 183.689449447718
152 0.999960205322853 0.00188792958127189 -0.00871914517447714 0.101405545852424 -0.0018565759196117 0.999991786981749 0.00360265109374985 -2.82361114103374 0.00872587511554958 -0.00358631997244217 0.999955497716035 184.939383790245
153 0.999957230600546 0.00343634260990988 -0.00858653126432341 0.0810372343540435 -0.00343115215454285 0.999993921908033 0.000619146092181837 -2.84285351039306 0.00858860667269503 -0.000589657916427667 0.999962943382885 186.17326992953
154 0.999953109803241 0.00380029492310176 -0.00890707321883054 0.0647291141606774 -0.0038119603303519 0.999991898433879 -0.00129306807498301 -2.86372214712092 0.00890208701754733 0.00132696085253627 0.999959495190494 187.390514404415
155 0.999952226619783 0.0035084920526304 -0.00912331966199939 0.0491855598599167 -0.00351773623446619 0.999993315342168 -0.000997397996690045 -2.88857161805854 0.00911975931278446 0.00102944377976995 0.999957884230922 188.677483594331
156 0.999953985747764 0.0033200461512302 -0.00900020448182222 0.0301886516073017 -0.00331844651538078 0.999994475381943 0.000192661144643564 -2.9146968860269 0.00900079440302179 -0.000162785582284641 0.9999594787795 189.981300641787
157 0.999955796222158 0.00353183777451186 -0.00871388108966292 0.00653401476504446 -0.00351157941644922 0.999991098803504 0.00233904334329293 -2.93844983561503 0.00872206464733116 -0.00230834046326878 0.99995929774796 191.22035863099
158 0.999963624547955 0.00276323504676431 -0.00806933163237949 -0.0121895510005931 -0.00273734014935861 0.999991074606924 0.003218334258053 -2.96184630137212 0.00807815262443686 -0.00319612868423373 0.999962263393779 192.438371635202
159 0.999974421932369 0.00274403772732635 -0.0066049782721239 -0.025250653647391 -0.00272673000644658 0.999992829291519 0.00262798573357015 -2.98327187746586 0.00661214220174997 -0.00260990852232679 0.99997473365731 193.67329758811
160 0.99998495352899 0.00174655548921283 -0.00520021725953022 -0.0363845538184433 -0.00174090052085985 0.999997888642463 0.0010917765308165 -3.00406866150204 0.00520211312830521 -0.00108270704249688 0.999985882782582 194.910676163704
161 0.999991107478908 0.00160372342137488 -0.00390038899267123 -0.0489940528713871 -0.00160544889535409 0.999998614776182 -0.000439294390931461 -3.02676485860196 0.00389967908305588 0.000445552359696559 0.999992296963404 196.15225231068
162 0.999996476977475 0.000946221184223334 -0.00248006010167922 -0.0583920393811286 -0.000948695876476995 0.999999053133457 -0.000996849197414989 -3.05204264059305 0.00247911451356521 0.000999198508284691 0.999996427790405 197.368637880183
163 0.999998445440708 0.00117494493920608 -0.00131477015377556 -0.0669102612181531 -0.00117528791429654 0.999999275517442 -0.00026012095105861 -3.07610737091778 0.00131446357345249 0.000261665780156979 0.999999101857863 198.55975690037
164 0.999999729458972 0.000735460842026203 -1.33914861315133e-05 -0.0706808674662349 -0.000735436576388921 0.999998233367743 0.00172985387689466 -3.10037339856551 1.46637022625652e-05 -0.0017298435603095 0.999998503711997 199.762415871335
165 0.999997991339895 0.00170055445493356 0.00106086319658942 -0.0765247099262184 -0.0017028195967482 0.99999626477881 0.00213795085283282 -3.12393711833671 -0.00105722353218352 -0.00213975301705685 0.999997151863659 200.998536348349
166 0.999996732441827 0.00141293733407136 0.00213042572264267 -0.0799583018619957 -0.00141745267443108 0.999996749403531 0.00211943631348897 -3.1446650723099 -0.00212742416679382 -0.00212244916574576 0.999995484627782 202.229827039125
167 0.999993409889568 0.00182577858978572 0.00313794677691776 -0.0826475100959073 -0.00183276294955556 0.999995846634128 0.00222434135512814 -3.16621701764082 -0.00313387258905414 -0.00223007780906339 0.999992602770421 203.443003860905
168 0.999989272187472 0.00173629559927262 0.00429427381084498 -0.0862629111412591 -0.00174712871163506 0.999995297994108 0.00252022438298249 -3.18935433019985 -0.00428987776463887 -0.00252769999555833 0.999987603763915 204.623001447241
169 0.999982987598678 0.00291813194415961 0.00505064542206514 -0.0902905495555755 -0.00292745964521345 0.999994021386327 0.00184042702313422 -3.20752317672753 -0.00504524461732026 -0.00185518127370648 0.999985551800221 205.824489684229
170 0.999977955569203 0.00272668462554538 0.00605421890838491 -0.0924408163124418 -0.00273877032991839 0.999994271784881 0.00198885256022429 -3.22971106714757 -0.00604876125481818 -0.00200538983221878 0.99997969524331 206.997671029354
171 0.999975835442265 0.00174911365463396 0.00672823401552617 -0.0925897464413981 -0.00176274891303197 0.99999640377322 0.00202117710652061 -3.25278873950142 -0.00672467455079538 -0.00203298845286722 0.99997532255058 208.153693621425
172 0.999974814939585 0.00161876413472178 0.00691007157840599 -0.0907042907835622 -0.00163838403613167 0.999994640345378 0.00283460372347562 -3.27372326986068 -0.0069054459879652 -0.00284585368477218 0.999972107577262 209.325455120107
173 0.999976457324736 0.00104911959290692 0.00678116098837048 -0.0910305883097715 -0.00107500443525036 0.999992146364736 0.00381465258089319 -3.29587187978887 -0.00677710570484266 -0.00382185255190488 0.999969731682583 210.460599817983
174 0.999981526070253 0.00132327647868832 0.00593266024390338 -0.0894817469310568 -0.00134590676684173 0.999991827960029 0.00381215793671631 -3.31734925732715 -0.00592756722303603 -0.00382007231874604 0.999975135188019 211.54992469781
175 0.999983842785436 0.00164541266081322 0.00544121174454208 -0.0897424504488054 -0.00166107669584109 0.999994486112479 0.00287551192826163 -3.33778735642135 -0.00543645033857946 -0.00288450373802441 0.99998106214363 212.631430560688
176 0.999985932729779 0.00176219484092321 0.00500290034851964 -0.0915796877109137 -0.00177267730346407 0.999996241370595 0.00209161656610996 -3.35725226367038 -0.0049991957085493 -0.00210045567067384 0.999985297956047 213.713756214907
177 0.99998887549171 0.00164388990868099 0.00442114451161005 -0.091624899626599 -0.00165275310409667 0.999996630550438 0.00200182290602845 -3.38055534263914 -0.00441783883831243 -0.00200910769704816 0.999988223023782 214.796981308849
178 0.999993284265093 0.00127946220555198 0.00343429777057147 -0.0958052533938289 -0.00128615929940233 0.999997274445653 0.00194856242419069 -3.40250230406956 -0.00343179529822935 -0.00195296639217653 0.999992204321265 215.857259405293
179 0.99999804608351 0.00076571902100186 0.00182249925742292 -0.099906375527383 -0.000770692057233626 0.99999597777609 0.00272955406535325 -3.42187979442663 -0.00182040185545614 -0.00273095331773456 0.999994614001026 216.912469672369
180 0.999999846608266 -0.000411302928491093 -0.000370962727287724 -0.105994884814224 0.000412962772390635 0.999989854824509 0.00448549995041769 -3.44348383980238 0.000369114064540402 -0.00448565245617539 0.999989871287129 217.951496225401
181 0.999996953801559 -0.000114736113216728 -0.00246560808453119 -0.113077746694038 0.000129993517923079 0.999980840614862 0.00618882096040147 -3.46299121166465 0.00246485076373391 -0.00618912262109343 0.999977809389735 218.974989557346
182 0.999987804537626 0.000227307311347271 -0.00493346809104726 -0.125487415726419 -0.000195737746171693 0.999979509585015 0.00639860116335682 -3.48233369386346 0.00493482145106559 -0.00639755746353213 0.999967358865152 219.990932975032
