0 1 0 0 0 0 1 0 0 0 0 1 0
1 0.999996371548556 0.00268612049955507 -0.000204074455583125 -0.00619727669651381 -0.00268579282061719 0.999995130247581 0.00158933887143941 -0.0168165931639007 0.000208342617514365 -0.00158878500289281 0.99999871617696 0.776497379672309
3 0.999976500663199 0.00678861364644133 0.000955429820346902 -0.018260669282796 -0.00679049784447761 0.999974978380503 0.00198286457845072 -0.0481477660470944 -0.000941945012409166 -0.00198930582658377 0.999997577698027 2.2837036887692
5 0.999959201355076 0.00887834175005925 0.00166453389510069 -0.0287806328935039 -0.00888023018736123 0.999959930851098 0.00113057688211751 -0.0778223644150501 -0.00165442955071004 -0.00114531220025589 0.999997975559364 3.73711956601191
7 0.999948275089378 0.00984780224756286 0.00254321384676309 -0.0330701022629485 -0.00986052163094094 0.999938691683444 0.00503815319027397 -0.10756972890585 -0.00249344319029275 -0.00506297000739862 0.999984074411068 5.1079196324145
9 0.999945849598577 0.00890726880765553 0.00538130402114442 -0.0337050323355944 -0.00897421034206598 0.999881020087174 0.0125462830419807 -0.128723906632128 -0.00526891063846924 -0.012593896609918 0.999906811832414 6.41055744365928
11 0.999935093185944 0.00858127809102888 0.00749473692280858 -0.0295424816607801 -0.00869042527316247 0.999854856382449 0.0146541010302076 -0.148990597672979 -0.00736789819346477 -0.0147182823303665 0.999864533945201 7.60827549966256
13 0.999910851695693 0.00958705849359868 0.00929392116573387 -0.0234082483021608 -0.00967309416482106 0.999910366756193 0.00925687327204124 -0.164505650259321 -0.0092043419359052 -0.00934594901208242 0.999913962962109 8.69187103200908
15 0.999913557249605 0.00415931764533205 0.0124730952520514 -0.00414580345896746 -0.00422585366628302 0.999976958104001 0.00531276028626423 -0.177230730954587 -0.0124507103906837 -0.00536501051195367 0.999908094013132 9.655887200844
17 0.999841180990362 0.0066445991543612 0.0165366894472993 0.00525229839684632 -0.00668424718112184 0.999974914194825 0.00234346339311246 -0.198186969709411 -0.0165207032362495 -0.00245362652640044 0.999860513312456 10.513808277372
20 0.999630128138865 0.00734870665809799 0.0261840300093384 0.0258680099784131 -0.00742991477265119 0.999967881160578 0.00300549724580982 -0.219863154246349 -0.0261611024910619 -0.0031989307083238 0.999652621443457 11.5561729672481
23 0.999433803171573 -0.00132615443371803 0.0336201486079821 0.0671727269700485 0.00115120128357347 0.999985699272134 0.00522264174777749 -0.237489345217139 -0.0336265938448956 -0.00518098114635245 0.999421037211421 12.3288807839545
27 0.999090233446288 0.00539021705255066 0.0423042668340688 0.0841502023127488 -0.0054595710214495 0.999983935055753 0.00152404549581769 -0.259576895516024 -0.0422953722823602 -0.00175362211949021 0.999103611390209 13.0611580690232
33 0.99868411102859 0.00554197329261811 0.0509836533710532 0.128334369567167 -0.0051610473642574 0.999957799763431 -0.00760015015527006 -0.283349126201982 -0.0510236216780002 0.00732702015164879 0.998670568709501 13.9096005066564
39 0.999067961307886 0.00383372845583282 0.0429943160688915 0.155492116832125 -0.0030945266387588 0.999846480886592 -0.0172464072658675 -0.305525417632542 -0.0430538336619031 0.0170972858906054 0.998926448855064 14.6606897185055
44 0.99998339500532 0.00248387746816231 0.00520000638050602 0.134121613395284 -0.00236947052605338 0.999757510695565 -0.0218930449511813 -0.322460663859349 -0.00525312507563946 0.0218803601554325 0.999746795201869 15.2948109306022
47 0.999066875324856 0.000629199076064529 -0.0431854458950115 0.0774279763446561 -0.00177695894010021 0.99964606048045 -0.0265442306884472 -0.332483552912962 0.0431534592536159 0.0265962003759744 0.998714384135929 15.757759519947
49 0.996062252118157 0.00200763068342267 -0.0886338497660115 0.00158631686701957 -0.00420368567865658 0.999688609745104 -0.0245970033259585 -0.343490562687506 0.088556868350343 0.0248727353731176 0.995760527487929 16.1479112965583
51 0.98933119916219 0.00382719296072811 -0.145633550249742 -0.108822358749609 -0.00694228568007115 0.99975772438028 -0.0208877287300419 -0.359683069197461 0.145518325422742 0.0216759114227036 0.989118077799691 16.5973722630051
53 0.976473499740085 0.0046684471893535 -0.215586896415785 -0.270886637866973 -0.00778793169586909 0.999876879974022 -0.0136225186113525 -0.372522698457913 0.215496757342775 0.0149810044475124 0.976389633845266 17.0960967239482
55 0.954899621298325 0.0101775436847369 -0.296754327430723 -0.497885838900099 -0.011760966600748 0.999924532275926 -0.00355097414619538 -0.380079704785547 0.296695791862526 0.00688094160098227 0.95494725494854 17.6466223058005
57 0.923982750875652 0.0162001216537706 -0.382090868960077 -0.795026680284289 -0.014858301625319 0.999868726247792 0.00646228631590384 -0.387699462950105 0.382145400282503 -0.000293819707825874 0.924102162486867 18.2228818618092
59 0.883142116683598 0.0235552389971454 -0.46851376976072 -1.17792458377967 -0.0157603068510089 0.999664564246473 0.0205516840641364 -0.392857294598995 0.468840713321247 -0.0107661369904621 0.883217117036761 18.8221002550547
61 0.830652783564442 0.0317882512291135 -0.555882595734422 -1.64028259067283 -0.0192486295058582 0.999411621279373 0.0283884045673952 -0.390544835874369 0.556457943980307 -0.0128809291408137 0.830775925412911 19.3875113958874
63 0.766468324255319 0.0378746269089268 -0.641164425517943 -2.18819999058911 -0.02208441410406 0.999223630988987 0.0326253571147425 -0.374945936812329 0.641902318555498 -0.0108465621140381 0.766709700945138 19.9288701458288
65 0.690521526749712 0.043077108833275 -0.722027966071823 -2.84472642153276 -0.021223911650061 0.9990018747695 0.0393039410402387 -0.34452778012175 0.723000391887527 -0.0118159596136047 0.690746564543677 20.4818059074368
67 0.607301943039538 0.0419484395906584 -0.793362891996034 -3.60186657338808 -0.0134366850034891 0.999004572690305 0.042536093379359 -0.31621932204088 0.794357479650389 -0.0151720848853881 0.607261066069373 20.9936979716805
69 0.516658375489001 0.0435187084259125 -0.855084934409446 -4.45609125259245 -0.00688903689207065 0.998886379401965 0.0466748563568513 -0.281754781830019 0.856163923678034 -0.0182242438025128 0.51638281606775 21.4431141545188
71 0.414864825138038 0.0420494487318946 -0.908910898121774 -5.37746830405494 -0.000671791352364745 0.99894543995867 0.0459081330720094 -0.241519762874251 0.909882808695474 -0.0184350711179047 0.414455573726924 21.8019281549303
73 0.308021604511941 0.0400047434893218 -0.950537906478349 -6.39755914483083 0.00752337847134478 0.998981878010903 0.0444815263023541 -0.200744701078157 0.951349614984032 -0.0208525275245876 0.307407030117351 22.0869606469688
75 0.202813407730073 0.050877213220422 -0.977894795374144 -7.5298939296384 0.0113825586541178 0.998459360529363 0.0543078514561361 -0.150307325324104 0.979151244192337 -0.0221453052862203 0.20192183252531 22.2662056182233
76 0.153881829516883 0.0522340679521293 -0.986707649047939 -8.11237291995503 0.0168869522891644 0.99831685973236 0.0554822351433678 -0.126663271002965 0.987944944512052 -0.0252001928423735 0.152740750599789 22.3267607905314
77 0.109298256328089 0.0537315767659725 -0.992555695576768 -8.72003400362577 0.0193366868864636 0.998234048609871 0.0561682894185051 -0.104649754114157 0.993820901221088 -0.0253318347971181 0.108066250244548 22.3602508081769
78 0.0688713503539958 0.0520702412891256 -0.996265741191832 -9.34020894043262 0.0192778843276339 0.998381025422196 0.0535134679569044 -0.0780917061781524 0.997439271472839 -0.0228914405185979 0.0677560453001499 22.3651784048123
80 0.0046725885260156 0.0478786263741684 -0.998842231812907 -10.6959250847963 0.0145445720326257 0.998744223077177 0.0479419679858274 -0.0105139761098656 0.999883304361491 -0.0147517458793567 0.00397034666705254 22.3373484326646
82 -0.0293639731633004 0.0581788904588673 -0.997874227438027 -12.1799247670018 0.014432264572125 0.99822532394588 0.0577746689515674 0.0508587107228992 0.9994645900778 -0.0127050910314781 -0.0301515147628888 22.2770722221006
84 -0.0409585499136134 0.0580862678010906 -0.997470993403775 -13.72395386152 0.015248730932548 0.998228800251471 0.0575042481339901 0.117606205485697 0.999044480187905 -0.0128548761739946 -0.0417717460088809 22.2106526437414
86 -0.0360838821635503 0.0523644952849659 -0.997975908066702 -15.3297871052899 0.0344602044075792 0.998097559893164 0.0511248985084483 0.199792410506825 0.99875444818043 -0.0325456689724157 -0.0378197259501318 22.1666249409984
88 -0.0254192027990936 0.0511496596387479 -0.998367455623379 -17.0420914447378 0.0330154230661229 0.99818831067556 0.0502998834038116 0.268472491144551 0.999131545878131 -0.0316829409858423 -0.0270618787534083 22.115819110003
90 -0.0205284390237508 0.0340210920163464 -0.999210262401895 -18.8415360807616 0.0346760305444901 0.998843799342725 0.0332962072955532 0.335262402884296 0.999187748171947 -0.0339651264182271 -0.0216844204549744 22.0827422565305
92 -0.0213950360535848 0.0228401159019577 -0.999510170802604 -20.7153867033883 0.0213851936628043 0.9995207315947 0.0223825960156459 0.384779005295493 0.999542358244147 -0.0208958421218287 -0.0218732223906184 22.0118126303572
94 -0.0301744753244906 0.0370410737101245 -0.998858077955669 -22.6473883777928 0.00725213861602193 0.999294928412307 0.036838193969522 0.426682223020982 0.999518337762938 -0.00613228406413561 -0.0304218271602978 21.9211826615308
96 -0.0362602591168391 0.0565517943025279 -0.997740992527592 -24.7022535277926 0.00447576764268749 0.998396734759436 0.0564263017191845 0.503690564882147 0.999332357683263 -0.00241962452879534 -0.0364552369948583 21.833592938963
97 -0.0374926444029067 0.0643017427756878 -0.997225946058207 -25.7194260128274 0.00637943172285381 0.997922651573602 0.0641068196622203 0.546892462892238 0.999276540536488 -0.00395820064173975 -0.0378249676947526 21.7891957791427
99 -0.0407278021218305 0.0624140773176383 -0.99721899755616 -27.7958636843952 0.00627668606200625 0.998043387331076 0.0622093258024113 0.648830501837972 0.99915056390236 -0.00372558147131551 -0.0410398671573942 21.6970570018588
101 -0.048137516750028 0.0524854050015668 -0.997460807121244 -29.8626630170129 0.00628005540429011 0.99861465306724 0.0522430433982796 0.736675587956137 0.998820975142823 -0.00374925875567224 -0.0484004408401739 21.5907834096582
102 -0.0537894662931508 0.0479043187349831 -0.997402561437675 -30.8353217443121 0.00663506738246829 0.998843691557761 0.0476157087114677 0.771667063893391 0.99853025452248 -0.00405660964382547 -0.0540451174618903 21.52490607455
103 -0.0606169781656081 0.0459953308113418 -0.997100803079421 -31.8059406475343 0.0056579201704062 0.998937534393345 0.0457360942745359 0.807833175448056 0.998145064555957 -0.00286913291765155 -0.0608128126210699 21.4508053034325
104 -0.0666183857882165 0.0485513317769542 -0.9965965878216 -32.7721765858418 0.00572586548054156 0.998817584348675 0.0482767817939056 0.842503657658941 0.997762098468103 -0.00249025672607326 -0.0668176135608505 21.3736050017123
105 -0.0727560482053247 0.0534852388580929 -0.995914598082505 -33.9186328578404 0.00431228576743285 0.998568553629547 0.053312736692597 0.881723289373582 0.997340444201981 -0.000415844306125429 -0.072882545458488 21.2862305038457
106 -0.0789450470466941 0.0563791820836621 -0.995283410579305 -35.0327082486072 0.00147097765053351 0.998404947083816 0.0564393290473373 0.924744596250796 0.99687788408187 0.00299156583401697 -0.0789020580359845 21.1871183397374
107 -0.0836717491845154 0.0586553634895312 -0.994765593857324 -36.119932744408 -0.00156095691632453 0.998257203265944 0.0589925380125422 0.969469924784229 0.996492148389494 0.00648879507819667 -0.0834343678379854 21.0870087579767
108 -0.0862213188159959 0.0599438462536747 -0.994471024956457 -37.2111755496786 -0.00610379068815686 0.998137752889215 0.0606940688741856 1.01647752520296 0.996257310096576 0.0113031656444122 -0.0856948687235672 20.9779709729008
109 -0.0878555588233578 0.0612370231105152 -0.994249177914872 -38.2656934674503 -0.0100708867213673 0.998003026587277 0.0623581282855736 1.06398118186002 0.996082314883906 0.0154914790513009 -0.0870634024853278 20.867816680598
110 -0.0893793964522505 0.0608337373239017 -0.994138109063846 -39.3790671860001 -0.0113095158789421 0.998006646729243 0.0620872606485079 1.11233595240335 0.995933440718011 0.0167925426144562 -0.0885132316217541 20.7637804799303
111 -0.0909524718999282 0.0601305579012886 -0.994038210463649 -40.4410159386781 -0.0116289422538517 0.998043226062505 0.0614368506094193 1.15867151116235 0.995787334503382 0.0171474463762772 -0.0900752436878378 20.6623436813371
112 -0.0921939727127516 0.0594588462207016 -0.99396424332143 -41.471102562135 -0.0126982714844325 0.998064199301495 0.0608819182842786 1.2055046447474 0.995660095261806 0.0182345737205148 -0.0912604789845146 20.5564104419119
113 -0.0929919489090001 0.0585708177764101 -0.993942632521167 -42.5711611549252 -0.0150180977464919 0.998072191913385 0.060219236704628 1.25426555846606 0.995553591816223 0.0205270317925841 -0.0919330560114453 20.4421152735135
114 -0.0938200408902821 0.0560600045599518 -0.994009595434614 -43.6834611041431 -0.0195778975665542 0.998116478838311 0.0581394925871016 1.30170409010357 0.995396657546236 0.0249152676114529 -0.0925457918310193 20.3260475711686
115 -0.0939751362290433 0.0512256945531221 -0.9942558030951 -44.7544787638558 -0.02489250436216 0.998242284171947 0.0537838760015809 1.34417745984101 0.995263300336807 0.0298038639898222 -0.0925348188195318 20.209994006968
116 -0.0931244544925156 0.0505561608429923 -0.994370107443043 -45.8215322350585 -0.0263535336809582 0.998234965821147 0.0532207128342034 1.38916029582061 0.995305645135201 0.0311613159682263 -0.0916277531598935 20.096304531508
117 -0.0914956738711452 0.0547493413498927 -0.994299276518201 -46.9124915808916 -0.0269906339228464 0.99798427798569 0.0574359345168442 1.43448368076166 0.995439625162324 0.0320919073152914 -0.0898335245972171 19.985531687171
118 -0.0896957586342726 0.0579413156443031 -0.994282391890971 -48.0039607389874 -0.0270825348746095 0.997795313044327 0.060589186919274 1.48010149724991 0.995600927675235 0.0323622806393554 -0.0879288098636148 19.8784359479713
119 -0.0883701899265814 0.0576848355388498 -0.994415994079538 -49.0791008555586 -0.0250651047949802 0.997876827521386 0.0601130403279506 1.52870925449174 0.995772288253673 0.0302373418922532 -0.086736688323537 19.7803794026958
120 -0.0857959045581329 0.0569060866967972 -0.994686262123846 -50.142252573883 -0.0246954868950607 0.997939303775751 0.0592222838683732 1.57495522870383 0.996006624319371 0.029645290965462 -0.084213781743284 19.6805136379029
121 -0.0815933451233049 0.0574752752463271 -0.995007094832468 -51.2748543226707 -0.0291029670077159 0.99777273489303 0.0600215529241886 1.62535141812838 0.99624070552399 0.0338550179359326 -0.0797389140734974 19.5698171705739
122 -0.0759095210539333 0.0583836712447503 -0.995403984091559 -52.4568052990063 -0.0340551889365814 0.997550112931305 0.0611065978208172 1.67712019128994 0.996532984260861 0.0385372433202774 -0.0737352843448613 19.4683816392201
123 -0.0701720060046434 0.0580107248693324 -0.995846697726823 -53.5648820903433 -0.037804942577232 0.997435778894534 0.0607672057756966 1.72709616191968 0.996818276262036 0.0419120839518662 -0.0677989773432845 19.3769581324327
124 -0.0644210922175015 0.0572611434140779 -0.996278617823557 -54.6852036368883 -0.0392481921138064 0.997434563692268 0.0598654371721524 1.777899189521 0.997150691868236 0.0429587314399247 -0.062008427651171 19.294140558031
125 -0.0586936841052612 0.0565336084560357 -0.996673970042908 -55.8189816557107 -0.0388052753946029 0.997511356093434 0.0588663321958113 1.8276382682297 0.997521529616129 0.0421312897924836 -0.0563538141807716 19.2203513049483
126 -0.0535210748111157 0.0563378780640186 -0.996976197331866 -56.961175066703 -0.0370236967897244 0.997608750184276 0.0583611808635574 1.87614113426389 0.997880123274878 0.0400352975636509 -0.0513072560356176 19.1539501247649
127 -0.0482042354769323 0.0570042757526948 -0.99720953877708 -58.110134007036 -0.0360771124449799 0.997619334522841 0.0587716372397104 1.92542027568472 0.998185751070269 0.038809482502535 -0.046032927651505 19.0946786335541
128 -0.042600198772037 0.0588371440670368 -0.997358217263295 -59.2520597189105 -0.0349643257998235 0.997565157901943 0.0603427846675551 1.9715923151539 0.998480204603951 0.0374425722688211 -0.0404392729403902 19.0408430026169
129 -0.0372019819856555 0.060071518446307 -0.997500589076465 -60.3850661129844 -0.0357134198368946 0.997473991517482 0.061401855751563 2.02351582338058 0.998669396837559 0.0379084280567929 -0.0349626501050806 18.9909726965669
131 -0.0269968739280333 0.0547987430930267 -0.998132389291891 -62.6615777632973 -0.0353590240608955 0.997819134079741 0.0557379142219811 2.12404628156024 0.999009964022169 0.0367977366121935 -0.0250003672901971 18.9147091947268
132 -0.0224889968979416 0.0495951702295882 -0.998516181195089 -63.8298081232539 -0.035006156249022 0.998117257017413 0.050363779333022 2.16826141255976 0.99913403207137 0.036086844333281 -0.0207105196185926 18.8787421100092
133 -0.0184692207737283 0.0490101615726865 -0.998627504100819 -65.0156507818847 -0.0349897921392279 0.998154383900437 0.0496340643751066 2.21200218016606 0.999216994616317 0.0358584712858449 -0.0167202783163836 18.8447338770772
134 -0.0151904651710755 0.0514490685164871 -0.998560084880561 -66.1810394451209 -0.0342723940267608 0.998061694248134 0.0519447541357019 2.25210299490466 0.999297079339053 0.0350121096669408 -0.013397738656554 18.8200018721846
135 -0.0130542078107876 0.0509097648965582 -0.998617936698821 -67.3698601404637 -0.0345660626699351 0.998083148323183 0.0513343583263764 2.29775070507132 0.999317154345872 0.0351884195646787 -0.0112694347067299 18.7945311316669
136 -0.011887917999458 0.0507070509504382 -0.99864281521951 -68.5497258293294 -0.0364078890152226 0.998029210694014 0.0511092967955858 2.34354056670062 0.99926630235543 0.0369660599116773 -0.0100183527345015 18.7680275912198
137 -0.0109104982043109 0.0516260479109343 -0.998606885719317 -69.7199645123952 -0.0376611481127085 0.99793654091563 0.0520028674995886 2.38470121163208 0.999231003798304 0.0381760590219191 -0.00894368860082873 18.7446122915966
138 -0.0098551019085813 0.0512725624312955 -0.998636070502213 -70.8940875649059 -0.038342650891711 0.997930739169449 0.0516147357187247 2.42491382372046 0.99921605175706 0.038799022699629 -0.00786878317059414 18.7256303209569
139 -0.00869737649884028 0.0493137276540029 -0.998745469029474 -72.053157740232 -0.0387478595861563 0.998016502383687 0.049615162474026 2.46360522979122 0.999211168382104 0.0391307709443516 -0.00676932387847939 18.7072211669353
140 -0.00776682718953192 0.048098975744106 -0.998812377239978 -73.2332195942074 -0.0370975404253492 0.998141049585706 0.0483551199598876 2.50313447874179 0.99928146629956 0.0374290484024568 -0.00596803534582535 18.6928780402258
141 -0.00729108642486032 0.0480168776937459 -0.998819913455518 -74.4092507760715 -0.0337894333420016 0.998264235400951 0.0482368169947159 2.54066634711038 0.999402378550888 0.0341012576879377 -0.00565596772703159 18.6816016208942
142 -0.00708196451462961 0.048702529480981 -0.9987882204956 -75.5784663645143 -0.0314619501704519 0.998307929081198 0.0489021924363569 2.57909413189131 0.999479860462474 0.0317701488155888 -0.00553770477272097 18.6699414270112
143 -0.00715478337785802 0.0514469939731202 -0.99865009682368 -76.7309013624497 -0.0312192967653159 0.998177346118352 0.0516463087316229 2.61774496099093 0.999486950682346 0.0315466718886907 -0.00553560371163186 18.6554581210319
144 -0.00700172214067263 0.0550021206396736 -0.998461688104358 -77.9216639078473 -0.0336385449540931 0.997908101220838 0.05520751589407 2.65952212498968 0.999409537767394 0.0339733460666052 -0.0051368839389665 18.6387192818161
145 -0.0062665802651003 0.054949918385598 -0.99846944692424 -79.1296436155962 -0.0359145900109688 0.997832497331794 0.0551402710633457 2.70371105167536 0.9993352151286 0.0362051617592207 -0.00427949364570024 18.6215741496294
146 -0.00579507107591226 0.0529774566656348 -0.998578893346172 -80.3129406495267 -0.0370374551836572 0.997899108753299 0.053156332293429 2.747727428172 0.99929707498058 0.03729286573343 -0.00382074608481742 18.6064528967964
147 -0.00546925395230358 0.0504654074899975 -0.998710833979523 -81.4875483400589 -0.0368857620863792 0.998035925847286 0.0506333020200837 2.78897519847298 0.999304522063476 0.0371151366024495 -0.00359705691771306 18.591536606735
148 -0.00540764957353268 0.0496543482695122 -0.998751822538523 -82.6500191143963 -0.0348451473087573 0.998150524126407 0.0498131197096602 2.82771590055934 0.999378093133485 0.0350710262767989 -0.0036674351761421 18.5800507819454
149 -0.0053664632016992 0.051159703740721 -0.998676066492968 -83.798271196229 -0.0333391711552353 0.998126101092811 0.0513106809928038 2.86585815578558 0.999429687741658 0.0335703891908482 -0.00365078487290704 18.5675587586732
150 -0.00492710766184223 0.0538974151996088 -0.998534322016469 -84.9801352075949 -0.0328059245214192 0.99800024067763 0.0540304629231214 2.90633623950959 0.999449595990905 0.0330240555079601 -0.00314910009742508 18.5549033784558
151 -0.00442260366349845 0.0564454598457112 -0.998395888733343 -86.1555330754995 -0.033202737030981 0.997846869563023 0.0565614988921515 2.94755154515365 0.999438851971689 0.0333996252386391 -0.00253893746109002 18.5414593990329
152 -0.00439256665277621 0.056803103545751 -0.998375737278191 -87.3171850628677 -0.0344646711795412 0.997783634104013 0.0569210501894972 2.99024267195713 0.999396263650554 0.0346587210058283 -0.00242513083216944 18.5288015702782
153 -0.00409654157025785 0.0547159625801347 -0.998493556206595 -88.4899182390962 -0.0338730549229538 0.997921335329074 0.05482357745738 3.03421787509117 0.999417747739828 0.0340466141336858 -0.00223462942838371 18.5192552490657
154 -0.00376318639216455 0.0532880869071697 -0.998572089646988 -89.6588532388014 -0.032353013624855 0.998049913087669 0.0533821458456464 3.07730413415565 0.999469419711063 0.0325077033865798 -0.00203181764988236 18.5103881231379
155 -0.00361001305783182 0.054283063925394 -0.99851906179932 -90.8360327039051 -0.0307398914924876 0.998047652870901 0.0543685724469178 3.11964140476286 0.999520898669334 0.0308906388693606 -0.00193430956425589 18.5004576458288
156 -0.00346436550932916 0.0570668761383552 -0.998364347229722 -92.0187251984465 -0.028328082303595 0.997964066393159 0.0571422955526865 3.16557341967713 0.999592676005891 0.028479709195135 -0.00184071712710598 18.4931916814997
157 -0.00330558931157277 0.0594610822283216 -0.998225151345898 -93.2064783758551 -0.0270057164151267 0.997861217502788 0.059528832381953 3.2137260474988 0.999629813661142 0.0271545632277464 -0.00169273025061578 18.4847476806839
158 -0.00266422231159424 0.0612383988988109 -0.998119612280906 -94.4037695385367 -0.027552688286635 0.997739721806021 0.0612886359664147 3.26409595555456 0.999616802223559 0.0276641651013416 -0.000970917911967906 18.4736087345315
159 -0.00245852504358735 0.06314583429755 -0.998001282196309 -95.5706553788147 -0.0298630355153807 0.997554549697548 0.0631911345643498 3.31388403170939 0.999550976571189 0.029958704721483 -0.000566786550499909 18.4637060692842
160 -0.00220363708496474 0.0624305990527895 -0.998046874793718 -96.7234302657169 -0.031963564872811 0.997534929660915 0.0624691494020467 3.36181926563128 0.999486605465135 0.0320387953628639 -0.000202700461676031 18.4520314175496
161 -0.00194049278429631 0.0584116253304533 -0.998290697399314 -97.8853079549927 -0.0342959577524052 0.997701412406763 0.0584438103086715 3.40993998212851 0.999409836738462 0.0343507453748167 6.72502429250876e-05 18.4392227135598
162 -0.00165362975790817 0.0565967025083886 -0.998395752582011 -99.0649067937953 -0.0353180975619677 0.99777093188789 0.056619779796243 3.45810556264926 0.999374753279883 0.0353550667479029 0.000348944156331354 18.4284665732253
163 -0.00160657954575849 0.0549470533770601 -0.998487977006905 -100.22645382319 -0.0353058369165071 0.997863643763095 0.0549695036858063 3.50265491620978 0.999375263242886 0.035340766559561 0.000336804386047218 18.4200149347096
164 -0.00132844447865299 0.0552392082240714 -0.998472265568776 -101.353304516662 -0.0341348371368284 0.997888767116972 0.0552523425332543 3.54894579532383 0.999416353742978 0.0341560878402012 0.000559941553309629 18.4123003258853
165 -0.00147560446602046 0.0573195854890356 -0.99835479049826 -102.499061253831 -0.0340911417335783 0.997772676450238 0.0573365519074021 3.59642916997908 0.999417638751068 0.0341196607353338 0.000481772295573668 18.4054328774432
166 -0.00111572401525617 0.0595261013044668 -0.99822612589704 -103.634971559238 -0.0329241795624685 0.997683373490435 0.0595305355333122 3.64152616854117 0.999457229480112 0.032932195861117 0.000846708748576841 18.3982724383455
167 -0.00136420660614056 0.0584963618351499 -0.998286689579896 -104.806511647517 -0.0366853041495358 0.997612710067286 0.0585070010482545 3.69259057657174 0.999325936519108 0.0367022664730072 0.000785006976120273 18.3843870835512
168 -0.00186822078916715 0.0597538191892978 -0.99821139586932 -105.970449883763 -0.0406472542977484 0.997383632985313 0.0597803426811239 3.74319876335157 0.999171812287125 0.040686235329791 0.000565495845930908 18.3705244451569
169 -0.00202601000070324 0.0590159626245908 -0.99825498317763 -107.100937194405 -0.0437836544472815 0.997294500370076 0.059048040906037 3.79104132609695 0.999038981665239 0.0438268831551237 0.000563405883032608 18.3580097081578
170 -0.00231860117774763 0.0549964965396918 -0.998483855381217 -108.252312779948 -0.044459181618647 0.997493562952933 0.055045190864087 3.83918186968764 0.999008511104074 0.0445194029140472 0.000132309478189097 18.3487465049284
171 -0.00316685889099877 0.0509962331263055 -0.998693824558705 -109.435170062866 -0.0444905486558627 0.99770273112683 0.0510867045557392 3.88871229877148 0.999004785816898 0.0445942205783728 -0.00089073337347112 18.3399234737291
172 -0.00402500389259353 0.0501130562600587 -0.998735440913128 -110.63229024722 -0.0408450875079319 0.997901818530991 0.050235837795442 3.93257304199427 0.999157384084276 0.0409956359240441 -0.00196968653578145 18.3342421085069
173 -0.00429253573320754 0.0493625304414172 -0.998771703005947 -111.834379166795 -0.0361958220646425 0.998118738382597 0.049485821753273 3.97479740549913 0.999335497519248 0.0363637825033663 -0.00249774298197325 18.3281774683193
174 -0.00462402104370185 0.0511231709473083 -0.99868165088865 -113.035175080625 -0.0355170809247205 0.998053812542476 0.0512554800193639 4.02075412647568 0.999358371852648 0.0357072634308603 -0.00279927603227925 18.3162817266547
175 -0.00528994846560349 0.0550723601632093 -0.998468352824107 -114.259707099079 -0.0346343050786755 0.997873179416534 0.0552230270164163 4.06875221040361 0.999386052212532 0.0348733845101441 -0.00337130477102621 18.3025490916197
176 -0.00572754043386992 0.0550882470954031 -0.998465062139149 -115.50601334277 -0.0330527152366474 0.997925432145683 0.0552480759152568 4.12067501895714 0.999437198275141 0.0333184169613248 -0.00389484211847102 18.2893928564917
177 -0.00634488305813652 0.0506727075688437 -0.99869515827735 -116.730370342808 -0.0330349137989283 0.998159517374485 0.0508554062517649 4.17116642009901 0.999434058319645 0.0333144800706408 -0.00465923688461189 18.2735706869864
178 -0.00699734065719237 0.0469112048794795 -0.99887455472671 -117.971608646277 -0.0332513606288755 0.998335696430169 0.0471188311571776 4.21829351798097 0.999422525381561 0.0335436445552008 -0.00542583356717463 18.2563154779599
179 -0.0077113171619001 0.0455706922333454 -0.998931352795077 -119.196005420911 -0.0324462579530841 0.998423649231981 0.0457980021304049 4.25833846038515 0.999443733249887 0.0327647472700212 -0.00622056298586582 18.2406151594865
180 -0.00824198967866629 0.0468542284829914 -0.998867734427037 -120.435606759298 -0.034336402166904 0.998299341751042 0.0471108877614094 4.29901697514753 0.999376346074075 0.0346858116915133 -0.00661916723851941 18.2213933737146
181 -0.00876398482150331 0.0515139949065291 -0.998633817221718 -121.70237967583 -0.039073145667136 0.997891837510296 0.0518186252036751 4.3454089458193 0.999197919262107 0.0394739022531884 -0.00673269509056329 18.1951737582855
182 -0.00900752095241142 0.0548994021708113 -0.998451260807246 -122.978791698713 -0.0444889257131235 0.997481056915283 0.0552474124648518 4.39264683050528 0.998969268824214 0.0449176661955717 -0.0065424160949259 18.1680043921206
183 -0.00919319126627749 0.0548309245040836 -0.998453331384282 -124.239621701576 -0.0519487694536215 0.997121006466286 0.0552360735019647 4.4430969602991 0.9986074356756 0.0523762177107841 -0.00631832507207619 18.1375848982393
184 -0.009025546074795 0.0528673887472548 -0.998560753647518 -125.479121586921 -0.0551745870099239 0.997053827347096 0.0532863051898949 4.489610095247 0.998435929074238 0.0555761151894671 -0.00608201891734894 18.113145325347
185 -0.00946120959062702 0.0516748574259484 -0.998619143929802 -126.732506566786 -0.0572587737293797 0.996997261594143 0.0521334173519048 4.53410313008703 0.998314538782287 0.0576729527923453 -0.00647396108437293 18.0936671748449
186 -0.0097908182516051 0.0511135136637742 -0.998644856091948 -127.996174639194 -0.0574216336124476 0.997016001276031 0.051593111873887 4.57621847846191 0.998302006344394 0.0578489578168592 -0.00682658100818956 18.0700572020083
187 -0.0103528317712263 0.050263245027782 -0.998682344428695 -129.24930146647 -0.0551893587886021 0.997184816157453 0.0507599950899357 4.61651396750221 0.998422232099636 0.0556421479123919 -0.00754969038278164 18.0519849992201
188 -0.0108521911128847 0.0509327591908552 -0.998643121434908 -130.500460590881 -0.0552091722109795 0.997148023086999 0.0514564607942323 4.65798168023795 0.998415833834694 0.0556926754151416 -0.00800928544102719 18.0341168177011
189 -0.0114682141249776 0.0560845269599626 -0.99836015841001 -131.728239934287 -0.0550399732084482 0.996876750007802 0.056633441031748 4.70221286227243 0.998418289803426 0.0555992007996554 -0.00834550516401622 18.0111744950589
190 -0.0118677292974243 0.0601972172359975 -0.998115951199241 -132.980346926684 -0.0538480930555314 0.996699339010941 0.0607520410310304 4.75012511490748 0.998478612628035 0.0544676293976092 -0.00858705259089554 17.9888443722023
191 -0.0116954621825269 0.0588080019081344 -0.998200798975792 -134.255628828693 -0.0543103671929927 0.996758171618437 0.0593593406906774 4.80500034868366 0.998455607515777 0.0549068868489415 -0.00846366332377113 17.9661361904706
192 -0.0108035561003395 0.0574490933332981 -0.998289980341769 -135.510819235563 -0.0540364415617026 0.996855909247783 0.0579513518489831 4.85905621378731 0.998480518667708 0.0545701188651622 -0.00766524416483572 17.9429090174971
193 -0.00956435977722547 0.0568624324908115 -0.998336209296888 -136.757616711862 -0.053037533949542 0.99694769590057 0.0572914621134385 4.90741212162574 0.998546715489367 0.0534972467494569 -0.00651932324898397 17.9225669453205
194 -0.00853149643521678 0.0561991728447956 -0.998383126129512 -138.005389691791 -0.0532587833250699 0.996976808831316 0.0565751239614986 4.9557491406361 0.998544298249862 0.0536553410583371 -0.00551260452094904 17.9016898158898
195 -0.00783329457972193 0.058357287859774 -0.998265028161199 -139.247053832824 -0.0532990703150957 0.996852220284733 0.0586929298718789 5.00495950955599 0.998547869958959 0.0536663569384981 -0.00469824790490381 17.8845261623103
196 -0.00698501940579943 0.0621320889313844 -0.998043492553768 -140.512700666677 -0.0543439817739401 0.996569312029452 0.0624206533616826 5.05690810936648 0.998497842335603 0.0546736668439955 -0.00358455087528586 17.8686048167158
197 -0.00539263824839131 0.0631226315821936 -0.997991208796381 -141.755460846192 -0.0559937615138601 0.996420861346241 0.063325869481157 5.11149532988038 0.998416555413747 0.0562227752441502 -0.00183886366945019 17.85044763307
198 -0.00445592846848353 0.0604430415959636 -0.998161702042366 -142.995400673558 -0.0582365139056582 0.996461809898404 0.0606000813705118 5.16568683695394 0.998292869427404 0.058399487468857 -0.000920170514079333 17.8341605985445
199 -0.00424091937654936 0.057278692630659 -0.998349220450121 -144.240845837108 -0.0569748719111588 0.99672260856219 0.0574273937393145 5.21896168078676 0.998366605297648 0.0571243639046047 -0.000963574047825766 17.8225790875907
200 -0.00415080277662705 0.0557431292135994 -0.998436514948139 -145.517301891629 -0.0540895147967524 0.996970942479784 0.0558861721718558 5.26932593322602 0.998527463430707 0.0542369191275313 -0.00112311094384521 17.8121950945589
201 -0.0041713757572861 0.0552352269271033 -0.998464656024741 -146.752951971519 -0.0527271094036468 0.997072251994756 0.0553784817058124 5.31516900036771 0.998600246123657 0.052877159609954 -0.00124676916711297 17.8014718009287
202 -0.00417266758165669 0.0555878407246373 -0.998445081518671 -147.987396715139 -0.0500094208932177 0.997192832855332 0.0557271201829343 5.36164988161559 0.998740029570848 0.0501641910682367 -0.00138103848297222 17.7931174833041
203 -0.00434611284710651 0.0541531235845605 -0.998523184762956 -149.228678888495 -0.0478346185145819 0.997378284528452 0.0542992340889513 5.40670379098165 0.998845814214929 0.0479999662199634 -0.00174432456777374 17.7818358843597
204 -0.00408505703027706 0.0543734516124202 -0.998512313428739 -150.469334627516 -0.0470740950991577 0.997403210574519 0.054505642884352 5.45350608635106 0.998883047147991 0.0472267222596789 -0.00151486796530587 17.7664350009598
205 -0.00431122983135435 0.0569693616829416 -0.998366618595984 -151.706410238178 -0.0446607773218969 0.997368739329457 0.0571052780167848 5.5008635425572 0.998992907015032 0.0448340232168442 -0.00175558988556501 17.7551397881105
206 -0.00417803745558354 0.0584211127321578 -0.998283285240295 -152.939999694123 -0.042129258770055 0.997395384638806 0.0585454717010178 5.5484207435663 0.999103432862937 0.0423015400233306 -0.00170591709911938 17.7440401627785
207 -0.0043026437787852 0.056888109069915 -0.998371288801397 -154.143386091441 -0.0400436628944563 0.99756994355555 0.0570150223763226 5.59750562381597 0.999188667028659 0.0402237586635918 -0.00201417984924368 17.7323027324888
208 -0.00497388841506607 0.0570673235100933 -0.998357942334025 -155.378851801177 -0.0412333299366756 0.997509497401176 0.0572242526974917 5.64843137249061 0.999137164225397 0.0414502494787123 -0.00260842515414739 17.7165655930855
209 -0.00494801737771011 0.0618784718102151 -0.998071426226832 -156.608189940591 -0.0419888505925101 0.997190535831949 0.0620320213527699 5.69958140508231 0.9991058270023 0.0422148075161199 -0.00233591019245249 17.7024253034924
210 -0.00459798353419005 0.0685631800845711 -0.997636180621027 -157.852729202901 -0.0470466296134395 0.996527171334881 0.0687037948974911 5.7562879139045 0.998882111757657 0.0472513187963189 -0.00135634898661241 17.6834508829163
211 -0.00306859972430074 0.0686517126042534 -0.997635968704134 -159.041612708636 -0.0518001894394591 0.9962903770401 0.0687184472418559 5.81579021358177 0.998652754499665 0.0518886015787532 0.000498955341934781 17.6629866057178
212 -0.00172610809548623 0.0649557377597004 -0.997886653224171 -160.246601443889 -0.0555858893273113 0.996339077243267 0.0649511513810758 5.87463579150499 0.998452417223042 0.0555805297755298 0.00189083350320562 17.6471270291287
213 -1.02004727418059e-05 0.0594408881347477 -0.998231827139219 -161.490562654697 -0.0575082788074356 0.996579748066729 0.0593431007941186 5.93163756153516 0.998345029418466 0.0574071995572601 0.0034081775828595 17.6330805333578
214 0.000784486723471201 0.0578067555853243 -0.998327483138314 -162.719182252383 -0.0600399069348043 0.996529506196384 0.0576554668288292 5.98336351286299 0.998195669273235 0.059894259229819 0.00425247639270421 17.6208734781809
215 0.00183876457867926 0.054616411592273 -0.998505716823698 -163.933691775918 -0.0547668360095308 0.997014310554293 0.0544339804116271 6.02817937199919 0.998497477522267 0.054584907572805 0.00482444265578663 17.621682972291
216 0.00224209479875237 0.0501411093024603 -0.998739626814132 -165.134364788323 -0.0514519759055542 0.997425050788507 0.0499596060328555 6.07241575398605 0.998672953066382 0.0512751130419289 0.00481618066622624 17.6196714302904
217 0.0019924070895555 0.0467740943240635 -0.998903506057594 -166.345865507304 -0.0450681954177871 0.997894709540813 0.0466369642262483 6.11080278999456 0.998981925800349 0.0449258585963566 0.00409623651740598 17.6226233337946
218 0.00103706327541264 0.0497441273617943 -0.998761456150955 -167.575110485303 -0.0427896109509634 0.997849438725455 0.0496542730282054 6.1526214090756 0.999083566922422 0.0426851195184922 0.00316336486419966 17.6218590060629
219 0.00175295863385494 0.0561987902724842 -0.998418060287342 -168.82138076765 -0.0432628982898283 0.99748905564571 0.0560705403807874 6.19470297842688 0.999062184634967 0.0430961696550735 0.00417987959983979 17.6159476660684
220 0.00298092949073248 0.0595124266314978 -0.998223113905805 -170.057732933835 -0.0448722799470272 0.997230017875289 0.0593192206692455 6.24317608792888 0.998988284491729 0.0446157206025142 0.00564313063746369 17.6116317075456
221 0.00499673323384819 0.0562253022415959 -0.998405602971473 -171.270787882549 -0.0458767533725383 0.997379702842763 0.055937928610889 6.29253852607938 0.998934610551154 0.04552410070636 0.00756307463219419 17.6066816844199
222 0.00564981409252985 0.056360658550381 -0.998394489051541 -172.468789733256 -0.048074149629354 0.997271303295209 0.0560252064814481 6.34169662869725 0.998827790831901 0.0476804340546704 0.0083438881957929 17.6042776821426
223 0.00668844002496305 0.0574244673146316 -0.998327448948322 -173.687112726562 -0.0460066058361353 0.997310286468727 0.0570577314927969 6.38554178953589 0.998918743937399 0.0455480302241099 0.00931235487041904 17.6077200531659
224 0.00713592236973837 0.0555717677439863 -0.99842919490655 -174.884078324045 -0.0460930095341721 0.997411636810758 0.055185697663148 6.43062561933588 0.998911664304715 0.0456268055455793 0.00967892203140963 17.6113957075788
225 0.00904023095880313 0.0541619246357063 -0.998491241896477 -176.04332741387 -0.0464417409195822 0.997477283099273 0.0536864452282975 6.47191884518522 0.998880092365731 0.0458863337024071 0.0115327990870142 17.6101238743574
226 0.0107963988513017 0.056032816580812 -0.998370553070284 -177.18514174132 -0.0481587036167748 0.997299265921732 0.0554519022029541 6.50928462296529 0.998781345960063 0.0474815507117809 0.0134657084555299 17.6109416419175
227 0.012366788174808 0.0579946104314484 -0.998240295575742 -178.318749427557 -0.0481741518594888 0.997191923216795 0.057336893566079 6.54362608724186 0.99876239098339 0.0473803063739935 0.0151259024540079 17.6154215987732
228 0.0127954427335371 0.0594620162498769 -0.998148558716964 -179.441558648653 -0.0491113404693084 0.997062899204534 0.0587677740531012 6.58067594193426 0.998711346126878 0.0482684540186243 0.0156781205535452 17.6205513135912
229 0.013185934640078 0.0606684049880209 -0.998070877124404 -180.510058654784 -0.0495079414960366 0.99697304312854 0.05994760215258 6.61695791897845 0.998686685030141 0.0486219694297596 0.0161495892294173 17.6265413040686
230 0.0132154204587958 0.0616637468795783 -0.998009486419277 -181.544756107551 -0.0488151167704244 0.996946327374133 0.0609516587954573 6.65087797967717 0.998720399830096 0.0479124478189053 0.0161851878955299 17.633090855728
231 0.0136826528320444 0.0608584861685912 -0.998052618689388 -182.563966192972 -0.0489518035081387 0.996989967331136 0.0601225912146188 6.68525384990281 0.998707417587743 0.0480338391379136 0.0166206002567508 17.6391165531476
232 0.0149554427167274 0.0608226565827385 -0.998036542006036 -183.542512501331 -0.049893966116322 0.996950117561123 0.0600087930227466 6.71858518082964 0.998642542093181 0.0488985433431486 0.017944513941264 17.6469518422573
