0 1 0 0 0 0 1 0 0 0 0 1 0
6 0.998444531138105 0.00183737660608249 -0.055723803599699 -0.075685102697395 -0.00206876000072761 0.999989475852095 -0.00409492577612998 -0.0052067322822443 0.0557156932333234 0.00420383542256889 0.998437824451413 0.632169507072474
10 0.991173868417353 -0.00108852282982736 -0.132563862664863 -0.210688790172985 0.000525252383626017 0.999990685920579 -0.00428394468031564 -0.0150289705876781 0.132567291126104 0.004176504536027 0.991165208294433 1.25090647135608
13 0.977848309753995 0.00945430875867609 -0.209101169669493 -0.403844102319055 -0.0114635687913185 0.999899015124641 -0.00839917515827827 -0.0333298154578299 0.209000645218672 0.0106101648747016 0.977857941983144 1.77809297567395
16 0.95359022049169 0.0138811543180179 -0.300787308471301 -0.659492584999799 -0.0167053768624972 0.999837199818872 -0.00681940189747254 -0.044436696306131 0.300643679072905 0.0115276803025016 0.953666865745241 2.33982792949874
18 0.929734688806074 0.0184174019979043 -0.367769231630815 -0.87104848169924 -0.0218183950512438 0.999748985036658 -0.0050916162031709 -0.0498157844086989 0.367583141708186 0.0127579865895886 0.929903149639853 2.71361711079559
20 0.89988754951306 0.0219572852064117 -0.435568910572994 -1.1156140426437 -0.02621716507375 0.999649154997516 -0.00377189186575803 -0.0531273170209191 0.435333272892018 0.0148136605575909 0.900147486234344 3.08082180703868
22 0.860280125901961 0.0123045934319314 -0.509673132466859 -1.38708739029348 -0.0173576483982875 0.999836030276769 -0.0051599033395385 -0.0564995900164506 0.509526070991649 0.0132856893259937 0.860352644814291 3.4532382532525
24 0.806581237363137 0.0203069499910801 -0.590774352283349 -1.74019926257847 -0.0233972632589858 0.999723318116869 0.00241976969725744 -0.0719638311051096 0.590660033865286 0.0118707622104826 0.806833198002413 3.8027858386491
26 0.737882940972775 0.0226213218657935 -0.674549509834833 -2.15229274907641 -0.025900463376216 0.999651046322601 0.00519149140675874 -0.0785073075161137 0.674431561700864 0.0136404319276675 0.738211356725539 4.14197171264462
28 0.654987096645772 0.0146933749864759 -0.755497192555372 -2.62013229096142 -0.014457749004179 0.999871591979091 0.00691180489676034 -0.0780419539669214 0.755501738397255 0.00639564576141638 0.65511542417655 4.47747754986653
30 0.561521663278925 0.0148026634237221 -0.827329621628546 -3.17387133813984 -0.00933581649937022 0.999889670505573 0.0115537589790891 -0.0728689839573617 0.827409369175113 0.00123611157295557 0.561597905827132 4.77664836457704
32 0.457820716715282 0.0168102688825518 -0.888885597929453 -3.81311406003624 -0.00717755257590569 0.999858526653449 0.0152121470349967 -0.0615720019691867 0.889015564591152 -0.000584412945236428 0.457876603875087 5.02212155304113
33 0.403514295986606 0.0193455230160095 -0.914768803399892 -4.16450807933399 -0.00592643187452228 0.999810744478999 0.0185297768358654 -0.059262894912378 0.914954146577669 -0.00205571486042542 0.403552578602519 5.12095420762634
35 0.2935684353301 0.0244441804088614 -0.955625478847219 -4.9286634441204 -0.00264826799653921 0.999689971735423 0.0247577682404322 -0.0570840314526865 0.955934391291816 -0.00473734691230037 0.293542155558238 5.27513939025037
37 0.189536484465985 0.0266271721095744 -0.981512564749796 -5.77353273487618 0.00497747229047331 0.999593318442177 0.0280788620736904 -0.053908677398396 0.981861062384018 -0.0102074203990461 0.189326867461869 5.38902388002878
38 0.141742959038986 0.0278805297149536 -0.989510793081958 -6.22181223308518 0.00323039658427661 0.999584940149737 0.0286271193757898 -0.0506222554753673 0.989898226132758 -0.00725420489516353 0.141594062059673 5.40692478073935
40 0.0615148441254486 0.0267116919355492 -0.997748670490802 -7.19424752056524 0.000357718666372106 0.999641169262291 0.0267844125056897 -0.0316076782932802 0.998106104574848 -0.00200455228406173 0.0614832154377353 5.41109756717483
42 -0.00458705549901683 0.0215083365367878 -0.999758145943943 -8.22945065771546 0.00143973307401083 0.999767769953285 0.021501937850157 -0.0182187442323842 0.99998844297848 -0.00134075428647216 -0.00461695651038285 5.36873890067357
44 -0.0521176101038114 0.0173058690002857 -0.99849099225542 -9.29864476427587 0.000453413000335717 0.999850141327238 0.0173057592885511 -0.00405419768154563 0.998640850923754 0.000449206018544397 -0.0521176465339206 5.27761806795532
46 -0.0819577620001566 0.0172003119066549 -0.996487367967221 -10.4542225758234 0.00121703302936947 0.999852044969226 0.017158292498468 0.0161490190401216 0.996635060630787 0.000193497212752944 -0.0819665692846634 5.15832333037483
48 -0.0984349371097546 0.0198490945979811 -0.994945514387516 -11.6782679491533 -0.00186300900328901 0.999795631825158 0.0201301709080511 0.0143207927640155 0.995141744855301 0.00383510455842857 -0.0983778410993736 5.01557580006484
51 -0.103675552281113 0.0236792863839879 -0.994329256964488 -13.6097465360881 0.00219458145491594 0.999719571948253 0.0235788310956976 0.0437028809170891 0.994608749042278 0.000262411788574915 -0.103698444870737 4.80768291202991
53 -0.100702562187029 0.0262181820576655 -0.994571063775012 -14.9021343341024 -0.00112788914462361 0.999649071262696 0.0264662462337861 0.0571789371993939 0.994915937069582 0.00378698471360367 -0.100637651561103 4.65150739533385
55 -0.097324483701289 0.0233123729406824 -0.994979637047991 -16.1715203135994 -0.0041539384861295 0.999707407905583 0.0238294644034044 0.0819211393638802 0.995244035233234 0.00645227452718839 -0.0971991691636034 4.51404327970413
57 -0.0935701668779669 0.0297601810496237 -0.9951678026817 -17.5481303564524 -0.00511147718906514 0.999525621891512 0.0303711044141065 0.11035875138626 0.995599566427876 0.00792860683099569 -0.093373660752615 4.36336807163989
59 -0.0898915036717638 0.0313138363562533 -0.995459171046349 -19.0059805363303 -0.00714456715768838 0.999459613014043 0.0320848424329875 0.137539810213937 0.995925937370726 0.00999627963165028 -0.0896192036662191 4.21333810040378
61 -0.0864356785437848 0.027682817551231 -0.995872750449123 -20.4820755527821 -0.0104994509563722 0.999533045750357 0.0286958530563234 0.172695922320554 0.996202105500832 0.0129364626324441 -0.0861046626511546 4.06626768509299
62 -0.0849704131896918 0.0300338327244119 -0.995930719364683 -21.3108445121021 -0.00782937981163375 0.999494616481012 0.0308092914108806 0.188055888219766 0.996352713497654 0.0104153980892439 -0.0846923242596658 3.99624464641325
63 -0.0837853690413839 0.0323049695553001 -0.995960039799103 -22.1677070339622 -0.0057406867828041 0.999442133639088 0.0329008513903357 0.20101453180441 0.996467288198595 0.00847410461219075 -0.0835531752907142 3.92747878673183
65 -0.0820640787782942 0.0294858050077408 -0.996190782068031 -23.7931754509694 -0.00451748358335672 0.999540976701543 0.0299571066126314 0.226314815036762 0.99661681669353 0.00695867786091236 -0.0818932078141039 3.78790662638233
66 -0.0817724612229622 0.0224745587520663 -0.996397590720913 -24.6129442438525 -0.00299424893268242 0.999735662974176 0.0227955840221925 0.237439382595201 0.996646526637639 0.00484751343305294 -0.0816835513102125 3.72040935009485
68 -0.0822790003967269 0.0187681075003153 -0.996432598942132 -26.2314528163506 0.00107099451866857 0.999823750713532 0.0187435450186613 0.257550115441629 0.996608759275402 0.000475026296336796 -0.0822845993218742 3.58338342710475
69 -0.0823414678584138 0.0262414317158762 -0.996258636064161 -27.0387103686794 0.000574902010944921 0.999654367528527 0.0262833591616012 0.26349524359443 0.996604009704256 0.00159145928032159 -0.0823280942252367 3.50927552607925
71 -0.0829711871760248 0.038733657345797 -0.995798918400306 -28.7482756875835 -0.00274048006690544 0.999231719781837 0.0390955234116998 0.288590450261105 0.996548178397615 0.00597276907725884 -0.0828012932383655 3.3517987066795
72 -0.0833284979056048 0.0389781588282904 -0.995759541541608 -29.6089057274845 -0.00448326032675583 0.999209971358166 0.0394883972231718 0.302545126197108 0.99651204800225 0.00775475807288882 -0.0830879167724936 3.27272966002342
73 -0.0837678516739286 0.0355573239486503 -0.995850703539213 -30.4762079862498 -0.0044780660161812 0.999339644861253 0.0360585791919122 0.317410335158842 0.996475234991161 0.00748003490602979 -0.0835533070986132 3.19738894309064
74 -0.0840200390116772 0.0327471744488655 -0.995925828367802 -31.3536550413807 -0.00465594024569547 0.999436041708695 0.0332553868430916 0.33497915443227 0.996453187693684 0.00743109004593021 -0.0838201863265915 3.11910784545432
75 -0.0841175761486073 0.0340158272447384 -0.995875070919912 -32.221284072963 -0.00621934929177511 0.999379779898493 0.0346608601224174 0.350470111453723 0.996436427012416 0.00910928245774591 -0.0838538484259062 3.0365642249044
76 -0.0838245159797519 0.0365667982652212 -0.995809379241525 -33.0542973939085 -0.00724299401473431 0.999277719929155 0.0373038535662348 0.361701402956205 0.996454208460411 0.0103396188430318 -0.0834991181014386 2.95447398980465
77 -0.0837280127945634 0.034951603906342 -0.995875496865872 -33.9104087642854 -0.00801893329588254 0.999328699428337 0.035746988791562 0.372752943729072 0.996456379668608 0.0109788835152783 -0.0833915315514013 2.87439246191846
78 -0.0833913599060565 0.0297712984124264 -0.996072061089888 -34.7521278119762 -0.00888651936733241 0.999491670421915 0.030617487335574 0.384873816470834 0.996477250551438 0.011404847567954 -0.0830844063913267 2.79706098693083
79 -0.0830311093666403 0.0256213065800301 -0.996217538254812 -35.5896018379366 -0.010242112944157 0.999594702676649 0.0265618053456674 0.399175719347649 0.996494322111162 0.0124088287083874 -0.0827350407644896 2.71663200222021
80 -0.0824067962489388 0.0264390954257191 -0.996248008361902 -36.4505351954849 -0.00998587796334739 0.999575946476195 0.0273534178398384 0.407446201215611 0.996548745507859 0.0122025185633695 -0.0821078337762216 2.63873019127311
81 -0.0818264497929169 0.0288471136570706 -0.996229027958904 -37.2834634112914 -0.00894652112380669 0.999519495549964 0.0296772265436997 0.417227172834179 0.996606437804848 0.0113411661305548 -0.0815290505079669 2.56892151077433
83 -0.0808972707283064 0.0393716621287438 -0.995944528480342 -38.961710218842 -0.00791686859040272 0.999162623291388 0.0401419407751334 0.446560480972936 0.996691002658514 0.0111321354057551 -0.0805178289627493 2.42984154167006
85 -0.0808569522167653 0.0424574226638018 -0.995821028367529 -40.6075867702747 -0.00816724531909088 0.999030576249464 0.0432574134982967 0.47894648006871 0.996692254099586 0.0116307772488396 -0.0804318073803789 2.28887894033351
87 -0.080310770153605 0.0338126679799406 -0.996196207421717 -42.2146280059752 -0.00904712759926099 0.999358579935488 0.0346493606222152 0.512734368309725 0.996728814512522 0.0117954310393442 -0.079953349692546 2.14778552595134
88 -0.0801046016486551 0.0310660833040826 -0.996302238912899 -43.0516650985019 -0.0130174177072366 0.999396375341199 0.0322091879920845 0.522996970646899 0.996701459631191 0.0155493865801168 -0.0796518483529194 2.07197482133948
90 -0.0812295339679789 0.0275780964771836 -0.996313811710969 -44.7116478592463 -0.0141140781371709 0.999485065632466 0.0288165989666268 0.544313760026039 0.996595482434916 0.0164028098922324 -0.0807984666807267 1.92043705067789
92 -0.0831558542586541 0.0225335190773338 -0.996281759554246 -46.3523643527018 -0.00611760976151841 0.999713938606965 0.0231217604380545 0.561697786374301 0.996517776436185 0.00801757275866217 -0.0829942153028771 1.78528192184632
94 -0.0868380859974309 0.0324052649108884 -0.995695257408791 -48.0130599774736 -0.00328899140173676 0.999456047433337 0.032814505702362 0.575322826885763 0.996217009168114 0.00612438200851247 -0.0866842695600056 1.6395776680206
96 -0.0900449784491375 0.0349739581648687 -0.995323426885139 -49.6329766232504 -0.00137825079797076 0.999377888689898 0.0352411126734023 0.598682394021694 0.995936746124388 0.00454509053854356 -0.0899407575638775 1.48874401490804
97 -0.0911040689363398 0.0310395274423842 -0.995357521878142 -50.3935326022784 -0.00450983263251744 0.999491014823971 0.0315812079530733 0.609354865258045 0.99583116542558 0.0073660723796374 -0.0909177152420177 1.40429883999638
98 -0.092388083812406 0.0272374485791404 -0.995350472629802 -51.1837645690479 -0.00917334131982703 0.999560092239687 0.028204109821402 0.619920997756533 0.995680818223643 0.0117364132803183 -0.0920975831648789 1.32420049314933
99 -0.093837134805776 0.0257077832883965 -0.995255596321789 -51.9700455422027 -0.013094559275912 0.999548224317227 0.0270532767266544 0.629713088560596 0.995501443820557 0.0155710353758559 -0.0934581093780074 1.24367790526158
100 -0.094874145104924 0.0268340667267983 -0.995127544314552 -52.7690858619205 -0.0145748663466505 0.999492042814851 0.0283413059115766 0.633700055320503 0.995382574622234 0.017192708125773 -0.0944348501651529 1.15933053965318
101 -0.0958264301451743 0.0282628120332693 -0.994996738055761 -53.5860664566644 -0.0139950629115112 0.999459765971409 0.0297374245434705 0.641554874988344 0.995299670199752 0.016774673181551 -0.0953791216143096 1.07317876452439
102 -0.0967032174321967 0.027807743468107 -0.994924729384828 -54.3836325209066 -0.015999877934137 0.999437043132754 0.0294889932033886 0.64987288630056 0.995184652034161 0.0187703547454154 -0.0962038571907451 0.982090414180236
103 -0.0971071879970382 0.0277047149069834 -0.994888256444527 -55.1709264353118 -0.0169713273799619 0.999421064710266 0.0294874458093603 0.657858416651251 0.995129221803013 0.0197480172503616 -0.0965807834323649 0.89546313146623
104 -0.097449921878938 0.0295436325566999 -0.994801832779345 -55.954390292015 -0.0152819406338672 0.999397043373828 0.031177106763028 0.667868000010552 0.995123095408931 0.0182407091694646 -0.096939679763981 0.812422040584793
105 -0.0976369451420416 0.0324256867674936 -0.994693722600574 -56.7360183897591 -0.0146527379924007 0.999313917472804 0.0340145794400485 0.679762510546168 0.995114226716037 0.0178960661267695 -0.0970948330475432 0.727968592320761
107 -0.0983207739017173 0.0387278732959076 -0.994400913741205 -58.2754262659832 -0.0149833993403259 0.999071591301006 0.0403912515216358 0.702933480359619 0.995041970553793 0.0188708051034356 -0.0976492168487408 0.562433330956314
108 -0.0990950155919523 0.038688157730616 -0.994325602776194 -59.0252961789912 -0.0149783105964075 0.999072703980939 0.040365608776438 0.716979214999144 0.994965239642325 0.0188933483434217 -0.0984236419355933 0.48546058893643
110 -0.0995087328868498 0.0331822003581795 -0.994483259617096 -60.5310328601217 -0.0139469259233779 0.999299116843572 0.0347384273240143 0.74143268142779 0.994938940506674 0.0173267612394136 -0.0989761992016815 0.325538391131346
112 -0.0980669484093151 0.0280296007556567 -0.994785009492586 -61.9811375786217 -0.0148526634536366 0.999450720459146 0.0296252554761599 0.762835590004793 0.995068978522604 0.0176804653551095 -0.0975967680141563 0.167629335665029
114 -0.0916994656068066 0.0282898112691258 -0.995384797244655 -63.3670802149341 -0.0175037346629443 0.999396136896012 0.0300163427182154 0.772628687143117 0.995632877761816 0.0201754339652302 -0.0911489143327517 0.0299564500018573
116 -0.0784406011462404 0.0313985270789028 -0.996424209154461 -64.6775904916318 -0.0159770243968774 0.999335930321648 0.0327480237508819 0.784366348416611 0.996790753760908 0.0184886685686706 -0.0778868560883017 -0.0806956872418693
118 -0.0576449455937513 0.0344146892067029 -0.997743799486772 -65.9453941615294 -0.0193199029752865 0.999180050579914 0.0355804422702434 0.797613880705116 0.998150189899556 0.0213273460591479 -0.0569327911976427 -0.167759113467618
120 -0.0243549270487 0.0373061752931682 -0.999007050432302 -67.1518898168377 -0.0241269814417004 0.998990466625021 0.03789375092063 0.813187368611026 0.999412190387412 0.0250259241051816 -0.02343025453804 -0.203941248716888
122 0.0231666679436476 0.0385919230616627 -0.998986470864742 -68.2501888470052 -0.0247154877517499 0.99897135217025 0.0380181826016858 0.824987432448082 0.999426060377446 0.0238096832726672 0.0240966558026919 -0.169170656306853
124 0.0864446262434031 0.0382574074078314 -0.995521821645347 -69.2481260680596 -0.0221385645406735 0.999089418912267 0.0364721397456531 0.835762663633448 0.996010647811416 0.0188866036115342 0.0872128754846669 -0.058798753509072
126 0.164856624466221 0.0383518265985013 -0.985571626400721 -70.168875739955 -0.021448753939141 0.999146836611329 0.0352923482362946 0.846018368445489 0.986084298791976 0.0153211059043461 0.165538573721674 0.12283218745958
128 0.258124536915335 0.0380608559968513 -0.96536163932644 -71.0361793474904 -0.0171345372507352 0.999246867959574 0.0348152912695595 0.851182103058886 0.965959694332764 0.00755434403294211 0.258582290211037 0.39428671362673
130 0.359452431235464 0.0280749182745268 -0.932740986899789 -71.8256690258476 -0.00410632308073415 0.999585231905377 0.0285044254008059 0.852376216753853 0.933154375111466 -0.00641584916843625 0.359418626520353 0.768399073116353
132 0.463367246014637 0.0228356175200351 -0.885872073097064 -72.5827365657035 0.000822501172905322 0.999656411015122 0.0261989199812853 0.865339454865356 0.886165965726868 -0.0128683522194524 0.463189255810759 1.21340652429679
134 0.556337776798201 0.0173235413972134 -0.830775645418602 -73.2719474680143 0.00975400629441659 0.999577636491648 0.0273753171119308 0.877311139754358 0.8308989935416 -0.0233333139358584 0.555933826091134 1.74848564638223
136 0.64171772419485 0.00587013786870752 -0.766918446730541 -73.8821282961868 0.0212846890955622 0.999449226073943 0.025459900045 0.878536288995213 0.766645501170057 -0.0326616898154167 0.641239338744991 2.37187025264225
138 0.723289536812223 -0.0057183226914212 -0.690521213811391 -74.4205629235181 0.014799806938676 0.999864394455618 0.00722207826592243 0.884459905661229 0.690386277132258 -0.0154432342952495 0.723276084812683 3.03516938025855
139 0.761980023790598 -0.00799640562851772 -0.647551156929786 -74.6234414536718 0.00992924752790077 0.999950483196601 -0.00066422768292018 0.882120555249274 0.647524403700439 -0.00592356749850047 0.762021691266385 3.40191404470202
140 0.799124083539479 -0.00908108248230495 -0.601097523741479 -74.8649827888509 0.00858608543937637 0.999956322653535 -0.00369214328645327 0.880619234753892 0.601104798054396 -0.00221059407615849 0.799167150870088 3.81030374113753
142 0.863923501975407 -0.00900132787399052 -0.503542608754267 -75.3384613278058 0.00577503130158159 0.999951587061462 -0.0079669659675914 0.873975028937478 0.503589944049734 0.00397487481160451 0.863933659850233 4.70400668766668
144 0.911613795139946 -0.000887613171458482 -0.411046835109336 -75.7672363043721 -0.0015756928061345 0.999982775107265 -0.00565390846708166 0.853135607935048 0.411044773355318 0.00580186449611632 0.91159669408442 5.69989409594035
146 0.942853746598316 0.00873111219109688 -0.333092449937589 -76.1378319640342 -0.0114955314174167 0.999913892605772 -0.00632930733995211 0.838828600018956 0.33300850632221 0.00979668586200792 0.94287292869356 6.78625183714464
148 0.960459113715692 0.0083705902633085 -0.278295210341665 -76.460915762704 -0.00960371069124703 0.999949176801041 -0.0030679888982447 0.818033476076106 0.278255385610821 0.00561934458497878 0.960490688838267 7.97514922224966
150 0.970932912022334 0.0110148713523752 -0.239098207774381 -76.7507113189239 -0.0109633518120345 0.999938706354214 0.00154546164861599 0.806700890556924 0.239100575634765 0.0011207781905479 0.970994159914143 9.22702671799385
152 0.977457748587054 0.019597419239373 -0.210219625359489 -77.046607472947 -0.0191280973213732 0.999807941108976 0.004265769367298 0.793972740649394 0.210262848882041 -0.000148507869011798 0.977644880478296 10.5629817861025
154 0.982881727236988 0.0178320022156872 -0.183372653251826 -77.297619761567 -0.0174277619086696 0.99984084326863 0.00381592016815959 0.783653730870363 0.183411513756605 -0.000554823264445309 0.983036066882928 11.9243165353947
156 0.987846194043324 0.019776372273044 -0.154171307362416 -77.514397960763 -0.0192649150573847 0.999802839789609 0.00481088312740895 0.77518461350509 0.15423605273071 -0.00178231544677528 0.988032420211856 13.3477155942066
158 0.991270506894813 0.0203025346475524 -0.130271214193261 -77.7079427537615 -0.020913294143226 0.999775774378933 -0.00332191105889331 0.754185536564769 0.130174560834982 0.00601731268002751 0.991472831528696 14.8281773298527
160 0.993473866471848 0.0182239036172339 -0.112594697807785 -77.8914454375748 -0.019453691427771 0.999762403316045 -0.0098331483035037 0.73674031645056 0.112388747334018 0.0119593583722287 0.993592342573158 16.3860601551298
161 0.994182457269175 0.0199155427520315 -0.105851843702018 -77.9686798926684 -0.0204205897878101 0.999784670458122 -0.00368947552671677 0.72333065727594 0.105755572765422 0.00582956892370806 0.994375067545049 17.1264030635047
162 0.99463078974781 0.0245348597752589 -0.100536723347522 -78.049616097121 -0.024215791581765 0.999697102686636 0.00439298509146076 0.708018419157424 0.100614052317339 -0.00193482189197282 0.994923649804612 17.8999391534856
164 0.995326593392395 0.0242423884175813 -0.0934734138121688 -78.2094034312651 -0.0236696109568076 0.999693679289899 0.00723167373283706 0.689876791724477 0.093620094013215 -0.00498539784129126 0.995595512146033 19.4238959933814
166 0.995922475178321 0.0226157259530429 -0.0873324245300843 -78.3390963121912 -0.0219547400805423 0.999722645221735 0.00852185536448843 0.673994965259792 0.0875009304103782 -0.00656974660655139 0.996142773706081 20.9565926095256
168 0.996484052626318 0.018576594662697 -0.0816972642881476 -78.4606727410536 -0.0175945351936743 0.999764234357725 0.012724308642572 0.655418260908905 0.0819143772041766 -0.0112421452512735 0.996575962472205 22.4942424630368
169 0.996708800531296 0.0178911425491538 -0.0790662631072842 -78.5294619396601 -0.0172212681341308 0.9998098699155 0.00914614363563066 0.645998026542873 0.0792148651915586 -0.00775442053522211 0.996827404365894 23.2741860083792
170 0.996770367646732 0.0205459063501664 -0.0776318228154496 -78.5988721332588 -0.0204646889972624 0.999788880070168 0.00184168191724718 0.635955184177587 0.0776532722146627 -0.000247022851534053 0.996980395140279 24.0485719058661
171 0.99688912290116 0.0210605531726899 -0.0759508376610512 -78.6661655914797 -0.0215505844083116 0.999751861466787 -0.00563806751945499 0.621352095850457 0.075813250510813 0.00725731312222346 0.997095623525262 24.8167150933061
172 0.996971359801859 0.0219702243629345 -0.0746017223412035 -78.7373013996284 -0.0227557317870112 0.999694038930068 -0.0096956278045836 0.60582518343889 0.074365882000211 0.0113638800209139 0.997166273910826 25.6129604498661
173 0.997090820745575 0.0231014080867958 -0.072637594462668 -78.8052145999015 -0.0237562601273912 0.999684442870183 -0.00816423836564975 0.589851347125692 0.0724260677496398 0.00986608472185131 0.997324984687833 26.4026673886509
174 0.99717823347407 0.0265044801051274 -0.070235911184307 -78.8623821123846 -0.0268622140761244 0.99963051649893 -0.00415354535434705 0.571144449374551 0.0700998726137317 0.00602851710116674 0.997521761587736 27.1516315912095
175 0.997239827482697 0.0301383869169637 -0.067855759640013 -78.9204653330005 -0.0301415570988058 0.999545162239727 0.000977332501162095 0.552902974767685 0.0678543515033433 0.00107064335882017 0.997694663063234 27.9127727367423
176 0.997499865618919 0.0276300513503355 -0.0650430499947311 -78.9760413023888 -0.0275058296810033 0.99961770838088 0.00280471476576635 0.540258576418796 0.0650956789948372 -0.00100863954686327 0.997878517266739 28.6782768003184
177 0.997645993899147 0.0246678324786625 -0.0639841300463456 -79.0264751954786 -0.0245519023088392 0.999695181781221 0.0025976174524552 0.527519659114746 0.0640287041099556 -0.0010205705349105 0.997947535437501 29.4329564799627
179 0.997839327798126 0.0225041150770662 -0.0617271472205064 -79.1261245671528 -0.0225003374913422 0.999746549225349 0.00075638930644922 0.501926472709308 0.0617285242992218 0.000634126647738179 0.998092774831696 30.9426855944325
180 0.99793481911348 0.0200864854801168 -0.0610133583898037 -79.1714742485828 -0.020150917207937 0.999796852464655 -0.000440837211479918 0.49235121966161 0.0609921088061762 0.00166940193638783 0.998136852220451 31.7118392472625
181 0.997994475707525 0.0190963749205389 -0.0603519255878053 -79.2171600074244 -0.0191459841011176 0.999816669127731 -0.00024377680229166 0.480148528805104 0.0603362059634306 0.00139878490976868 0.998177131400392 32.4792278557412
182 0.997970431444322 0.0221462385688974 -0.0597039536386193 -79.2687696745135 -0.0221438075690094 0.999754549069525 0.00070242518315733 0.469855686643477 0.0597048553233287 0.000621073297389767 0.998215880718585 33.2478397362727
183 0.997982898149466 0.0218827597000587 -0.059592615558496 -79.3203460370704 -0.0219357899409202 0.999759353813286 -0.00023575942964848 0.458815764478149 0.0595731157558595 0.00154249497578784 0.998222752990728 34.0358509859713
184 0.997899971263633 0.0216708302777316 -0.0610411538809236 -79.3733642652525 -0.0217291102302226 0.999763852648 -0.000291044723897358 0.446352945380444 0.0610204319932568 0.00161680348287218 0.998135207687743 34.8205228514985
185 0.997803691635966 0.0194185234846043 -0.0633301974046801 -79.4205612791975 -0.0194386248641989 0.99981100743747 0.000298781292991692 0.435914840712689 0.0633240303599418 0.000932926872786364 0.997992583552815 35.5899289283743
186 0.997567028348388 0.0211340840541581 -0.0664332329738512 -79.4766405193743 -0.021171632393442 0.999775846228565 0.000138851551975346 0.424454915810728 0.066421276214502 0.00126798625714466 0.997790862995292 36.3798511078955
188 0.997112462244708 0.0251328473450207 -0.071659455905191 -79.6062645305716 -0.0255528472848273 0.99966121629537 -0.00495021519724059 0.397397471020487 0.0715107658463704 0.0067670243972209 0.997416872600856 37.9537956105121
189 0.9969090983989 0.0257892621421084 -0.0742102653792447 -79.6731818387572 -0.0264847418307248 0.99961390103506 -0.00840281545848191 0.38498098468253 0.0739649104620033 0.0103422829024864 0.997207214777707 38.7750284293746
191 0.99662752519427 0.0248511889133436 -0.0782048236027596 -79.8249205621921 -0.0255918176651005 0.999636488885304 -0.00848227314214515 0.350703258150057 0.0779656007078871 0.0104550704758511 0.996901227107081 40.4535615507488
193 0.996349451471335 0.0225068085481683 -0.0823481276153001 -79.9613675770563 -0.0230636736509086 0.999717073385437 -0.00581722780891192 0.315923710579284 0.0821939019057621 0.00769524207757584 0.996586647381387 42.0927832771706
194 0.996267977255149 0.0222499514648655 -0.0833969852917016 -80.0346014081878 -0.0225032076745518 0.999744569645263 -0.00209788206607759 0.301141321184125 0.0833290053960153 0.00396675240194168 0.996514195450869 42.9180133589169
195 0.996209378762883 0.0219416870619317 -0.0841750321279801 -80.1109852237818 -0.0217978665308332 0.999758945920394 0.00262736880667979 0.287565106363947 0.0842123902972372 -0.00078257333112914 0.996447520394028 43.7637827684977
196 0.996273614844288 0.0218709297802386 -0.0834298914996493 -80.1902122784941 -0.0215537247777933 0.999756639384559 0.00470095253063586 0.276149433171765 0.0835124021526055 -0.00288521005128339 0.99650256108535 44.6265463800115
197 0.99635989423373 0.0248871608320317 -0.0815327565354678 -80.2721305084085 -0.0245774578044104 0.999686404768714 0.0048000717155692 0.267427778878768 0.0816266484086153 -0.00277873106341112 0.996659103667474 45.4860004902529
198 0.996511853497139 0.025044774000552 -0.0796045547375162 -80.3486094991997 -0.0248456418106076 0.999685203342215 0.00349117482414711 0.258241686868264 0.0796669311742075 -0.00150117084139216 0.99682040838026 46.3595618746673
199 0.99669851882967 0.0226053171403125 -0.0779811656730548 -80.422212855671 -0.0225762266130119 0.999744337126586 0.00125474110551586 0.246644991811513 0.0779895926047858 0.00050992186639935 0.996954042784837 47.2390105112898
200 0.996912540052894 0.0187768846790075 -0.0762418263621657 -80.4916955338784 -0.018858819164635 0.999822093709702 -0.000354781148277935 0.233594455912447 0.0762216007769646 0.00179151659183822 0.997089292913778 48.134905579814
201 0.997062377227905 0.0174235378960819 -0.0745857643510008 -80.5561538635469 -0.0175219727557948 0.99984625693756 -0.0006655514231182 0.221025524582683 0.0745627010467325 0.00197048601503002 0.99721438056091 49.0105889313846
202 0.997176703526403 0.0151279509455307 -0.0735511185802451 -80.6194020238792 -0.0150262845495813 0.999885225836365 0.00193543969092475 0.205714535534886 0.0735719560488279 -0.00082477533414374 0.997289570299819 49.8737969496928
203 0.997252235227735 0.01234039081585 -0.0730458355267278 -80.6795648827453 -0.0120477346545799 0.999917540335378 0.0044457417087489 0.192725678674178 0.0730946743817805 -0.00355348901224691 0.997318675896958 50.7422877304134
204 0.997335813486229 0.0120288049079352 -0.0719484745512249 -80.7449817817403 -0.0117103746668235 0.999919688445684 0.00484600700051443 0.178309832747511 0.0720009879301947 -0.00399055274031676 0.997396577709139 51.6133633701288
206 0.997405194306586 0.0160954506373265 -0.070169899807706 -80.8821123548592 -0.0164258255767654 0.999856542050864 -0.00413371167476339 0.147127244182274 0.0700932994255784 0.00527558403115526 0.997526489667701 53.3455565539804
207 0.997449729130391 0.0176995613084883 -0.0691430646355587 -80.9560337288905 -0.018392322863568 0.999786701072687 -0.00939546794347862 0.126965734413617 0.0689620208331532 0.0106432085238298 0.997562510219247 54.2139472420257
208 0.997392022840995 0.0225249454546304 -0.0685695238820709 -81.0232234750024 -0.0236114880222471 0.999607517728043 -0.0150767415231043 0.101290667661473 0.0682030087791092 0.0166564502174125 0.997532411633643 55.0343633169997
209 0.997473656452491 0.022255737309557 -0.067461002365115 -81.082120531753 -0.0233738862576974 0.999601442531261 -0.015830904289859 0.0744162385107982 0.0670817868315259 0.0173677357830675 0.997596308949296 55.8377314545217
210 0.997556803862368 0.0188986251659473 -0.0672552231037481 -81.1361805923758 -0.0196128421918616 0.999757888034505 -0.00997505558597821 0.0554216080122786 0.0670504249729638 0.0112697506460101 0.997685939176914 56.6676036581435
211 0.997528162315277 0.0183061255580025 -0.0678413675787997 -81.1999604180478 -0.0184114602286249 0.999830064327684 -0.000927684617790488 0.0320674383124512 0.0678128565992978 0.00217445017302529 0.99769568919901 57.5526385843802
212 0.99746028048604 0.0172138460024124 -0.0691134745076278 -81.2662489304544 -0.0167813798541718 0.999835833450433 0.00683311339487478 0.0113326249063904 0.0692197525486857 -0.00565593973469059 0.99758540296198 58.4190580432285
213 0.997326995882628 0.0150395998497737 -0.071502963016171 -81.3296512904805 -0.0147474983739625 0.999880616185452 0.00461136295585203 -0.00139776664694589 0.0715637797733127 -0.00354454693286986 0.997429727655837 59.2689099422961
214 0.997232369252632 0.00997618171600242 -0.0736754878718309 -81.3910114136014 -0.00991983857985567 0.999950157987294 0.00113063864033526 -0.0152063397444414 0.0736830951937594 -0.000396660503089432 0.997281627296479 60.1310111100181
215 0.997057096184824 0.00847478834442093 -0.0761926827851921 -81.4590855607738 -0.00852175358027646 0.999963646770512 -0.000291295959747946 -0.032268731212653 0.0761874442635051 0.000939733971072237 0.997093069997309 60.9602919303571
216 0.996830605245625 0.0106384396816282 -0.078838873956835 -81.5296227920195 -0.0108744508069447 0.999937581989187 -0.00256484800031554 -0.0515465086113718 0.078806667010404 0.00341404844103608 0.996884072251109 61.7362952933212
217 0.996519300069113 0.0121890228745501 -0.0824664314198689 -81.6030794865856 -0.0127140413012378 0.999902093899802 -0.00584429367690462 -0.0715482137609694 0.0823871212238579 0.00687243305934524 0.99657670649092 62.5536120778617
218 0.996180492829793 0.0127990506751396 -0.0863748227622305 -81.6791460641892 -0.0136457918054593 0.999864384835641 -0.00921977783073184 -0.0907815255871245 0.0862451046227761 0.0103632156718465 0.996220048829346 63.3716369965224
219 0.995886136197127 0.0146096751953362 -0.0894279661014572 -81.7619484984977 -0.0158367709189359 0.999789719126639 -0.0130274408667624 -0.115107960596398 0.0892188344309527 0.0143900979622317 0.995908090469909 64.18591180966
220 0.995524225097522 0.0191537400626067 -0.0925454022931008 -81.8493026111934 -0.0204472439554162 0.99970577401645 -0.0130489697983369 -0.140309621623301 0.092268236455486 0.0148828639644495 0.995622957198964 64.9776753572289
221 0.99511308242825 0.0227201064448125 -0.0960924031507327 -81.9376439386178 -0.0239079899587091 0.999651103472682 -0.0112285057769708 -0.160362159468235 0.0958037639985028 0.0134710092044208 0.995309083006246 65.7584072125845
222 0.994674247742714 0.0258362361305205 -0.0997779022633435 -82.0278953406211 -0.0264981025820152 0.999634741338074 -0.0053136117202948 -0.181853842845435 0.0996041737931616 0.00792923783027346 0.994995545593252 66.5538285448118
223 0.994230302428515 0.0264606945551326 -0.103951610745399 -82.1180808900967 -0.0265659370985627 0.999646993908139 0.000372231778626412 -0.202012955817183 0.103924764704945 0.00239148783851929 0.994582286222181 67.3523968926739
224 0.993708316231561 0.0257748703116031 -0.108992836061163 -82.2100313957069 -0.0255023018402533 0.999667178427223 0.00389422344035967 -0.215895657627252 0.109056933998184 -0.00109015401429226 0.994034907189451 68.1605920399526
225 0.99300540719227 0.0252339163598806 -0.115340845982925 -82.3113073931215 -0.024828901055163 0.999679474888164 0.0049470354472951 -0.228099091206746 0.115428709424073 -0.00204864649620703 0.99331365443561 68.9609183495774
226 0.992355558666792 0.0230178710048133 -0.121246124876323 -82.4087089666293 -0.0221166605824313 0.999716898665929 0.00877358800363302 -0.238231098039899 0.121413749253536 -0.0060249594340328 0.992583699924605 69.7445211724722
227 0.991518877147519 0.023565651404029 -0.127808357841051 -82.5117648371519 -0.0226759958021117 0.999707478836892 0.00841165690976407 -0.248490424633063 0.127969197366027 -0.00544213482824098 0.991763211504645 70.493773469482
228 0.990637608646809 0.028389492724628 -0.133533385478573 -82.6312092359022 -0.0276095133813337 0.999589208616293 0.00768952460811545 -0.259406428213245 0.133696832817299 -0.00393074047618883 0.991014483332071 71.2628892715564
229 0.989775242008051 0.0305033335633509 -0.13933598583793 -82.7554089268112 -0.0302469795180835 0.999534620800578 0.00395753093185307 -0.26893616563842 0.139391859654492 0.000297426573942619 0.990237254903842 72.0472904516795
230 0.988950467557771 0.0291234144606029 -0.145357488446323 -82.8777185784846 -0.0292608173171486 0.999571098576076 0.00119308899464546 -0.279486914643755 0.14532989123783 0.00307337299601474 0.989378480204228 72.8405934923501
231 0.988126246326903 0.0305470580624767 -0.150576885887683 -83.0067383630168 -0.0309131868408057 0.999522069108255 -9.08014211493682e-05 -0.291668230038161 0.150502146826051 0.0047445346747941 0.988598297182162 73.6171914320632
232 0.987361255534404 0.032266648017309 -0.155166409042847 -83.141754493516 -0.0318996321710474 0.999479284006805 0.00485533815466805 -0.297689388225601 0.155242276899294 0.000155778597331966 0.987876414940731 74.3775088611253
233 0.986340657447729 0.0329370620072303 -0.161391627452955 -83.2736144743588 -0.0318885755570946 0.999450155907005 0.00908320463287994 -0.306991812570365 0.161602061294159 -0.00381258492301103 0.986848639853997 75.1263707868479
234 0.985284035545388 0.0323562734253239 -0.167834563989126 -83.4021308393781 -0.0308617475696837 0.999457433257787 0.0115061567302993 -0.322522325595338 0.168115798889751 -0.00615716458954666 0.985748024338815 75.894483096709
235 0.98416672530628 0.0299639813450099 -0.174694065788937 -83.5424652578174 -0.0290640592300046 0.999547830897846 0.00770806126633788 -0.3302344677054 0.174846038734048 -0.00250869873973195 0.984592590450307 76.6526991777106
236 0.982703306374997 0.0279894885084376 -0.18305955362309 -83.6886358253706 -0.028345365049534 0.999597963032731 0.000672741423987325 -0.336763731053111 0.183004786603677 0.00452778465156344 0.983101595587298 77.3917092092762
237 0.981083263770027 0.0253605772705295 -0.191917874808098 -83.8423233500707 -0.026041424754337 0.999660338422851 -0.00102566128635509 -0.349193257465947 0.191826676317752 0.00600407401816717 0.981410453046058 78.1385958010733
238 0.978941948864804 0.0249788083906247 -0.202604836773863 -84.005410701578 -0.025101141015032 0.999682983447879 0.0019660428510474 -0.362438267149897 0.20258971709473 0.00316097075803222 0.979258604655248 78.8815469631482
239 0.97658445264278 0.0248292699347395 -0.213696781002686 -84.1765413709239 -0.023650072237601 0.999687699768388 0.00807322828529951 -0.367692450579993 0.213830495812824 -0.0028302449184031 0.976866679119594 79.6156691498894
240 0.973914636314531 0.0266825923014308 -0.225340454513633 -84.3567872176789 -0.0237128285015755 0.999592747792872 0.0158757779132239 -0.374935706990885 0.225672291025704 -0.0101181929202188 0.974150727164559 80.334994480443
241 0.971290100929724 0.0272476829872973 -0.236332612239085 -84.5461208255144 -0.0232975898376703 0.999538552484106 0.0194911365942116 -0.382334897728872 0.236754645453224 -0.0134255677646155 0.971476706867703 81.0549560009766
242 0.968378380112757 0.0304468452889078 -0.247621288547949 -84.7492322619733 -0.0275815479226641 0.999506514549712 0.0150328169973881 -0.389786741188043 0.247956792898245 -0.00772767653570508 0.968740270594227 81.774324374724
243 0.96525174394711 0.0299773746312391 -0.259596663725253 -84.9559527129007 -0.0294256076609985 0.999548892120789 0.00601214386758988 -0.395912017297405 0.259659785913885 0.0018355572238314 0.965698413744598 82.4777875585829
244 0.961912264014001 0.0275074089026036 -0.271970841810154 -85.1656180975618 -0.0282670425670281 0.999599774176525 0.00112506477737543 -0.398101296858727 0.271892939672902 0.00660559775527047 0.962304834984384 83.1718619096098
246 0.955105658572647 0.0275484469717049 -0.294981802882749 -85.6202348894015 -0.0246733333320326 0.99960488251214 0.0134649723422037 -0.408478713765753 0.295236189490374 -0.00558228692715291 0.955407991639104 84.5955640885335
247 0.951391719594286 0.027547507613125 -0.306748970188544 -85.8618415984414 -0.0228993650592967 0.999562076966982 0.0187422882630175 -0.411696227891152 0.307130941077757 -0.0108069012097733 0.95160590368016 85.3116525159557
249 0.943436460271893 0.0234143447369276 -0.330725586990456 -86.3612776400655 -0.0204541324994896 0.999713537888764 0.0124286212278124 -0.41388102778358 0.3309218546626 -0.0049609094399532 0.943645121581304 86.7082986079239
250 0.940319341306458 0.0193771317554054 -0.339741170790239 -86.6189049906225 -0.0185553326207802 0.999811770768451 0.00566768596403065 -0.420806149403689 0.339787045068409 0.000974575696557011 0.940501894844391 87.4064563832142
252 0.934759589713303 0.0155914131965704 -0.354938610570267 -87.1563486020485 -0.0175100842607341 0.999844279540979 -0.00219399598033944 -0.434190583270737 0.354849131869023 0.00826586376088797 0.934887035479735 88.827057893524
253 0.931667190567718 0.0207203171038208 -0.362721538482032 -87.4433108939378 -0.0231194768604319 0.999730122287041 -0.00227428706157666 -0.447697610912772 0.362576524073684 0.0105048108529192 0.931894797248911 89.5350628497206
254 0.928576259002325 0.0207349957098065 -0.37056199369358 -87.7342029919747 -0.0223361756367598 0.999750516065673 -2.97379436918426e-05 -0.460162201244558 0.370468927813347 0.0083045517239515 0.928807734649908 90.2414330803746
255 0.925397017729804 0.0215123179677175 -0.3783881337363 -88.0241008630291 -0.0205877603857985 0.999766989763761 0.00648924502580541 -0.464421474601388 0.378439564130234 0.00178503623599414 0.92562428119975 90.9420460976698
256 0.922562808097291 0.0235701304622 -0.385126361166871 -88.3286011364798 -0.0194124454935798 0.999703772231035 0.014680761117769 -0.468315714365178 0.385358303498963 -0.00606767970752193 0.922747073247793 91.6570298875655
