0 1 0 0 0 0 1 0 0 0 0 1 0
1 0.999998536731018 0.00081281146501862 0.00150528181560725 -0.0070727435918987 -0.000805901354849213 0.99998916176653 -0.00458550678541988 -0.0027263957193782 -0.0015089926534996 0.00458428696693541 0.999988353559268 0.954931130734605
2 0.999996061699306 -0.00134589667854135 0.00246275212061507 -0.00807558347181067 0.00135927082581889 0.999984295700285 -0.00543697853837796 -0.00188131023407269 -0.00245539583346154 0.00544030467303039 0.99998218689953 1.90594127543305
3 0.999992557191892 -0.00294367807751985 0.00249405697530056 -0.00880813857287309 0.00294723720618351 0.999994642178861 -0.00142457236482738 -0.00261700281129813 -0.00248985013014919 0.00143191233952058 0.999995875128183 2.86011341765215
4 0.999984509250123 -0.00529961638770788 0.00170156573009132 -0.00849973516067304 0.00529175493636673 0.999975455779828 0.00459185884133611 -0.00499142431606299 -0.00172585905685299 -0.00458278344114757 0.99998800968134 3.80765355717519
5 0.999960669675727 -0.0088564362264578 0.000471846413294677 -0.00820027958723483 0.00885415783223441 0.999950083252157 0.00462978326558075 -0.00261568389441275 -0.000512826240490181 -0.00462542337208772 0.999989171175306 4.74140780957108
6 0.999934316832065 -0.0114474318672924 -0.000564203186737306 -0.00748906864067275 0.0114484126462357 0.999932903703277 0.00176690107661204 -0.000322499679523156 0.000543938851102114 -0.00177324425184999 0.999998279866195 5.67140632223988
7 0.999927639438559 -0.0119656373628059 -0.00124072935508769 -0.0125341168580196 0.0119635479487268 0.999927026279739 -0.00167798564874527 -0.000131109655948822 0.00126071698222369 0.00166302070363065 0.999997822475044 6.59874736379491
8 0.999930414281757 -0.0116317579536336 -0.00196692684688159 -0.0193274722389383 0.0116273332022444 0.999929877296899 -0.00224624388998934 -0.000766677840306648 0.00199291668588747 0.00222321746966178 0.999995542783649 7.52307077895131
9 0.999933120136571 -0.0111955016989364 -0.00290103354876339 -0.0272319285671522 0.0111946063476216 0.999937285717073 -0.000324686764741092 -0.00257447156502348 0.00290448664375091 0.000292189121154959 0.99999573928235 8.44492897682612
11 0.999926848578562 -0.0111954026272671 -0.00457825859451591 -0.0426488558342695 0.011214272757215 0.999928642676853 0.00411699416476822 -0.00253150971331394 0.00453184049494924 -0.00416803484142498 0.999981044773994 10.2850489797653
12 0.999908109017051 -0.0125959858393929 -0.00501145315037647 -0.0504368662805678 0.0126209593031543 0.999907935028508 0.00498325729745084 0.000276704446466437 0.0049482227327323 -0.00504604872730005 0.999975025930162 11.2036174083098
13 0.999901565556133 -0.0127991983137084 -0.00574801886917154 -0.0614883223376769 0.0128275837374295 0.999905575147974 0.00492888257700732 0.00334032973284861 0.00568439036777228 -0.00500213059856059 0.999971332786906 12.1130823091061
15 0.999875799766399 -0.0136358429891183 -0.0079024570533222 -0.0847645534740713 0.0136484530801538 0.999905663463276 0.00154398917895832 0.00776850367753738 0.00788065796887101 -0.00165165372945181 0.99996758310954 13.9212181750535
17 0.99983490737493 -0.0145252981440756 -0.0109166711222546 -0.112003727170321 0.0145220697670101 0.999894478886066 -0.00037494378996252 0.00859758250001736 0.0109209653532938 0.000216349229847096 0.999940341074788 15.7134196223569
19 0.99983362550391 -0.0117318874994852 -0.0139672519633217 -0.150445979629239 0.0117166907440177 0.999930673471402 -0.0011693626630711 0.00493723741277652 0.0139800024934382 0.00100551813914927 0.999901769407153 17.4892949803755
21 0.999790483058223 -0.0117305113627198 -0.016774536934743 -0.18911228665549 0.0117481819212544 0.999930531438537 0.000955258389478806 0.00314485082681943 0.0167621659624008 -0.0011521285582166 0.999858841233118 19.2572757475025
22 0.999771289153856 -0.0114043022580353 -0.018091746008718 -0.211753919805835 0.0114334330252293 0.999933499740451 0.00150754969141309 0.00354557152723685 0.0180733503505628 -0.0017140556647477 0.999835194429704 20.1415934764695
23 0.999725235772164 -0.0124704021579831 -0.0198479729521682 -0.231025941555472 0.0124979931431563 0.999921094735794 0.00126667666140874 0.00420452427141959 0.0198306108752465 -0.0015143884538357 0.999802207188965 21.0340855657548
24 0.999691994998944 -0.0125998168994438 -0.0213812943745486 -0.25315867737489 0.0126199323701534 0.999920040539967 0.000806122523756855 0.00482850900166702 0.0213694277415977 -0.00107570472298122 0.999771069003972 21.9072478275032
25 0.99967016833187 -0.012585933174288 -0.0223863537331001 -0.276547308557089 0.0126146646193718 0.999919779044529 0.0011426775927489 0.00674783030160079 0.022370176214592 -0.00142469704588603 0.999748741161726 22.7594033512408
26 0.999647969764333 -0.0123831412822497 -0.0234647471333116 -0.301201543722578 0.0124587355179676 0.999917649042219 0.00307815580760404 0.00886581174583338 0.0234246975506567 -0.00336941328221959 0.999719926078696 23.6243126408231
27 0.999616538335747 -0.0135556670440641 -0.0241458107473807 -0.326459381869152 0.013697352729375 0.999889870477878 0.00571221882810699 0.0119053306263767 0.0240657186442652 -0.00604076209791219 0.999692127797059 24.4739727821067
28 0.99959816843504 -0.0134903995862679 -0.0249301179362601 -0.352038376272854 0.0136757565871709 0.99987998351609 0.00727957729764651 0.014735436772098 0.0248289215045976 -0.00761759035829451 0.999662691598547 25.3207794231239
29 0.999592801842036 -0.012821055432704 -0.0254921761170024 -0.379256679951642 0.0129798220039397 0.999897320059309 0.00607236024597941 0.0169747584875702 0.0254117045145496 -0.00640077150056453 0.999656578729847 26.1526995848797
30 0.999591676944323 -0.0111723067404362 -0.0262994096080953 -0.407238981816805 0.0112682695766749 0.99993037341695 0.00350348668997069 0.0188551008845017 0.0262584364421066 -0.00379840497275132 0.999647971355556 26.9794246789841
31 0.999573265838971 -0.0109087906842636 -0.0270976845103244 -0.433250615534375 0.0109594042856525 0.999938464628675 0.00172000399751426 0.0225063871611344 0.027077253880661 -0.00201624449280512 0.999631310574267 27.7848890657669
32 0.999552744078988 -0.0101559215596325 -0.0281277276266654 -0.459609373569895 0.0101982496969322 0.999947069194745 0.00136180467023427 0.0235154500448653 0.0281124084219816 -0.00164804918477628 0.999603409571316 28.5569411798257
33 0.999511773696056 -0.0105311806041853 -0.0294161261563583 -0.482994646599249 0.0105618690216959 0.999943827555037 0.000888063821161719 0.0227640081426857 0.029405121420142 -0.00119831951663378 0.999566857626143 29.3322505164589
35 0.99939134742824 -0.0102538291918009 -0.0333435701818554 -0.542835458496406 0.0102617303230727 0.999947344891895 6.58363574315587e-05 0.0199086944556552 0.0333411393977992 -0.000407959011177942 0.999443946398747 30.8756808858865
37 0.999248173431405 -0.010382195247243 -0.0373536867771994 -0.605294564831389 0.0105171431538727 0.999938851545832 0.00341802122325314 0.0213241557291983 0.0373159160932965 -0.0038083055352462 0.999296261983937 32.3851602353275
39 0.999120928583325 -0.00799795501583136 -0.0411509754727469 -0.673611750270838 0.00821739636314741 0.999952891243359 0.00516620664098172 0.0236718608988428 0.0411077178131408 -0.00549981905258072 0.999139583605106 33.8515436412457
40 0.999061100341574 -0.00549047839809363 -0.0429740902317183 -0.712456959381553 0.0056788422324267 0.999974791267177 0.00426234455031255 0.0275504610119931 0.0429496045986806 -0.00450238571497817 0.999067094837825 34.550377401305
42 0.998927256307205 -0.00352152420716108 -0.04617288678238 -0.789085032860377 0.00374516178443959 0.999981668056067 0.0047578687469874 0.0334028797485904 0.0461552853936413 -0.00492568970435254 0.998922132706633 35.9456011021812
44 0.998884331082046 0.000822422989282436 -0.0472166997914998 -0.868459105001475 -0.000482860756679233 0.999973944891526 0.00720252619354297 0.0367690801393891 0.0472213930783875 -0.00717169146754886 0.998858702158234 37.3172999701805
46 0.99900149029111 0.00565094537887069 -0.0443180461264545 -0.944449751014759 -0.00556681440027013 0.99998246183723 0.00202153292975352 0.038681997847611 0.0443286924415155 -0.00177280407212774 0.999015427404476 38.6358885324165
48 0.999203279992414 0.0073124190338695 -0.039234344397158 -1.00222163197238 -0.00728205133436273 0.99997306518307 0.000916862442481586 0.0457392291323279 0.0392399921096502 -0.000630425449859285 0.999229616045775 39.9131544030004
50 0.999350375684966 0.0163203552037531 -0.0321321120429369 -1.06477589302419 -0.0160949516936922 0.99984410223675 0.00726111233668613 0.0424580357992142 0.0322456066510499 -0.00673923055041066 0.999457254525322 41.140772785381
52 0.999430589596294 0.0251366802960643 -0.0225087512514128 -1.11009088468443 -0.0249508355505733 0.999652544897512 0.00849972265761298 0.0486916483291225 0.0227145852819895 -0.00793327067618036 0.99971051351471 42.3356038142087
54 0.999382256702395 0.0336952450556483 -0.00998676369344464 -1.14072479181963 -0.0335782821787175 0.999368109101669 0.0116568210280738 0.0577301756970441 0.0103732325894737 -0.0113142817356617 0.999882184596991 43.4739374340789
56 0.999172811066146 0.0404169185213586 0.00449069297691675 -1.15363447260954 -0.0404664443641562 0.99911417232831 0.0115471872435728 0.0592999970313256 -0.00402001327083838 -0.0117193579155747 0.999923245126019 44.5156477365457
58 0.99859480018738 0.0491769586013233 0.0197497286424304 -1.15283413925805 -0.0493498688253182 0.998746523223682 0.00836497432934263 0.0651654303946143 -0.0193136088199433 -0.00932786638682204 0.999769961252597 45.4813316234485
60 0.998034123285732 0.051541181487258 0.0356566314754872 -1.12828813754061 -0.0517508784940535 0.998647595222087 0.00498268323652078 0.0689151375019162 -0.0353515958957284 -0.00681814989856671 0.999351678589467 46.3326140268863
62 0.99729740001823 0.0524261779919652 0.0514722427919444 -1.08437200969786 -0.0528580771314691 0.998577043191148 0.00706487746449373 0.0710802993023403 -0.0510286154901518 -0.00976650770641329 0.998649435852431 47.1105725061509
65 0.994895656433966 0.064041113739597 0.0779831299693675 -1.02128604816404 -0.0647572141757687 0.997878648884066 0.00668620322037888 0.0719570838362429 -0.0773895084686607 -0.0117020447915129 0.996932257541442 48.1160959868737
68 0.992094426259871 0.0608975325752429 0.10972757133166 -0.917883961854145 -0.0613787130241614 0.998114038575671 0.00100974534440964 0.0680649339656661 -0.10945913836494 -0.00773669983973485 0.993961186618469 48.9237864972638
71 0.985824474978017 0.065109701624298 0.154631275260573 -0.787823352093744 -0.06488293711397 0.997871593008564 -0.00651830791048455 0.0618745555074918 -0.154726562056361 -0.00360702383498628 0.987950747949144 49.6979424316814
74 0.975866972451814 0.0636078391933249 0.208896373522584 -0.603982742824653 -0.0630553770991679 0.997966603682381 -0.00931006732175205 0.0561133764596086 -0.209063797670981 -0.00408665239651445 0.977893464430342 50.4491443383266
77 0.959784220560326 0.0671212974752408 0.272596737670588 -0.370712355799807 -0.0655306184192621 0.997738619203336 -0.0149460964739753 0.0488855767194248 -0.27298349403031 -0.00351840524393316 0.962012283087666 51.1621158924239
79 0.943896109578541 0.0710738237232291 0.322503714558227 -0.178426938095033 -0.0692797967769549 0.997451499466022 -0.0170533272861449 0.0385144332496914 -0.322893858846896 -0.00624642252364536 0.946414569902967 51.6343131133704
82 0.910133401682586 0.0720417803279992 0.408003888497227 0.182905241908072 -0.06917031228934 0.997366466664597 -0.0218082340131431 0.0151145729002122 -0.408500500660012 -0.00837335417554643 0.912719687472759 52.3358627076116
84 0.87777306641531 0.0685885234099883 0.474141390655047 0.486321832997503 -0.0624046524742242 0.997635681283746 -0.0287872676558173 -0.00239849995880588 -0.474994845472491 -0.00431994050350856 0.879977974092881 52.7813603494111
86 0.836154964719145 0.0724217694979815 0.543691054072353 0.834634506444731 -0.0613589171198883 0.997373400599052 -0.0384887394877617 -0.0183788096046645 -0.545050418094877 -0.00117774371717645 0.838402441942017 53.2256744075861
88 0.783872161980978 0.0794018481060405 0.615824471898131 1.24133579381854 -0.0653602909074951 0.996831531045142 -0.0453313477263245 -0.0419702203325825 -0.617472643963888 -0.00471648508347088 0.786578215261968 53.6958142022939
90 0.720693300934817 0.0846573089841894 0.688065626247405 1.72608420728771 -0.0684602924142401 0.996355482849398 -0.0508816288900078 -0.0724220585251994 -0.689865461050367 -0.0104351248914045 0.723862385967296 54.1536282388685
92 0.644983135283786 0.0807620049767076 0.759917267701978 2.31630292232355 -0.0617137528586483 0.996656732364697 -0.0535422313713811 -0.111378464441449 -0.761700838851841 -0.0123635101919758 0.647810910457777 54.5816514155246
94 0.556130256423288 0.0800177290523007 0.827234127032898 3.00662965661629 -0.05593185308923 0.996701155082852 -0.0588084625416535 -0.150497400112542 -0.829210929559285 -0.0135635723104524 0.558771208819501 54.9760412725597
96 0.459113162854314 0.0770957874078391 0.885026182244273 3.81554485785487 -0.050889605639024 0.996873761205616 -0.0604396579877185 -0.200523471397639 -0.886919022082519 -0.0172899908540476 0.461601239691202 55.3414805789982
98 0.360048201395003 0.0747995353729049 0.929930278128539 4.72287059761412 -0.053482025188688 0.996796310491101 -0.0594709035835551 -0.245803135926745 -0.931399466208748 -0.0283221626879995 0.362895149384411 55.6783278085321
100 0.264481627472765 0.0718365094941684 0.961711487210718 5.69346440760822 -0.040024151883297 0.997180278760044 -0.0634788068418442 -0.298597476154135 -0.963559824813893 -0.021702708488473 0.266611058376962 55.8939876616607
102 0.178463579296914 0.0649166015177069 0.981802722399936 6.73527475345792 -0.0175435480550818 0.997872543001267 -0.0627902209410301 -0.356149974862895 -0.983790107078829 -0.00601853566705312 0.179222773224418 56.0092498464836
104 0.107155527342974 0.0672747215960138 0.991963610619879 7.80956522633885 -0.00516840414414605 0.997732354582862 -0.0671076464878698 -0.413261103178918 -0.994228837118725 0.0020640864121837 0.107260239552367 56.0759101351693
106 0.0527764583327636 0.0638236802550868 0.996564690968202 8.94642679295056 0.00924576305800005 0.997881485004559 -0.0643976533001961 -0.482615010749041 -0.998563548959868 0.0126126810707866 0.0520745519892513 56.1042124120787
108 0.0166576008878299 0.0646848989203432 0.99776670027834 10.1203270180769 0.0168925312535411 0.997744520810849 -0.0649654799087804 -0.538349360821566 -0.999718543751445 0.0179369742040012 0.0155273383390422 56.1053119471745
110 -0.00828623762940683 0.0651431183781227 0.997841526693454 11.3260972498138 0.018284895564872 0.997718816926348 -0.0649832666558831 -0.610646794616034 -0.999798480124935 0.0177069613164365 -0.00945847032069658 56.0853270357503
112 -0.0234385181282906 0.0700857636891522 0.997265572250471 12.6009290091498 0.027209540771328 0.997214797798725 -0.0694426953844774 -0.68113477097987 -0.999354930322037 0.0255075043733445 -0.0252802385605946 56.0395343410367
114 -0.0317008187236456 0.0666436813806428 0.997273120977542 13.9286384109949 0.0250088523857243 0.997515099883167 -0.0658648829606898 -0.757325566761542 -0.999184475156915 0.022852685555787 -0.0332887273455853 55.991019317405
116 -0.0354057601491133 0.0542077516879257 0.997901774627746 15.3407964076176 0.0243682877187557 0.998277774155915 -0.0533635847743321 -0.833186415538904 -0.999075882354248 0.0224277792759689 -0.0366657335236733 55.9431965282797
118 -0.0354972017409623 0.0539172077312578 0.997914266547495 16.8120916328926 0.0304532444899117 0.998138214683484 -0.0528460432625361 -0.911012373282735 -0.998905675511256 0.0285138404802399 -0.037073067481237 55.8880401275399
120 -0.0325381155009974 0.0694064669486308 0.997057678063487 18.2700003179456 0.0324150181854606 0.997134394762155 -0.0683539711966166 -0.981444845675563 -0.99894471200146 0.0300955333566337 -0.0346946859951165 55.8373260883147
122 -0.0284224412646901 0.0659176130872793 0.99742018884592 19.7019381298486 0.0324671460049586 0.997357711689595 -0.0649883017441352 -1.05303641395141 -0.99906859086994 0.0305362607103392 -0.0304874977487861 55.7958971307246
124 -0.0233079288978404 0.0576199165452306 0.998066473571683 21.1967374665173 0.0301399450196914 0.997924385904972 -0.0569078529765001 -1.14488750315741 -0.999273898470636 0.0287552644485428 -0.0249962117488067 55.7610756087498
126 -0.0167688586661208 0.0686504639108059 0.997499834177363 22.6540829337456 0.0396430115348708 0.996901300295764 -0.0679428370401229 -1.22716640509649 -0.999073189018443 0.0384045736006239 -0.0194384081414221 55.7156345136222
128 -0.0113603416124373 0.0656419419504126 0.997778571675814 24.1368851712585 0.0291821210238091 0.997439702603455 -0.0652873914541153 -1.31343088940289 -0.999509552956349 0.0283756079637033 -0.0132468268536179 55.7154804927508
130 -0.00308384225525105 0.0629661962797572 0.998010895753651 25.6565789538776 0.037901549442154 0.997305898201873 -0.0628046014368378 -1.41496391502736 -0.999276719666194 0.0376324798254803 -0.00546205047176751 55.6952102050245
132 0.00347799698795237 0.0683259023430999 0.997656992460812 27.1799318396887 0.0341369277708624 0.99707343453761 -0.0684049435475306 -1.5035212197467 -0.999411113455979 0.03429485687935 0.00113538200892371 55.7090041320354
134 0.0108729438785727 0.0646688303769047 0.997847544201566 28.7713294083915 0.0375385015709302 0.997176709079721 -0.0650343891241108 -1.60737490850742 -0.999236028169132 0.038164816868683 0.00841467540414997 55.7280671593396
136 0.0180043736772425 0.0660296092162937 0.997655217615401 30.313065203518 0.0449915069699437 0.996752703657991 -0.066781824256739 -1.70616629796679 -0.998825113235077 0.0460883765957103 0.0149751365171827 55.7396075071248
138 0.0242252428778778 0.0646094873538003 0.997616535424001 31.8205191923382 0.0469951815335457 0.996732575159189 -0.0656934283559709 -1.79624706220867 -0.998601317103145 0.0484746094405217 0.0211097541305427 55.769327744753
140 0.031004077673597 0.0638897202460515 0.997475238196163 33.3928320380849 0.0475138007138672 0.996732595316809 -0.0653190031670734 -1.89415107198577 -0.998389295770609 0.0494189951324235 0.0278671313695728 55.8098291447972
142 0.0366820483064789 0.0656364236630671 0.997169136716918 34.891477208485 0.0465042017139707 0.996647553386283 -0.0673128037752361 -1.98665589086861 -0.998244352127768 0.0488417261965573 0.0335067042120388 55.8627527464154
144 0.0415119146569498 0.0656011793749472 0.996982069149757 36.3794872438396 0.0425513576998361 0.996820797379182 -0.0673623030353966 -2.07938149818485 -0.998231507667142 0.045219278819415 0.0385885206199628 55.9363004726745
146 0.0476656182778559 0.0675045730488621 0.996579711539263 37.9013113895939 0.0382311129631899 0.99685940367555 -0.0693520821981728 -2.17693190810736 -0.998131439659019 0.0414060614055134 0.0449351448545269 56.0121591860569
148 0.0545165066742531 0.0731339922558434 0.995830994535096 39.4260993052493 0.0375434323195947 0.996458792322596 -0.0752354031866528 -2.27871998869853 -0.997806815565869 0.0414884849050483 0.051577751313754 56.0932168332361
150 0.0600816499094979 0.074702703268337 0.995394244241223 40.9556591484754 0.0277064848250697 0.996686698873155 -0.0764720536403418 -2.38251612485438 -0.997808872501538 0.0321734426777105 0.0578128319966542 56.206646491498
152 0.067705921886797 0.0763018681155241 0.994783359864619 42.5002959588343 0.0293138882703104 0.996488723177813 -0.0784278045971397 -2.49714607927248 -0.997274588112991 0.0344709950760424 0.0652314832157966 56.3085693196294
154 0.0754686063106159 0.0752326939570727 0.994306055106522 44.1319470755965 0.0245906987499713 0.99670606733976 -0.0772807405703288 -2.61029866501896 -0.996844916221436 0.0302829504518918 0.0733699932902194 56.4422647434827
156 0.0853199498383729 0.0788487959491681 0.993228761936013 45.6265942372109 0.0216688837836453 0.996481099198836 -0.0809683791059877 -2.72248163129147 -0.996117947652359 0.0284303766567826 0.0833111520026285 56.584583494323
158 0.098874236978397 0.0921801707807791 0.990821225739925 47.2481501513609 0.0182742405724819 0.995364107462688 -0.0944264036512377 -2.84798327383523 -0.994932127028492 0.0274428440551231 0.0967313440241959 56.7498961284717
160 0.113185271582316 0.0933985791849692 0.989174301982753 48.9156419361502 0.0102488516732784 0.995409230108357 -0.0951600002861909 -2.99337862709689 -0.993521039201595 0.0209086111762058 0.111708435860797 56.9532240415554
162 0.128039215596134 0.0883080362797197 0.987829767722125 50.5494667621279 0.00987287697535482 0.995865122807788 -0.0903060544773065 -3.13460623889393 -0.991719963280843 0.02131543814817 0.126637934785732 57.172359401508
164 0.142426940298157 0.0755602219628256 0.986917027684817 52.0802185944989 0.00488206029964972 0.997016205387629 -0.077037988562028 -3.25904379292834 -0.989793277490071 0.0157904734375224 0.141633078001161 57.4119043707836
166 0.157140844374812 0.0747285795366928 0.984744837219063 53.6625154604154 0.00453889170149259 0.997067835636369 -0.0763880200131429 -3.38353734227488 -0.987565771729303 0.0164733281347266 0.156340896661342 57.6715161770549
168 0.168320215059119 0.0849976696077074 0.982060945849957 55.1878583149865 0.00368612985962428 0.996214194810831 -0.0868544213271047 -3.50160525573497 -0.985725477833007 0.018239359053082 0.167369675067566 57.9428160369303
169 0.173268976395976 0.0879585326353914 0.980938916729946 55.9101515653883 0.00235042994551463 0.995964166426961 -0.0897209823425993 -3.56657531726044 -0.984871736470167 0.0178514909763464 0.172362951274801 58.0835928565932
170 0.178491493326847 0.0873398660365013 0.980057413935877 56.748907192472 -0.000184810375166228 0.996055527293204 -0.0887319130515237 -3.63777581137168 -0.983941437614596 0.0156567668879605 0.177803579816433 58.2387616723403
171 0.183740035551589 0.084467780491599 0.979338957355585 57.5022470077342 0.003724987091915 0.996234125304779 -0.0866238538128324 -3.70183620347414 -0.982967814227234 0.0195642949539445 0.182733452209192 58.3819938964116
172 0.188205747347523 0.0777991447648763 0.97904335437161 58.2471894777009 0.00443111429904394 0.996780164878123 -0.0800604030192855 -3.76096499708969 -0.982119627077796 0.0194060809901286 0.187255018969254 58.5294554057056
173 0.191540123946351 0.0716967006755609 0.97886258689913 59.0042248991416 0.00248109614043558 0.997289779993195 -0.0735318902454356 -3.82282678806728 -0.981481647857238 0.0165129595579925 0.190843121662998 58.6849300545608
174 0.194723233405123 0.0684230049816828 0.97846878067802 59.7465061324814 -0.00123599179838319 0.997580247185807 -0.0695134717085689 -3.87897661317847 -0.980857448713384 0.012326508588416 0.19433662158608 58.8448269165659
175 0.19794082004692 0.0684950014392205 0.977817910726222 60.4726358882655 -0.00281521783712426 0.997591183591797 -0.0693102082556947 -3.93165085941769 -0.980209929712856 0.010966549036019 0.197656845301543 58.9980927435199
177 0.201200049227315 0.0750726829419343 0.976669151999195 61.8763949063608 -0.00891936291750012 0.997157906200033 -0.0748101267738013 -4.03355934037101 -0.979509563585814 0.00634053457258256 0.201297820319202 59.3087600328553
179 0.205368652234323 0.0846170574598487 0.975019830704122 63.2154285264135 -0.0108139543421556 0.996390702377619 -0.0841939820113107 -4.13965254632712 -0.978624940961012 0.00674698467997305 0.20554246064204 59.6048532785503
181 0.208675043521179 0.0866801880069265 0.974136166672051 64.5583079199097 -0.0123959537613623 0.99621890412791 -0.0859897400189875 -4.2469605579361 -0.977906471264906 0.00586856586149968 0.208960506778073 59.8983342911664
182 0.2091052212409 0.0836480259898213 0.974308993183272 65.2421918137206 -0.0123355340025631 0.996481177206248 -0.0829041499234025 -4.30477826000622 -0.977815340977358 0.0053170688971065 0.209401260090949 60.0489486974447
183 0.20975657177449 0.0810605048948255 0.974387692422071 65.9301422091193 -0.0123309208112155 0.996697526044326 -0.0802620082546332 -4.36314722332079 -0.977675881358112 0.00482038622054816 0.210063406825949 60.2029381327084
184 0.209609252526841 0.0798282260008069 0.974521121160903 66.5873703157579 -0.0114296938846026 0.996793673586816 -0.07919428259037 -4.41558720365414 -0.977718427438515 0.00546137627921809 0.209849589030557 60.3458328270871
186 0.206238709606059 0.0799614881881442 0.975229078251241 67.8684255397829 -0.012997512150695 0.99679140455425 -0.0789807602182845 -4.52096276416161 -0.978415381797486 0.00361333827684303 0.206616273435993 60.6304973128382
188 0.201632441554132 0.0865746974159013 0.975627582779549 69.0751295503739 -0.0120734527290772 0.996229944112041 -0.0859076841366286 -4.62597839882089 -0.979386844026464 0.00554258259885687 0.201917531497433 60.891832756092
190 0.197773099046958 0.0860258737765327 0.97646574457804 70.2744060158832 -0.0105913673526139 0.996271092801918 -0.0856255369902867 -4.72226202734512 -0.980190606071576 0.00659232040005929 0.197946753145332 61.1349889712731
192 0.193110859493483 0.079144498305268 0.977979725931829 71.4763999092514 -0.0103051229497871 0.996850070331369 -0.0786367707967074 -4.82548572099029 -0.981122826350849 0.00510741307821762 0.193318167653665 61.3782697076121
194 0.189731404094107 0.0795750725074254 0.978606050531018 72.617657956866 -0.00334151689594758 0.996756825033502 -0.0804031467914431 -4.92178112952774 -0.981830346121627 0.0119849732819992 0.18938197340327 61.5864388705699
196 0.185215582364938 0.0834621916144613 0.979147205797028 73.706252801184 2.42895964357478e-05 0.996386387451375 -0.0849362485138894 -5.00640488085466 -0.982697912615689 0.0157552998228732 0.184544257749351 61.7890678603993
198 0.18259403074285 0.084357428176822 0.979562782188294 74.783468736767 0.00152672757637352 0.996286863926255 -0.0860822506147214 -5.09677312318116 -0.983187209558783 0.0172136306275142 0.181787243448579 61.998820372933
200 0.185694247911533 0.0810421491485541 0.97925983086919 75.894231256162 0.0122919994650051 0.996323429291207 -0.0847852050452285 -5.1826086067277 -0.982530688091585 0.0277811862020439 0.184015359824893 62.1882718934509
202 0.190837528529612 0.0799493354706475 0.978360435352182 76.9850889553803 0.0127538582620523 0.996391668948443 -0.0839105544587078 -5.27274719247955 -0.981538780081633 0.0284911531521307 0.189129261056878 62.4059620305124
204 0.20337137969342 0.0793937716491557 0.975877405694443 78.068148588675 0.0127125918452481 0.996408778803131 -0.08371341309867 -5.35891598683686 -0.979019137673095 0.0294308434703148 0.201631727469798 62.633396057691
206 0.219334711919894 0.0774916466696827 0.972567390386619 79.1938053008957 0.0111892212395268 0.996575442022787 -0.0819279542350451 -5.44400406818633 -0.975585509053445 0.028851915941715 0.217716516303707 62.896612518086
208 0.237579909072105 0.0768990492860415 0.968319329056378 80.3586019958491 0.00656816667115821 0.99671150311515 -0.0807653313279748 -5.5375796079411 -0.971345791153629 0.0255483028172251 0.236293542508654 63.200203913226
210 0.256842264806126 0.0830037978387857 0.962882350317835 81.5153523533926 -0.00216447255211348 0.996351965786938 -0.0853116365513868 -5.62227744631453 -0.966450912394329 0.0198275015279979 0.256084954878897 63.5295404411987
212 0.277951519254821 0.0874353916307671 0.956607550270387 82.7331603119203 -0.00735664833138775 0.996013423691431 -0.0888996037775277 -5.72003604504712 -0.96056693294599 0.0176723545926259 0.277486675741174 63.8988059809938
214 0.297908447110556 0.088629291078979 0.950471149432225 83.9794108197099 -0.0111954218776192 0.995936486180364 -0.0893598233195003 -5.82100007145226 -0.954528794573092 0.0159801206987865 0.297690134323079 64.3086307777701
216 0.318689335443032 0.0847612746973191 0.944061774348778 85.2875770958117 -0.0150025544078282 0.996319959534025 -0.0843887527776055 -5.92175015972875 -0.947740487072341 0.0127304574075431 0.318788181427851 64.7623417718579
218 0.340468828082872 0.0732746597870886 0.937396288309786 86.6272797038167 -0.00971963617391149 0.997179798345254 -0.0744175949944972 -6.02371751392188 -0.940205565701737 0.0162257204833761 0.340220840364421 65.2457123932944
220 0.360046355768224 0.0676023892709368 0.930481885187929 87.979120150503 -0.00407467604950676 0.997475602773308 -0.0708930101428678 -6.11130838628984 -0.93292551616574 0.0217333576993042 0.359412913582694 65.7759337033694
222 0.375986332453082 0.052677324427025 0.925126681757526 89.4144560807728 0.0121105292498216 0.998018189269495 -0.0617497284895088 -6.19750526960269 -0.926546066253464 0.0344208276839589 0.374603248426628 66.3347475150847
224 0.390149855729516 0.0482466338713727 0.919486461234922 90.8646789775707 0.0194521637774711 0.997971439193442 -0.0606186429949179 -6.29193734402619 -0.920545872511855 0.0415363560540952 0.388419911599721 66.9383753369986
225 0.397498350757243 0.0543920363247854 0.915989392694979 91.5909723572747 0.0219320418317594 0.997393269514157 -0.0687433740003384 -6.33462678929387 -0.917340747316046 0.047414895468657 0.395269251272262 67.253701714374
227 0.409893308658285 0.0608355177249225 0.910102475164366 92.9791023495271 0.0237777751175634 0.996721613307316 -0.0773346169352305 -6.42843036194075 -0.911823498780122 0.0533391539977988 0.407102986630136 67.8803003912136
229 0.418420867816999 0.0661943880879627 0.90583788856557 94.3264063976918 0.00978665457993387 0.996954154573035 -0.0773733485878604 -6.54153147507181 -0.908200527839201 0.0412397461828476 0.416498600918865 68.5372443873461
231 0.426591756699405 0.0734042718693531 0.901460640287443 95.6870161206083 0.00601533997322269 0.996448813617358 -0.0839855792714844 -6.65669534121671 -0.904424285831115 0.0412501480226476 0.424635298211285 69.1944928972351
233 0.433947336973473 0.0748613510092218 0.897822636637496 97.0114105633268 0.00178717348153103 0.99646833786818 -0.0839503283922858 -6.77672082007061 -0.900936465431708 0.0380345862511978 0.432280991374964 69.8507586689947
235 0.441470073183984 0.0691476182964319 0.894607613072267 98.2991260101901 0.00225249226010571 0.996937605129177 -0.0781686494569296 -6.89122643253835 -0.89727314724199 0.0365242161207208 0.439962363021226 70.4912157165278
237 0.448325010566822 0.0700218400041048 0.891123799941792 99.516466082779 -0.00109378844145758 0.996969277974226 -0.0777885750119935 -7.0038100710824 -0.893869950567254 0.0338998628019459 0.447042851161838 71.1264562392597
239 0.453423540425328 0.068570022084922 0.888653613653506 100.701402292624 0.00213349226277326 0.996949907629368 -0.0780149337534739 -7.10536467994873 -0.891292623776796 0.0372697430775629 0.451894263132436 71.7371443906658
241 0.45706458404237 0.0672696389854839 0.886885991368078 101.872873761117 0.00269907449728557 0.997026304720228 -0.0770146914087569 -7.21074863743273 -0.889429413169496 0.0375944592551963 0.455523847479224 72.3481543434434
243 0.461510751395483 0.0684925096768651 0.884486632157062 103.019533538592 0.00359301638741869 0.996862637493819 -0.0790694138216956 -7.31019839361331 -0.88712733955144 0.0396693595490442 0.459816730158171 72.9495891837661
245 0.467550951902904 0.0675570442782563 0.881380821860264 104.147175388129 0.00849892708929338 0.99668570108869 -0.0809035319604574 -7.41163846607982 -0.883925265852843 0.0453173147233107 0.465427185898341 73.5350107466294
247 0.474402405519049 0.064721494243904 0.877925672150312 105.207882835034 0.0133148500774801 0.996652007420209 -0.0806690205263515 -7.50434459029588 -0.880207403062002 0.049959026092419 0.471952352792888 74.1025135789157
249 0.480835380247355 0.0635673664369753 0.87450358891582 106.236750619396 0.0146348165097816 0.996647749820046 -0.0804927631800774 -7.60131118696092 -0.876688747075099 0.0515019679517814 0.478293203013578 74.6739974193332
251 0.488236240767896 0.0642379633542267 0.870344102792071 107.254616575102 0.0159017710074604 0.9964669074093 -0.0824671820603349 -7.69249013704388 -0.872566620310255 0.0541034795761526 0.485489759539882 75.2446359877589
253 0.497162257001617 0.0676822741860611 0.865013757101042 108.268111110298 0.0157756351260687 0.996082989307208 -0.0870046421128549 -7.7899603229878 -0.867514161008007 0.0569015656535008 0.494147136262827 75.8315560388228
255 0.508408912693908 0.0805410018723091 0.857340961642918 109.249292559548 0.00692737016979348 0.995201614206587 -0.0975999929463792 -7.89014936220218 -0.861087910167092 0.055559824495829 0.505411433256178 76.4296615386308
257 0.520726265082196 0.0912886273496558 0.84882892467809 110.199044715937 -0.00183481621358526 0.994383930757928 -0.105816972645575 -7.99086379052659 -0.853721728845535 0.0535442318744755 0.517969328174906 77.0418291192448
259 0.531588237278448 0.0907822276952001 0.842123822915544 111.188924280341 -0.0126202920043195 0.994978141851492 -0.0992936325626068 -8.09802956306519 -0.846908893693365 0.042155478557942 0.530064374779736 77.7015647962708
261 0.542828700494618 0.0866202359160313 0.835364553143821 112.203963235346 -0.0253412136212707 0.995903420418774 -0.0867997701056178 -8.20753961194115 -0.839461032336538 0.0259482548168092 0.542800021426341 78.3988073234797
263 0.555538933204485 0.0883427266316355 0.82678416551438 113.222843851834 -0.0328982477493689 0.995896571086594 -0.0843073246698416 -8.30257353329584 -0.830839454400815 0.0196362508960607 0.556165639591033 79.1078437741075
265 0.567722353265833 0.0956086025480564 0.817649267547592 114.268609274888 -0.0396424252334172 0.995255717215531 -0.0888511984804432 -8.39918722605702 -0.822265047125267 0.0180292115358931 0.568819074757058 79.8591512943916
267 0.580128667747007 0.0988103318446251 0.808509274639962 115.366659757345 -0.045081994622069 0.994988212152316 -0.089252851152408 -8.49983105304883 -0.81327630152303 0.0153289268604567 0.581675752788724 80.6702510094514
269 0.593263860462518 0.0989875790642049 0.798898899148145 116.485217243501 -0.0516781862456541 0.995047137762247 -0.0849150086705449 -8.60812840437874 -0.803347594093286 0.00909135975346978 0.595441004837896 81.5332317780014
271 0.608168237259322 0.0970465099648371 0.787853647635481 117.632047585042 -0.0523926347545418 0.995241974656114 -0.0821487900463364 -8.71376377382471 -0.792077273384589 0.00868255643486731 0.610359079723886 82.4346491869392
273 0.623489706270046 0.100110980030521 0.775395626665911 118.788213346654 -0.0579551681717923 0.994957584275689 -0.0818572169968202 -8.81665681427059 -0.779680565781571 0.00609894823833573 0.626147760654716 83.3922021364574
275 0.635312011325025 0.0998142649306195 0.765777879533296 119.9696404938 -0.0598540937620087 0.994993464350065 -0.0800343261393843 -8.92137616170979 -0.769932552712301 0.0050118277121972 0.638105591463437 84.3999061314548
277 0.642700295234486 0.0959537596355381 0.760084999534467 121.218525126233 -0.0553216192057507 0.995348257029753 -0.0788756342369842 -9.03375795244223 -0.764117693129768 0.00864426050266814 0.645018936006071 85.4633186273256
279 0.650162815945851 0.0857512181553272 0.754940422381951 122.51070525861 -0.0419923787813513 0.996147564977654 -0.0769848615857321 -9.14924967897483 -0.758633609119478 0.018350950219765 0.651259003577215 86.5588596386516
281 0.657568515941429 0.07447410764694 0.749704777984493 123.813062027618 -0.0307077945412433 0.996924689307309 -0.0720985104141394 -9.26147456650375 -0.752768675090163 0.0243879302056771 0.657833224049443 87.6900772449734
282 0.660972823422355 0.0728365749766355 0.746866628015172 124.445177847649 -0.0303760974566186 0.997059520905315 -0.0703534254700519 -9.31690519320887 -0.749794784858088 0.0238148087906894 0.661241737552823 88.2590279091487
283 0.663913448177012 0.0743612014700752 0.744103047329896 125.066038958547 -0.0311328327508842 0.996929490160503 -0.0718494145642491 -9.37049002151501 -0.747161080393389 0.0245357568509053 0.664189970250332 88.827129429444
284 0.667132215977067 0.079129503273614 0.740724731676484 125.671094164142 -0.036679318539677 0.996625527691321 -0.07343149968141 -9.42027050108173 -0.744035774675514 0.0218192407215998 0.667783413044484 89.3988649240912
285 0.669822643774493 0.0828780088819402 0.737881332959924 126.289087275252 -0.0431372552854785 0.996416311844568 -0.0727578909569537 -9.47067228783223 -0.741267025499842 0.0169047074459616 0.670997338126451 89.9910668129694
286 0.672678769067429 0.079924336491945 0.73560544728968 126.94118917747 -0.043568385085471 0.996702660098259 -0.068451465828706 -9.52462704162778 -0.738650844084654 0.0139967063760282 0.673942892791111 90.6041962264158
287 0.676051676347268 0.0772690425238002 0.732791666147687 127.604524433492 -0.0467934257790482 0.996981343371359 -0.0619562448289222 -9.57715708475398 -0.735366919443559 0.00759579073538775 0.677626591679514 91.2293647928629
288 0.67962977198099 0.071444114658645 0.730067881445082 128.27065364743 -0.0458764118158768 0.997437289257314 -0.0549018108801605 -9.62699775361704 -0.732119339913902 0.00382001042710771 0.681165677089186 91.854014231356
289 0.68413694944067 0.0675092719842772 0.726222509019218 128.922281262615 -0.0439417148509181 0.997713450322714 -0.0513516965747505 -9.67290418911292 -0.728028680826501 0.00322013063361197 0.685539109499033 92.4741337374457
290 0.688889269688435 0.0644669418187935 0.721994174159783 129.574056043813 -0.0381060711186544 0.997880855583064 -0.0527420648506627 -9.71545637685743 -0.723864283862683 0.00882108118904631 0.689885995708438 93.0945437861916
291 0.694170678695982 0.0612480644140373 0.717199932685645 130.229697115701 -0.0274354909493413 0.997900649238918 -0.0586650499438556 -9.75947850153931 -0.719287399218927 0.0210468252731947 0.694393741670237 93.7179239734849
292 0.699494460277676 0.0629201159336126 0.711862738912315 130.865937642649 -0.0219283745543856 0.997537233145171 -0.0666229305755874 -9.8077278085919 -0.714301509469387 0.0309923780949075 0.699151504374965 94.3407370231093
293 0.705070631037321 0.0631351566393622 0.706321001560026 131.497326107858 -0.018811362074305 0.997343540314718 -0.0703704145888972 -9.85772651114522 -0.70888753544236 0.0363292525195202 0.704385297621855 94.9732433203366
295 0.716857345623868 0.0532325040616421 0.695184757123191 132.8015638042 -0.0119697186491997 0.997873781163171 -0.064067485533421 -9.97088470792957 -0.697117114881396 0.0376060816683069 0.715970328128893 96.3021054179957
296 0.72220387384234 0.0499331228661603 0.689875530692277 133.440990974549 -0.00736625341121195 0.997889504314038 -0.0645156995665874 -10.0253152924778 -0.691641021714154 0.0415116901693644 0.721047485718856 96.9711801570742
297 0.726823369722589 0.0519341490395959 0.684858111865978 134.076165324055 -0.00505106567368718 0.997514309989708 -0.0702829147184215 -10.0798407880502 -0.686805850266769 0.047624001609376 0.725279034930729 97.6480517367964
298 0.730374992164677 0.0534141901831037 0.680954693872897 134.714177430718 -0.00590344474838524 0.997394096911663 -0.0719038579345445 -10.1360756264322 -0.683020878275731 0.0484968012641208 0.728787033437477 98.3400800114247
299 0.733625261082377 0.050476830876613 0.677676962753249 135.332172682845 -0.00336450487516706 0.997495050846109 -0.0706562357082731 -10.1946122098977 -0.679545919279014 0.0495551519236081 0.731957396648923 99.0118912283004
300 0.736290048765338 0.0448954304028271 0.675175062052858 135.96683661789 -8.89572419149367e-05 0.997802958366296 -0.0662514027178028 -10.2538539337057 -0.676666059571296 0.0487201868265331 0.734676382647382 99.6975143004017
301 0.737694459100569 0.0406202943289821 0.673911623806078 136.61714007035 0.00314044712363842 0.99797111647846 -0.0635907875922258 -10.3098348943192 -0.675127412126172 0.0490269554771945 0.736070197082082 100.401469047918
302 0.738239336004812 0.0359473309555614 0.673580338320787 137.247971898391 0.00663785493086895 0.998143487644234 -0.0605435129086635 -10.36286626214 -0.674506205795834 0.0491667313391495 0.736630172387971 101.089580091708
303 0.738554082167024 0.0350088318956442 0.673284671891265 137.875414695578 0.00674824214764156 0.998216993382655 -0.0593067900835112 -10.4151100706811 -0.674160462310229 0.0483447599166176 0.737000987276315 101.782060806869
