1 9.04368e-12 2.32681e-11 1.11022e-16 9.04368e-12 1 2.39237e-10 2.22045e-16 2.32681e-11 2.39237e-10 1 -2.22045e-16
0.99905 -0.00164978 0.0435519 0.0515466 0.00176042 0.999995 -0.00250224 -0.0242488 -0.0435476 0.00257653 0.999048 1.00073
0.99605 -0.00536795 0.0886383 0.146463 0.00601022 0.999958 -0.00698072 -0.0505162 -0.0885971 0.00748588 0.996039 1.99566
0.990927 -0.00588688 0.134272 0.28792 0.00744818 0.99991 -0.0111285 -0.0790306 -0.134195 0.0120276 0.990882 2.98669
0.983622 -0.00356507 0.180207 0.46575 0.00617288 0.999884 -0.0139125 -0.110293 -0.180137 0.014797 0.98353 3.96385
0.974048 -0.00617362 0.226258 0.697164 0.00948684 0.999863 -0.0135591 -0.143877 -0.226143 0.0153537 0.973973 4.93464
0.962421 -0.00736863 0.271461 0.971569 0.0116402 0.999832 -0.0141285 -0.180224 -0.271312 0.0167574 0.962346 5.88765
0.948837 -0.00969354 0.315616 1.28808 0.0158762 0.999729 -0.0170238 -0.218488 -0.315366 0.0211635 0.948734 6.8262
0.93362 -0.0126386 0.358042 1.65133 0.0208046 0.999604 -0.0189644 -0.254729 -0.35766 0.0251545 0.933513 7.74395
0.916195 -0.0122839 0.400546 2.0505 0.0217765 0.999579 -0.0191557 -0.291953 -0.400142 0.0262728 0.916076 8.64624
0.896556 -0.0130776 0.442738 2.48868 0.0234179 0.999565 -0.0178966 -0.330924 -0.442311 0.0264133 0.896473 9.52739
0.874511 -0.0135143 0.484817 2.96629 0.0244775 0.999568 -0.0162895 -0.369739 -0.484387 0.0261125 0.874464 10.3842
0.850369 -0.0134816 0.526014 3.48307 0.0251772 0.999569 -0.0150835 -0.408603 -0.525584 0.0260701 0.850342 11.2156
0.824543 -0.014011 0.565626 4.03669 0.0269639 0.99953 -0.0145475 -0.443974 -0.565157 0.0272466 0.824534 12.0188
0.79703 -0.0161933 0.603722 4.63144 0.031261 0.999407 -0.0144641 -0.479023 -0.60313 0.0304013 0.797063 12.7901
0.768151 -0.0151045 0.64009 5.25212 0.031868 0.999385 -0.0146609 -0.513619 -0.639475 0.0316602 0.76816 13.5306
0.737423 -0.018317 0.675183 5.91346 0.0371862 0.999217 -0.0135064 -0.546271 -0.674407 0.0350674 0.737527 14.2373
0.705167 -0.0181131 0.70881 6.60264 0.0382994 0.999187 -0.0125691 -0.577743 -0.708006 0.0360103 0.705287 14.9122
0.67068 -0.0168216 0.741556 7.31598 0.038484 0.999185 -0.01214 -0.609156 -0.740748 0.0366801 0.670781 15.5548
0.635065 -0.0178431 0.772253 8.05965 0.0435856 0.998968 -0.0127614 -0.636292 -0.771228 0.0417635 0.635187 16.155
0.598391 -0.0163163 0.801038 8.82495 0.0443562 0.998934 -0.0127877 -0.665278 -0.799975 0.043183 0.598477 16.7217
0.560638 -0.0156042 0.827914 9.6175 0.0472242 0.998798 -0.0131539 -0.693875 -0.826713 0.0464722 0.560701 17.2483
0.52173 -0.0141546 0.852993 10.4357 0.0529906 0.998469 -0.0158429 -0.72098 -0.851463 0.0534664 0.521682 17.7358
0.482402 -0.0131433 0.875851 11.2734 0.0546634 0.99839 -0.0151254 -0.744895 -0.874243 0.0551735 0.482344 18.1886
0.443752 -0.0148349 0.896027 12.1384 0.0596289 0.998136 -0.0130054 -0.770723 -0.894164 0.0592003 0.443809 18.6054
0.370597 -0.0133646 0.928698 13.9228 0.0654987 0.997783 -0.0117785 -0.819498 -0.926481 0.0651936 0.370651 19.3353
0.30321 -0.0160637 0.952788 15.7882 0.0689378 0.997608 -0.00511904 -0.859011 -0.950427 0.0672353 0.303592 19.9486
0.237384 -0.0130104 0.971329 17.711 0.0675245 0.997713 -0.00313859 -0.892643 -0.969066 0.0663335 0.23772 20.4429
0.174876 -0.0105661 0.984534 19.6917 0.0693005 0.997595 -0.00160307 -0.920475 -0.982148 0.068509 0.175188 20.8165
0.113228 -0.011889 0.993498 21.7416 0.0696063 0.997567 0.00400471 -0.942353 -0.991128 0.0687003 0.11378 21.0745
0.0557587 -0.0111949 0.998382 23.8536 0.0727607 0.997324 0.00711939 -0.951047 -0.995789 0.0722459 0.056424 21.2147
0.00720076 -0.0101109 0.999923 26.0235 0.0812525 0.996648 0.00949265 -0.950951 -0.996668 0.0811779 0.00799816 21.2403
-0.0316296 -0.0106519 0.999443 28.2425 0.0916536 0.995699 0.0135125 -0.945629 -0.995289 0.0920299 -0.0305173 21.1697
-0.0621343 -0.0108622 0.998009 30.5029 0.0973747 0.995104 0.0168929 -0.936359 -0.993306 0.0982304 -0.0607724 21.0296
-0.0880554 -0.0119881 0.996043 32.7868 0.0972904 0.995043 0.020577 -0.921677 -0.991353 0.0987173 -0.0864526 20.837
-0.109797 -0.00536068 0.99394 35.1147 0.0979807 0.995057 0.0161903 -0.90072 -0.989113 0.0991645 -0.108729 20.5853
-0.127088 -0.00127867 0.991891 37.5268 0.0988896 0.995001 0.0139531 -0.878157 -0.98695 0.0998609 -0.126327 20.2789
-0.138159 0.000894005 0.99041 40.024 0.0994108 0.994962 0.0129694 -0.856448 -0.985408 0.100249 -0.137552 19.9325
-0.146825 0.00391761 0.989155 42.6068 0.0989732 0.995032 0.0107502 -0.837548 -0.984198 0.0994782 -0.146484 19.5507
-0.149919 0.00300937 0.988694 43.9328 0.0987393 0.995042 0.0119435 -0.82955 -0.983755 0.0994135 -0.149473 19.3479
-0.15223 0.000581795 0.988345 45.2814 0.0993337 0.994945 0.0147142 -0.81879 -0.983341 0.100416 -0.151518 19.1375
-0.154508 -0.000389785 0.987992 46.6485 0.0993738 0.994923 0.0159331 -0.805992 -0.982981 0.100642 -0.153684 18.9223
-0.156516 0.000342574 0.987676 48.0356 0.101606 0.9947 0.0157563 -0.790753 -0.982435 0.10282 -0.155721 18.6994
-0.157524 0.000873982 0.987515 49.442 0.101335 0.994735 0.0152842 -0.776593 -0.982302 0.102477 -0.156783 18.4732
-0.158066 0.00173631 0.987427 50.8713 0.103393 0.99453 0.0148022 -0.761209 -0.982 0.104433 -0.157381 18.2399
-0.158147 0.00224628 0.987413 52.3163 0.102921 0.994588 0.0142216 -0.748866 -0.982037 0.103874 -0.157523 18.0057
-0.157623 0.00349131 0.987493 53.7841 0.102974 0.9946 0.0129202 -0.738559 -0.982116 0.103723 -0.157131 17.7682
-0.156435 0.00353546 0.987682 55.2756 0.103316 0.994566 0.0128037 -0.728246 -0.98227 0.104046 -0.15595 17.5286
-0.154945 0.00230301 0.98792 56.7869 0.102408 0.994648 0.013743 -0.719322 -0.982601 0.1033 -0.154352 17.2895
-0.153808 0.00305422 0.988096 58.3197 0.103384 0.994556 0.0130188 -0.709023 -0.982677 0.104156 -0.153287 17.047
-0.1526 0.00393383 0.98828 59.87 0.103311 0.994577 0.0119933 -0.698229 -0.982873 0.103931 -0.152178 16.8056
-0.151632 0.00460035 0.988426 61.4493 0.104318 0.994479 0.0113746 -0.689854 -0.982917 0.104835 -0.151274 16.5601
-0.150588 0.00453098 0.988586 63.0456 0.10388 0.994526 0.0112654 -0.682234 -0.983124 0.104391 -0.150234 16.3148
-0.149637 0.00280178 0.988737 64.6615 0.105638 0.994317 0.0131698 -0.674295 -0.983082 0.106419 -0.149082 16.0656
-0.14895 0.00105339 0.988844 66.2927 0.106919 0.994154 0.0150462 -0.665932 -0.983047 0.107967 -0.148192 15.8143
-0.148174 0.00158722 0.98896 67.9336 0.10845 0.993994 0.0146536 -0.656659 -0.982997 0.109424 -0.147456 15.5643
-0.147109 0.00390749 0.989112 69.5915 0.110843 0.993758 0.0125597 -0.649548 -0.98289 0.111484 -0.146624 15.3107
-0.146465 0.00360355 0.989209 71.2635 0.110115 0.993838 0.0126836 -0.64555 -0.983068 0.110785 -0.145959 15.0605
-0.14626 0.00323325 0.989241 72.9496 0.11051 0.993789 0.013091 -0.641151 -0.983054 0.111236 -0.145709 14.8071
-0.146036 0.00169002 0.989278 74.6568 0.109832 0.993844 0.0145155 -0.635143 -0.983163 0.110775 -0.145323 14.5538
-0.145636 0.00196669 0.989336 76.3758 0.111686 0.993638 0.0144656 -0.626639 -0.983014 0.112602 -0.144929 14.2958
-0.14562 0.00215257 0.989338 78.1121 0.112368 0.993563 0.0143776 -0.619273 -0.982939 0.113264 -0.144925 14.0376
-0.145604 0.00317749 0.989338 79.8642 0.112857 0.993521 0.0134186 -0.612185 -0.982885 0.113607 -0.145019 13.7761
-0.145937 0.00386677 0.989286 81.6266 0.11233 0.99359 0.012687 -0.606953 -0.982896 0.112978 -0.145436 13.5147
-0.14706 0.00414262 0.989119 83.4031 0.111212 0.99372 0.0123728 -0.603745 -0.982856 0.111821 -0.146597 13.2493
-0.148234 0.00495249 0.98894 85.1938 0.110608 0.993796 0.0116024 -0.601808 -0.982747 0.111104 -0.147862 12.98
-0.149242 0.00433805 0.988791 87.0054 0.109467 0.993916 0.0121618 -0.599482 -0.982723 0.110055 -0.148809 12.7071
-0.150229 0.00383582 0.988644 88.8275 0.10962 0.993891 0.012801 -0.594876 -0.982555 0.110298 -0.149731 12.4284
-0.150672 0.00281184 0.98858 90.6666 0.107012 0.994166 0.0134822 -0.589258 -0.982775 0.107821 -0.150094 12.1486
-0.152068 0.00389603 0.988362 92.5161 0.106806 0.994201 0.0125139 -0.58226 -0.982582 0.107466 -0.151602 11.8613
-0.154686 0.00523031 0.98795 94.3842 0.105714 0.994332 0.0112879 -0.576158 -0.982291 0.106186 -0.154362 11.5694
-0.158495 0.00519045 0.987346 96.2638 0.106454 0.994247 0.0118619 -0.569087 -0.981604 0.106987 -0.158135 11.2675
-0.163205 0.004743 0.986581 98.1539 0.104182 0.99448 0.0124533 -0.567065 -0.981076 0.104816 -0.162798 10.959
-0.168072 0.00361314 0.985768 100.053 0.101923 0.994698 0.0137319 -0.565243 -0.980491 0.10278 -0.167549 10.6399
-0.172778 0.0048752 0.984949 101.955 0.10096 0.994808 0.0127862 -0.564148 -0.979773 0.101649 -0.172373 10.3099
-0.177452 0.00623953 0.98411 103.87 0.101466 0.994767 0.0119889 -0.562445 -0.978885 0.101981 -0.177156 9.96613
-0.182055 0.00797944 0.983256 105.791 0.101178 0.994811 0.0106604 -0.564355 -0.978069 0.101425 -0.181917 9.61162
-0.186876 0.00878695 0.982344 107.725 0.100121 0.994923 0.0101469 -0.568797 -0.977268 0.100249 -0.186807 9.24638
-0.191887 0.00763313 0.981387 109.668 0.0979417 0.995127 0.0114102 -0.571794 -0.976518 0.0983082 -0.1917 8.87158
-0.197264 0.00748083 0.980322 111.621 0.096063 0.995306 0.011735 -0.573345 -0.975632 0.0964876 -0.197057 8.48663
-0.202893 0.00657671 0.979179 113.582 0.0950817 0.995384 0.013016 -0.572804 -0.974574 0.0957428 -0.202582 8.08692
-0.208403 0.00646921 0.978022 115.548 0.0950229 0.995381 0.013664 -0.570538 -0.973416 0.095782 -0.208055 7.67419
-0.213845 0.0078583 0.976836 117.518 0.0955862 0.995337 0.0129182 -0.568058 -0.97218 0.0961345 -0.213599 7.24693
-0.219538 0.00885631 0.975564 119.496 0.095219 0.995379 0.0123916 -0.565878 -0.970946 0.0956126 -0.219367 6.80828
-0.225458 0.00885321 0.974213 121.486 0.0956688 0.995327 0.0130951 -0.564565 -0.969544 0.0961542 -0.225251 6.35122
-0.231045 0.00919085 0.9729 123.482 0.0947262 0.995417 0.0130921 -0.563668 -0.968321 0.0951839 -0.230857 5.88325
-0.236209 0.00955086 0.971655 125.479 0.0942029 0.995467 0.0131158 -0.560734 -0.967125 0.0946308 -0.236038 5.40353
-0.241404 0.00971922 0.970376 127.489 0.0929489 0.995584 0.0131515 -0.559152 -0.965963 0.0933702 -0.241241 4.91101
-0.245816 0.00982194 0.969267 129.5 0.0945751 0.995421 0.0138982 -0.555614 -0.964692 0.0950848 -0.245619 4.40228
-0.249701 0.0085957 0.968285 131.523 0.0962585 0.995228 0.0159882 -0.549412 -0.963527 0.097198 -0.249337 3.88011
-0.253293 0.00987923 0.967339 133.549 0.0976854 0.995098 0.0154157 -0.542754 -0.962445 0.0983996 -0.253016 3.34816
-0.256342 0.0103314 0.966531 135.584 0.0979786 0.99507 0.0153493 -0.536035 -0.961607 0.0986339 -0.25609 2.80695
-0.259761 0.0101319 0.96562 137.625 0.0970843 0.995153 0.0156749 -0.529597 -0.96078 0.0978182 -0.259486 2.25799
-0.263703 0.0103506 0.964549 139.68 0.0957955 0.99528 0.0155096 -0.522454 -0.959835 0.0964893 -0.26345 1.6993
-0.268171 0.0112592 0.963306 141.73 0.0944687 0.99542 0.0146643 -0.517999 -0.958728 0.0949347 -0.268007 1.13215
-0.272649 0.0110877 0.96205 143.793 0.0935761 0.995498 0.0150467 -0.512737 -0.957552 0.0941274 -0.272459 0.551587
-0.27723 0.0113211 0.960737 145.862 0.0937371 0.995479 0.0153183 -0.506199 -0.95622 0.0943034 -0.277038 -0.0413721
-0.281731 0.0118578 0.95942 147.93 0.0932262 0.995531 0.0150715 -0.500625 -0.954954 0.0936891 -0.281577 -0.644931
-0.286285 0.0123965 0.958064 150.007 0.0928652 0.995568 0.0148678 -0.495969 -0.953634 0.0932272 -0.286167 -1.26111
-0.290497 0.011394 0.956808 152.097 0.0925312 0.995577 0.0162377 -0.48983 -0.952391 0.0932516 -0.290266 -1.89234
-0.294736 0.0114714 0.95551 154.181 0.0931074 0.995515 0.0167681 -0.482992 -0.951032 0.0939072 -0.294482 -2.53318
-0.298666 0.0120883 0.954281 156.275 0.0941016 0.99542 0.0168421 -0.475391 -0.949707 0.0948295 -0.298436 -3.18765
-0.302257 0.013277 0.953134 158.373 0.0942443 0.99542 0.0160206 -0.467684 -0.948556 0.0946697 -0.302124 -3.85146
-0.305844 0.0154254 0.951957 160.474 0.0947553 0.995398 0.0143136 -0.460873 -0.947355 0.0945807 -0.305898 -4.52532
-0.309256 0.0160277 0.950844 162.588 0.0953985 0.995337 0.01425 -0.455531 -0.946182 0.0951159 -0.309343 -5.21197
-0.312627 0.016893 0.949726 164.704 0.0951825 0.995367 0.013627 -0.452548 -0.945095 0.0946575 -0.312786 -5.90858
-0.316134 0.0170366 0.948562 166.826 0.0950305 0.995379 0.013794 -0.449531 -0.943943 0.094503 -0.316292 -6.6147
-0.320136 0.0169575 0.94722 168.954 0.0950139 0.995373 0.0142927 -0.445613 -0.942595 0.0945746 -0.320267 -7.33146
-0.323925 0.0171821 0.945927 171.087 0.0964057 0.99523 0.0149357 -0.441674 -0.941158 0.0960308 -0.324037 -8.06307
-0.327132 0.0181546 0.944804 173.225 0.0987885 0.994994 0.0150858 -0.436552 -0.939801 0.0982708 -0.327288 -8.80609
-0.329896 0.0176824 0.943852 175.367 0.099457 0.994911 0.0161234 -0.429409 -0.938763 0.0991917 -0.329976 -9.55783
-0.332587 0.0170368 0.942919 177.517 0.0993024 0.994911 0.0170498 -0.420933 -0.93783 0.0993046 -0.332586 -10.3183
-0.335359 0.0169854 0.941937 179.671 0.0981442 0.995027 0.0169997 -0.411828 -0.936964 0.0981466 -0.335359 -11.0856
-0.338352 0.0188092 0.940832 181.83 0.0972402 0.995147 0.0150754 -0.404363 -0.935982 0.0965874 -0.338539 -11.8622
-0.341616 0.0202895 0.939621 183.997 0.0970823 0.995181 0.0138068 -0.39858 -0.934812 0.0959371 -0.34194 -12.6499
-0.344818 0.0215998 0.938421 186.17 0.0954594 0.995359 0.0121658 -0.399051 -0.933803 0.093776 -0.34528 -13.448
-0.348136 0.0230883 0.93716 188.344 0.0942737 0.995491 0.0104953 -0.400055 -0.932692 0.0920032 -0.348743 -14.2554
-0.351901 0.023122 0.935752 190.519 0.0950406 0.995411 0.011145 -0.401383 -0.9312 0.0928564 -0.352484 -15.0749
-0.355505 0.0219299 0.934417 192.709 0.0941562 0.995479 0.0124593 -0.403865 -0.92992 0.0924105 -0.355963 -15.9088
-0.359239 0.021192 0.933005 194.901 0.0938447 0.995495 0.0135221 -0.403566 -0.928515 0.0924152 -0.359609 -16.7532
-0.363139 0.0212842 0.931492 197.093 0.0941031 0.995465 0.0139398 -0.402116 -0.926971 0.0927183 -0.363495 -17.6074
-0.366602 0.0214333 0.930131 199.296 0.0931206 0.99556 0.0137616 -0.400664 -0.925706 0.0916593 -0.36697 -18.4748
-0.370349 0.0220105 0.928632 201.48 0.0921232 0.995661 0.0131405 -0.401197 -0.924313 0.0904151 -0.37077 -19.3445
-0.373599 0.0220637 0.927328 203.688 0.0920768 0.995662 0.0134061 -0.403082 -0.923009 0.0903939 -0.37401 -20.2346
-0.376396 0.0227005 0.926181 205.877 0.0930861 0.995568 0.0134286 -0.406195 -0.921771 0.091269 -0.376841 -21.1272
-0.378917 0.0228584 0.925148 208.075 0.0943362 0.995441 0.0140424 -0.408323 -0.92061 0.0925959 -0.379346 -22.0367
-0.381606 0.0225018 0.924051 210.275 0.0952667 0.995337 0.0151047 -0.407256 -0.919402 0.0937953 -0.381971 -22.954
-0.384098 0.0231478 0.923002 212.474 0.0962804 0.99524 0.0151066 -0.405178 -0.918259 0.0946694 -0.384498 -23.879
-0.386613 0.0243274 0.921921 214.67 0.0967532 0.995205 0.0143128 -0.403694 -0.917153 0.0947323 -0.387113 -24.8069
-0.389372 0.0245005 0.920755 216.872 0.096043 0.995277 0.0141315 -0.405346 -0.91606 0.0939345 -0.389886 -25.7452
-0.392096 0.025359 0.919575 219.085 0.0954881 0.995342 0.0132666 -0.408967 -0.914955 0.0930102 -0.392691 -26.6951
-0.394974 0.0265204 0.91831 221.275 0.0954871 0.995354 0.0123245 -0.414573 -0.913717 0.0925546 -0.395671 -27.6423
-0.39743 0.0265492 0.917248 223.475 0.0935954 0.995541 0.0117381 -0.422788 -0.912847 0.0905153 -0.398143 -28.5989
-0.400345 0.0271799 0.915961 225.674 0.0938458 0.995521 0.011477 -0.432373 -0.911546 0.0905539 -0.401102 -29.5663
-0.402907 0.0269693 0.914844 227.869 0.0956767 0.99533 0.012795 -0.441833 -0.910227 0.0926843 -0.403605 -30.5421
-0.405448 0.0262891 0.91374 230.066 0.0957556 0.995309 0.0138531 -0.448562 -0.909089 0.0931124 -0.406063 -31.5245
-0.40864 0.0254633 0.91234 232.258 0.0948738 0.995381 0.0147133 -0.450201 -0.907751 0.0925696 -0.409168 -32.5114
-0.411681 0.0258067 0.910963 234.448 0.0936735 0.995503 0.0141312 -0.451644 -0.906501 0.0911506 -0.412247 -33.5041
-0.415077 0.025247 0.909436 236.64 0.0921187 0.995644 0.0144038 -0.454562 -0.905111 0.0897547 -0.415595 -34.5071
-0.418523 0.0243078 0.907881 238.827 0.0909993 0.995734 0.0152897 -0.456504 -0.903636 0.0890155 -0.41895 -35.5155
-0.422082 0.0243698 0.90623 241.01 0.0904172 0.995786 0.0153342 -0.458359 -0.902037 0.088411 -0.422507 -36.5335
-0.425727 0.023895 0.904536 243.187 0.089574 0.995854 0.0158514 -0.459815 -0.900407 0.0877712 -0.426102 -37.5587
-0.429587 0.0246382 0.902689 245.357 0.0891032 0.995906 0.0152215 -0.461858 -0.898619 0.0869715 -0.430024 -38.5911
-0.433695 0.0238628 0.900744 247.524 0.0879673 0.995995 0.0159687 -0.461475 -0.896756 0.0861616 -0.434057 -39.632
-0.437535 0.0239963 0.898881 249.684 0.0878563 0.996002 0.0161755 -0.461446 -0.894899 0.0860497 -0.437893 -40.6836
-0.441022 0.0250559 0.897147 251.842 0.0885292 0.99595 0.0157041 -0.462839 -0.89312 0.0863495 -0.441453 -41.7463
-0.444655 0.0250028 0.895353 253.99 0.088102 0.995984 0.0159407 -0.462321 -0.891358 0.0859705 -0.445072 -42.8137
-0.448303 0.0252156 0.893526 256.142 0.0871788 0.99607 0.0156303 -0.459941 -0.88962 0.0849036 -0.44874 -43.8903
-0.451934 0.0250705 0.891699 258.295 0.0870053 0.996078 0.0160911 -0.456604 -0.887798 0.0848547 -0.452342 -44.9778
-0.455387 0.0259255 0.889916 260.445 0.0876041 0.99603 0.0158118 -0.451586 -0.885973 0.0851608 -0.45585 -46.0741
-0.45889 0.0270166 0.888082 262.592 0.0890331 0.995905 0.0157085 -0.446893 -0.884021 0.0862772 -0.459416 -47.184
-0.462101 0.0289975 0.886353 264.734 0.0912146 0.995719 0.0149794 -0.444323 -0.882124 0.0877703 -0.462767 -48.3001
-0.464972 0.0298293 0.884823 266.892 0.0921218 0.995637 0.0148448 -0.442692 -0.880519 0.0884139 -0.465691 -49.4345
-0.467861 0.0319078 0.883226 269.026 0.0940277 0.995473 0.0138453 -0.439489 -0.878786 0.0895254 -0.468743 -50.5679
-0.470491 0.0342576 0.88174 271.174 0.0959314 0.995309 0.0125183 -0.435794 -0.877175 0.0904762 -0.47157 -51.7204
-0.473287 0.0350203 0.880212 273.332 0.0967782 0.995228 0.012441 -0.431275 -0.875576 0.0910735 -0.474418 -52.8877
-0.476499 0.0361864 0.87843 275.487 0.0975026 0.995164 0.0118945 -0.424406 -0.873752 0.0913169 -0.477723 -54.0621
-0.479766 0.0362591 0.876647 277.658 0.0964835 0.995267 0.0116375 -0.418242 -0.872075 0.0901652 -0.480994 -55.2531
-0.483045 0.0373827 0.874797 279.827 0.0972756 0.995195 0.0111859 -0.412827 -0.870175 0.0904997 -0.48436 -56.4551
-0.486361 0.0376983 0.872944 282.017 0.0963469 0.99529 0.0106979 -0.410583 -0.86843 0.0893085 -0.487703 -57.6741
-0.489148 0.0375474 0.871392 284.188 0.0947499 0.995448 0.0102942 -0.409559 -0.867039 0.0875997 -0.490479 -58.8925
-0.491888 0.0378049 0.869838 286.372 0.0958757 0.995333 0.0109579 -0.407962 -0.865364 0.0887863 -0.493217 -60.1296
-0.493898 0.0378348 0.868696 288.57 0.0974877 0.995163 0.0120838 -0.404549 -0.864038 0.0906553 -0.495198 -61.385
-0.495953 0.0377547 0.867528 290.77 0.0981597 0.995088 0.0128103 -0.398668 -0.862783 0.0915096 -0.497223 -62.6493
-0.498157 0.0377731 0.866264 292.983 0.0981598 0.995085 0.0130577 -0.390882 -0.861513 0.091537 -0.499416 -63.9234
-0.500459 0.0371011 0.864965 295.195 0.0975565 0.995135 0.0137605 -0.382147 -0.860246 0.0912695 -0.501644 -65.2062
-0.503018 0.0370329 0.863482 297.421 0.0984272 0.995036 0.0146634 -0.3714 -0.858653 0.0923661 -0.504166 -66.5052
-0.505157 0.037057 0.862231 299.642 0.0989284 0.994978 0.0151972 -0.358711 -0.857338 0.0929761 -0.506287 -67.8087
-0.507127 0.0378085 0.861042 301.876 0.098539 0.99503 0.0143444 -0.347006 -0.85622 0.0921206 -0.508332 -69.1256
-0.509359 0.0400418 0.859622 304.114 0.0979437 0.995123 0.0116817 -0.337252 -0.854962 0.0901448 -0.510796 -70.4517
-0.512668 0.0393128 0.857686 306.359 0.0963321 0.995277 0.0119615 -0.330795 -0.853165 0.088755 -0.514034 -71.7917
-0.517159 0.0369059 0.855094 308.613 0.0936038 0.995516 0.0136448 -0.323336 -0.850756 0.0870965 -0.518294 -73.144
-0.522057 0.0345145 0.852212 310.871 0.0911476 0.995717 0.0155097 -0.312619 -0.848026 0.085774 -0.522967 -74.5125
-0.526824 0.0330943 0.84933 313.13 0.0897937 0.995817 0.0168951 -0.297188 -0.845218 0.0851652 -0.527591 -75.9001
-0.531168 0.0334893 0.846604 315.385 0.0901754 0.995778 0.0171868 -0.279642 -0.842454 0.085472 -0.531945 -77.3072
-0.535307 0.0346736 0.843946 317.638 0.0923854 0.995566 0.0176962 -0.257841 -0.83959 0.0874411 -0.536137 -78.7299
-0.539029 0.0358853 0.841522 319.895 0.0938117 0.995434 0.0176416 -0.238155 -0.837047 0.088454 -0.539934 -80.1727
-0.54268 0.0358357 0.839175 322.158 0.0942086 0.995382 0.0184167 -0.219785 -0.83464 0.0890518 -0.54355 -81.6321
-0.546616 0.0342616 0.836682 324.412 0.0945533 0.995298 0.0210163 -0.201682 -0.832028 0.0905989 -0.547286 -83.1001
-0.550531 0.0328864 0.834167 326.663 0.0930891 0.99541 0.0221934 -0.182536 -0.829608 0.08987 -0.551065 -84.5797
-0.554289 0.0327844 0.831678 328.906 0.0923389 0.995478 0.0222997 -0.160832 -0.827186 0.0891567 -0.55481 -86.0683
-0.558319 0.0322137 0.829001 331.148 0.0918785 0.9955 0.0231951 -0.138391 -0.824523 0.0891176 -0.558766 -87.5705
-0.562402 0.0317266 0.826255 333.384 0.0931739 0.995331 0.0252014 -0.112561 -0.821597 0.0911587 -0.562732 -89.0867
-0.566266 0.0320065 0.823601 335.613 0.0937637 0.99526 0.0257896 -0.0845515 -0.818872 0.0918277 -0.566583 -90.6143
-0.569935 0.0310591 0.821103 337.839 0.0919712 0.995417 0.0261852 -0.0524277 -0.816527 0.0904416 -0.570179 -92.1515
-0.573463 0.0298016 0.818689 340.056 0.0914681 0.995419 0.0278352 -0.0159958 -0.814109 0.0908464 -0.573562 -93.7001
-0.576435 0.0288322 0.816634 342.275 0.0916202 0.995356 0.0295294 0.0233386 -0.81199 0.091842 -0.576399 -95.265
-0.579229 0.0283365 0.814673 344.489 0.0896053 0.995553 0.029081 0.0633751 -0.810225 0.0898435 -0.579192 -96.8362
-0.582173 0.0273855 0.812604 346.701 0.0855297 0.99595 0.0277115 0.102477 -0.808554 0.0856346 -0.582157 -98.412
-0.585282 0.0265603 0.810395 348.91 0.0824373 0.996233 0.0268867 0.140298 -0.806628 0.0825431 -0.585267 -99.9981
-0.58849 0.0236091 0.80816 351.109 0.0797528 0.996394 0.0289667 0.175422 -0.804562 0.0814996 -0.58825 -101.591
-0.591555 0.0227138 0.805944 353.311 0.080133 0.99631 0.030738 0.214119 -0.802273 0.082766 -0.591193 -103.203
-0.594595 0.0226804 0.803706 355.5 0.0793934 0.996373 0.0306192 0.253971 -0.800096 0.0820149 -0.594239 -104.817
-0.597441 0.0230816 0.801581 357.681 0.0781346 0.996505 0.0295415 0.290319 -0.798097 0.0802805 -0.597156 -106.441
-0.60072 0.0187672 0.799239 359.867 0.0751139 0.996627 0.0330547 0.32979 -0.795923 0.0798906 -0.600104 -108.078
-0.603875 0.0162343 0.796914 362.039 0.0724257 0.996774 0.0345761 0.380137 -0.793782 0.0785967 -0.603103 -109.717
-0.606847 0.0163416 0.79465 364.205 0.0719426 0.996814 0.0344411 0.433594 -0.791556 0.0780697 -0.60609 -111.363
-0.60959 0.0160547 0.792554 366.363 0.0712631 0.996857 0.0346185 0.48555 -0.789507 0.0775829 -0.608818 -113.018
-0.612208 0.0158086 0.790539 368.515 0.0710864 0.996852 0.0351163 0.535753 -0.787495 0.0776951 -0.611404 -114.682
-0.615018 0.0142842 0.788384 370.654 0.0704311 0.996834 0.0368823 0.585754 -0.785361 0.07821 -0.614077 -116.349
-0.617796 0.0135979 0.786221 372.793 0.0678655 0.997042 0.0360832 0.634751 -0.783404 0.0756493 -0.616892 -118.026
-0.620671 0.0108579 0.783996 374.932 0.0588575 0.997728 0.0327781 0.680641 -0.781859 0.0664884 -0.6199 -119.706
-0.623994 0.0119277 0.781338 377.044 0.0495121 0.998478 0.0242989 0.714184 -0.779859 0.053848 -0.623635 -121.373
-0.626626 0.0220579 0.779008 379.149 0.0590087 0.998073 0.0192052 0.732239 -0.777083 0.0580027 -0.62672 -123.073
-0.627476 0.0238815 0.778269 381.246 0.0666429 0.997509 0.0231216 0.75145 -0.775778 0.0663744 -0.627505 -124.786
-0.629339 0.0135046 0.777013 383.353 0.065791 0.997185 0.035956 0.791264 -0.774341 0.0737489 -0.628456 -126.498
-0.632279 0.00379499 0.774732 385.462 0.0602988 0.997196 0.0443267 0.858119 -0.772391 0.0747422 -0.630734 -128.206
-0.635482 -0.00216954 0.772113 387.564 0.0542875 0.997396 0.0474835 0.937574 -0.770205 0.072091 -0.633709 -129.914
-0.638277 -0.00256301 0.769802 389.649 0.0528107 0.997493 0.0471087 1.01544 -0.767993 0.0707222 -0.636541 -131.627
-0.640755 0.00218098 0.767742 391.717 0.0579849 0.997277 0.045561 1.0889 -0.765552 0.0737109 -0.639137 -133.351
-0.642714 0.00928115 0.76605 393.78 0.0631489 0.997166 0.0409005 1.15491 -0.763499 0.0746626 -0.641478 -135.083
-0.645125 0.0129906 0.763966 395.839 0.0646599 0.997197 0.037645 1.21407 -0.761336 0.0736838 -0.644157 -136.824
-0.648012 0.0120272 0.761535 397.893 0.064008 0.997198 0.0387171 1.27286 -0.758936 0.0738335 -0.646966 -138.57
-0.65085 0.011611 0.759117 399.943 0.0646264 0.997101 0.0401581 1.33497 -0.756451 0.075196 -0.649714 -140.318
-0.653231 0.0112114 0.757076 401.978 0.0652257 0.997007 0.0415145 1.39986 -0.754344 0.0764993 -0.652007 -142.069
-0.65506 0.0116881 0.755486 404.013 0.0658824 0.996956 0.0417008 1.46395 -0.752699 0.0770898 -0.653836 -143.84
-0.656459 0.0117267 0.75427 406.04 0.0661454 0.996923 0.0420686 1.53057 -0.751456 0.0775078 -0.655215 -145.609
-0.657674 0.0123227 0.753202 408.064 0.0668987 0.996871 0.0421048 1.59679 -0.750326 0.0780795 -0.65644 -147.386
-0.658702 0.0120349 0.752308 410.087 0.0682437 0.996706 0.0438079 1.66519 -0.749302 0.0801966 -0.657354 -149.165
-0.659771 0.0111527 0.751384 412.1 0.0699991 0.996455 0.0466743 1.73948 -0.748199 0.0833905 -0.658212 -150.939
-0.660893 0.0107819 0.750403 414.12 0.0715185 0.996251 0.0486733 1.82077 -0.747065 0.0858354 -0.659186 -152.726
-0.661984 0.011472 0.74943 416.13 0.0708669 0.996362 0.047346 1.90212 -0.74616 0.084452 -0.660389 -154.506
-0.663447 0.0116646 0.748132 418.137 0.067032 0.996784 0.0439027 1.98035 -0.745215 0.079276 -0.662095 -156.286
-0.664731 0.0111323 0.747 420.14 0.0639731 0.997065 0.0420686 2.05126 -0.744339 0.0757522 -0.663492 -158.07
-0.665802 0.0100083 0.746061 422.141 0.063062 0.997087 0.0429022 2.11781 -0.743459 0.0756124 -0.664494 -159.858
-0.666689 0.00866953 0.745285 424.142 0.0612962 0.997183 0.0432323 2.18633 -0.742811 0.0745056 -0.665343 -161.651
-0.667601 0.00828543 0.744473 426.136 0.0585215 0.997428 0.0413782 2.25608 -0.742215 0.0711918 -0.666369 -163.442
-0.668451 0.00699126 0.743723 428.129 0.0572519 0.997472 0.0420809 2.32541 -0.741549 0.0707086 -0.667162 -165.238
-0.668899 0.00551657 0.743333 430.111 0.0577725 0.997334 0.0445858 2.39691 -0.741105 0.0727676 -0.667434 -167.032
-0.668856 0.00478255 0.743376 432.096 0.0596281 0.997102 0.0472357 2.47181 -0.740996 0.07592 -0.667203 -168.831
-0.667961 0.00331793 0.744189 434.072 0.0641359 0.996526 0.0531234 2.54928 -0.741428 0.0832135 -0.665853 -170.628
-0.666466 0.00224501 0.745532 436.053 0.068076 0.996001 0.0578572 2.65057 -0.74242 0.0893127 -0.663954 -172.422
-0.664699 0.000452568 0.747111 438.042 0.0638763 0.996373 0.0562267 2.75562 -0.744375 0.0850965 -0.662317 -174.203
-0.664022 0.000733239 0.747713 440.03 0.0566797 0.997172 0.0493578 2.84391 -0.745561 0.0751548 -0.662185 -175.97
-0.662334 -0.0016851 0.749207 442.034 0.0511457 0.997563 0.0474589 2.92191 -0.747461 0.0697524 -0.660634 -177.748
-0.659932 -0.00248942 0.751321 444.039 0.0494188 0.997685 0.0467133 3.00685 -0.749698 0.067957 -0.658281 -179.52
-0.657139 -0.00238472 0.753766 446.046 0.0511809 0.997546 0.0477758 3.09873 -0.75203 0.0699737 -0.655404 -181.288
-0.654234 -0.00203111 0.756289 448.053 0.0521133 0.997498 0.0477599 3.19257 -0.754494 0.0706588 -0.652492 -183.045
-0.651813 -0.000748728 0.75838 450.064 0.0503535 0.99775 0.0442629 3.27801 -0.756706 0.0670381 -0.650308 -184.792
-0.650286 -0.00569473 0.759668 452.092 0.0434039 0.99806 0.0446361 3.35886 -0.758448 0.0619987 -0.648777 -186.533
-0.649382 -0.0125001 0.76036 454.125 0.0345156 0.99835 0.0458905 3.437 -0.759679 0.0560447 -0.647879 -188.265
-0.648777 -0.0154114 0.760822 456.158 0.0276638 0.998656 0.0438188 3.51679 -0.760475 0.0494759 -0.647479 -189.992
-0.648224 -0.0164842 0.761272 458.187 0.0253538 0.998744 0.0432151 3.59351 -0.761028 0.0473142 -0.646992 -191.72
-0.647114 -0.0165105 0.762215 460.215 0.027166 0.998631 0.0446953 3.66948 -0.76191 0.0496292 -0.645779 -193.452
-0.645773 -0.0175031 0.763329 462.246 0.0291596 0.998443 0.0475632 3.75085 -0.762972 0.0529734 -0.644257 -195.183
-0.644422 -0.0193866 0.764424 464.279 0.0279078 0.998416 0.0488476 3.83589 -0.764161 0.0528119 -0.64286 -196.906
-0.643478 -0.0200217 0.765203 466.313 0.0255106 0.998542 0.0475795 3.922 -0.765039 0.0501371 -0.642029 -198.621
-0.642578 -0.0189242 0.765987 468.351 0.0247056 0.998663 0.0453978 4.00422 -0.765822 0.0480958 -0.641251 -200.338
-0.641513 -0.0175498 0.766912 470.384 0.025115 0.998722 0.0438629 4.07955 -0.766701 0.0473996 -0.640252 -202.048
-0.640352 -0.0170386 0.767892 472.426 0.0272774 0.998619 0.0449051 4.15412 -0.767597 0.0497012 -0.639003 -203.766
-0.639103 -0.0170276 0.768933 474.468 0.0289756 0.998512 0.0461947 4.23021 -0.768575 0.0518034 -0.637658 -205.479
-0.638205 -0.017577 0.769666 476.511 0.0291165 0.998473 0.0469456 4.30971 -0.769316 0.0523709 -0.636718 -207.185
-0.637262 -0.0175728 0.770447 478.556 0.0289385 0.998489 0.0467101 4.38945 -0.770104 0.0520621 -0.635791 -208.887
-0.636466 -0.0187176 0.771077 480.606 0.028565 0.998448 0.0478152 4.47145 -0.770775 0.0524586 -0.634943 -210.589
-0.635728 -0.0199168 0.771656 482.654 0.028043 0.998411 0.0488725 4.55562 -0.771404 0.0527091 -0.634159 -212.285
-0.635203 -0.0191209 0.772108 484.707 0.0276154 0.998492 0.047446 4.64008 -0.771851 0.0514599 -0.633717 -213.983
-0.634783 -0.01786 0.772485 486.758 0.0276927 0.998565 0.0458433 4.7208 -0.772195 0.0504927 -0.633377 -215.677
-0.634225 -0.0182671 0.772933 488.807 0.0281095 0.998515 0.0466634 4.79976 -0.772638 0.0513218 -0.632769 -217.371
-0.633766 -0.0196425 0.773275 490.863 0.0276656 0.998462 0.0480369 4.88093 -0.77303 0.0518373 -0.632248 -219.066
-0.633646 -0.0208528 0.773342 492.917 0.0262901 0.998479 0.0484645 4.96077 -0.773177 0.0510406 -0.632134 -220.758
-0.633795 -0.0212767 0.773208 494.971 0.025666 0.998493 0.0485142 5.03802 -0.773075 0.0505932 -0.632293 -222.448
-0.633983 -0.0209273 0.773064 497.025 0.0258627 0.998501 0.0482397 5.11671 -0.772915 0.0505766 -0.632491 -224.139
-0.634195 -0.020496 0.772902 499.072 0.0263333 0.998496 0.0480858 5.19355 -0.772725 0.0508489 -0.632701 -225.827
-0.634412 -0.0220009 0.772682 501.133 0.0260815 0.998417 0.0498426 5.26771 -0.772555 0.0517735 -0.632834 -227.527
-0.634663 -0.0237334 0.772424 503.187 0.0248955 0.998382 0.0511316 5.34911 -0.772388 0.0516813 -0.633045 -229.22
-0.634928 -0.0240822 0.772196 505.239 0.0246295 0.998375 0.0513873 5.43277 -0.772179 0.0516461 -0.633303 -230.914
-0.634992 -0.0241129 0.772142 507.291 0.0239719 0.998416 0.0508931 5.51928 -0.772146 0.0508264 -0.633409 -232.607
-0.635079 -0.0237202 0.772083 509.338 0.0239697 0.998442 0.0503909 5.60525 -0.772075 0.0505088 -0.633521 -234.298
-0.634871 -0.0228922 0.772279 511.394 0.0250073 0.998428 0.0501538 5.6893 -0.772213 0.0511538 -0.633301 -235.997
-0.634614 -0.0230691 0.772485 513.445 0.0249085 0.998425 0.0502793 5.77331 -0.772428 0.0511493 -0.633039 -237.691
-0.63463 -0.0231767 0.772469 515.497 0.0248304 0.998423 0.0503557 5.85761 -0.772417 0.0511379 -0.633053 -239.384
-0.634517 -0.0229273 0.772569 517.549 0.0244334 0.998465 0.0496985 5.94248 -0.772523 0.050411 -0.632983 -241.076
-0.634447 -0.0240425 0.772592 519.601 0.0235597 0.99845 0.0504181 6.02697 -0.772607 0.0501897 -0.632898 -242.768
-0.634228 -0.0243561 0.772763 521.657 0.0240267 0.9984 0.0511872 6.11536 -0.772773 0.0510313 -0.632628 -244.464
-0.633993 -0.0257588 0.772909 523.711 0.0239044 0.998315 0.052879 6.20664 -0.772969 0.0520009 -0.632309 -246.156
-0.633774 -0.0249063 0.773117 525.763 0.0243304 0.998345 0.0521073 6.29972 -0.773135 0.0518346 -0.632119 -247.845
-0.633576 -0.0240828 0.773306 527.816 0.0255085 0.998322 0.0519898 6.39288 -0.77326 0.0526653 -0.631898 -249.537
-0.633281 -0.0243025 0.77354 529.865 0.0259819 0.998276 0.0526338 6.4868 -0.773486 0.05343 -0.631558 -251.223
-0.633046 -0.0252311 0.773703 531.926 0.0254323 0.998251 0.0533626 6.58238 -0.773696 0.053458 -0.631297 -252.916
-0.633169 -0.0250859 0.773607 533.981 0.0246904 0.998311 0.0525807 6.67737 -0.773619 0.0523932 -0.631481 -254.604
-0.633354 -0.0249919 0.773459 536.038 0.0246437 0.99832 0.0524372 6.77137 -0.77347 0.0522722 -0.631673 -256.293
-0.63342 -0.0262221 0.773364 538.095 0.0242911 0.998259 0.0537431 6.86597 -0.773427 0.0528278 -0.631681 -257.983
-0.633576 -0.027976 0.773175 540.154 0.0239181 0.99816 0.0557163 6.96491 -0.773311 0.0537934 -0.631741 -259.675
-0.63387 -0.0293073 0.772884 542.214 0.0227997 0.998139 0.0565477 7.06682 -0.773104 0.0534654 -0.632023 -261.366
-0.63415 -0.0275576 0.772718 544.268 0.0226029 0.998277 0.0541514 7.16875 -0.772879 0.0518058 -0.632435 -263.055
-0.634396 -0.0255696 0.772586 546.325 0.0221195 0.998443 0.0512077 7.26526 -0.772692 0.0495751 -0.632842 -264.748
-0.634456 -0.0252448 0.772547 548.376 0.0223693 0.998448 0.0509975 7.35715 -0.772635 0.0496369 -0.632907 -266.437
-0.634359 -0.0272289 0.772559 550.437 0.0228678 0.998281 0.0539616 7.4509 -0.7727 0.0518977 -0.632646 -268.134
-0.634377 -0.0282576 0.772507 552.496 0.023585 0.998159 0.0558796 7.55143 -0.772664 0.0536683 -0.632543 -269.832
-0.634386 -0.0272599 0.772536 554.549 0.0244537 0.99817 0.0553025 7.65453 -0.772629 0.0539744 -0.632559 -271.525
-0.634443 -0.0264389 0.772518 556.605 0.02466 0.998214 0.0544157 7.75717 -0.772576 0.0535739 -0.632657 -273.22
-0.634431 -0.0258212 0.772548 558.659 0.0252376 0.998217 0.0540894 7.8574 -0.772567 0.0538132 -0.632648 -274.914
-0.63433 -0.0254878 0.772642 560.72 0.026401 0.998159 0.054602 7.95756 -0.772611 0.0550342 -0.632489 -276.615
-0.634183 -0.0258643 0.77275 562.778 0.0272579 0.998071 0.055776 8.05804 -0.772702 0.0564357 -0.632255 -278.311
-0.633963 -0.0271127 0.772888 564.839 0.0265152 0.998036 0.05676 8.16179 -0.772908 0.056477 -0.631999 -280.009
-0.63389 -0.0272679 0.772942 566.896 0.0267291 0.998009 0.0571283 8.26792 -0.772961 0.0568731 -0.631899 -281.702
-0.633586 -0.0265924 0.773215 568.95 0.0277072 0.997988 0.0570265 8.37399 -0.773176 0.0575548 -0.631574 -283.395
-0.633211 -0.0277747 0.77348 571.015 0.0281751 0.997866 0.0588977 8.48345 -0.773466 0.0590875 -0.631078 -285.094
-0.632804 -0.0286444 0.773782 573.077 0.0269129 0.997898 0.0589505 8.59395 -0.773844 0.0581288 -0.630703 -286.787
-0.632582 -0.0304397 0.773895 575.138 0.0250604 0.9979 0.0597349 8.70515 -0.774088 0.0571813 -0.63049 -288.477
-0.632273 -0.0293937 0.774188 577.201 0.0252299 0.997969 0.058495 8.8169 -0.774335 0.0565175 -0.630247 -290.168
-0.63172 -0.0279296 0.774693 579.254 0.0265359 0.997986 0.0576184 8.92491 -0.774742 0.0569559 -0.629707 -291.853
-0.630918 -0.0268555 0.775385 581.314 0.0280014 0.997961 0.0573488 9.03162 -0.775344 0.0578942 -0.62888 -293.543
-0.630243 -0.0270749 0.775925 583.371 0.0284322 0.997916 0.0579149 9.13733 -0.775877 0.0585617 -0.628161 -295.227
-0.629679 -0.0286795 0.776326 585.438 0.0281971 0.997816 0.0597326 9.24551 -0.776343 0.0595024 -0.627495 -296.914
-0.629113 -0.027334 0.776833 587.519 0.0286465 0.997887 0.0583113 9.35321 -0.776786 0.0589379 -0.627 -298.612
-0.628436 -0.0276261 0.777371 589.549 0.0279254 0.997924 0.0580393 9.4566 -0.77736 0.0581824 -0.62636 -300.263
-0.627951 -0.0281039 0.777745 591.611 0.0272999 0.997937 0.0581025 9.56134 -0.777774 0.0577179 -0.625888 -301.938
-0.627286 -0.0284844 0.778268 593.672 0.0269162 0.997941 0.0582188 9.66681 -0.778324 0.0574678 -0.625227 -303.609
-0.626752 -0.0292957 0.778668 595.737 0.0262694 0.997931 0.0586892 9.77581 -0.778776 0.0572387 -0.624685 -305.28
-0.626329 -0.030209 0.778973 597.803 0.025046 0.997953 0.0588392 9.88367 -0.779157 0.0563628 -0.62429 -306.949
-0.625929 -0.0309629 0.779265 599.867 0.0234705 0.998011 0.0585066 9.99222 -0.779527 0.0549107 -0.623957 -308.613
-0.626087 -0.0303834 0.779161 601.934 0.022468 0.998123 0.0569757 10.0986 -0.77943 0.0531779 -0.624229 -310.281
-0.626265 -0.0311354 0.778988 604.002 0.0228114 0.998043 0.0582298 10.2068 -0.779277 0.0542371 -0.624329 -311.952
-0.626399 -0.0319301 0.778849 606.07 0.0234914 0.997934 0.059805 10.3172 -0.779149 0.055758 -0.624354 -313.624
-0.626512 -0.0331282 0.778707 608.133 0.0224494 0.997915 0.0605155 10.4302 -0.779088 0.0553952 -0.624462 -315.29
-0.626698 -0.0326468 0.778578 610.204 0.0215185 0.998016 0.0591689 10.542 -0.778965 0.0538348 -0.624752 -316.964
-0.626787 -0.0305703 0.778591 612.271 0.0220211 0.998136 0.056918 10.651 -0.77888 0.0528208 -0.624945 -318.636
-0.626606 -0.0291544 0.778791 614.332 0.0226497 0.998197 0.0555916 10.7565 -0.779007 0.0524733 -0.624815 -320.304
-0.626502 -0.0287558 0.778889 616.401 0.0230993 0.998195 0.0554323 10.8585 -0.779077 0.0527203 -0.624707 -321.978
-0.626529 -0.0301521 0.778815 618.466 0.0229495 0.998104 0.057104 10.9606 -0.77906 0.0536507 -0.624649 -323.646
-0.62649 -0.0306887 0.778825 620.535 0.0236843 0.998014 0.0583773 11.0677 -0.779069 0.0550187 -0.624519 -325.317
-0.626361 -0.0307254 0.778927 622.607 0.0240687 0.997984 0.0587207 11.177 -0.779161 0.0555281 -0.624359 -326.989
-0.62615 -0.0304762 0.779107 624.675 0.0237323 0.998028 0.0581128 11.2868 -0.779342 0.0548773 -0.624192 -328.658
-0.62591 -0.0301397 0.779313 626.746 0.0236314 0.998061 0.0575794 11.3964 -0.779537 0.0544558 -0.623984 -330.327
-0.62562 -0.0303816 0.779536 628.814 0.0239043 0.998026 0.0580815 11.5049 -0.779762 0.0549712 -0.623659 -331.994
-0.625231 -0.0303134 0.779851 630.889 0.0238043 0.99804 0.0578793 11.6123 -0.780077 0.0547517 -0.623284 -333.666
-0.624964 -0.031212 0.780029 632.959 0.0232525 0.998013 0.0585644 11.7223 -0.780307 0.0547383 -0.622997 -335.331
-0.62461 -0.0317348 0.780292 635.032 0.0226717 0.998016 0.058738 11.8319 -0.780608 0.0543789 -0.622651 -337
-0.624259 -0.0302364 0.780632 637.095 0.0229567 0.998109 0.057018 11.9409 -0.78088 0.0535147 -0.622384 -338.659
-0.623783 -0.030437 0.781005 639.166 0.0228777 0.998102 0.0571698 12.048 -0.781263 0.0535291 -0.621903 -340.323
-0.623424 -0.0310186 0.781269 641.237 0.0232121 0.998038 0.0581474 12.1556 -0.78154 0.0543853 -0.62148 -341.989
-0.62307 -0.0312245 0.781542 643.305 0.0238047 0.997983 0.0588496 12.2664 -0.781803 0.0552718 -0.62107 -343.65
-0.622634 -0.0303611 0.781924 645.375 0.0238798 0.998044 0.0577678 12.3766 -0.782149 0.0546404 -0.620691 -345.31
-0.622225 -0.0289866 0.782302 647.445 0.0242917 0.998118 0.0563042 12.4825 -0.782462 0.0540373 -0.62035 -346.969
-0.621665 -0.0284966 0.782765 649.515 0.0249798 0.998108 0.056175 12.5863 -0.782885 0.0544753 -0.619777 -348.624
-0.621031 -0.0294343 0.783233 651.591 0.0257959 0.997986 0.0579585 12.6923 -0.783361 0.0561982 -0.619021 -350.282
-0.620582 -0.030139 0.783563 653.662 0.0258284 0.997933 0.0588406 12.8004 -0.783717 0.0567535 -0.61852 -351.935
-0.620117 -0.0302396 0.783926 655.736 0.025845 0.997927 0.058939 12.9101 -0.784084 0.0568096 -0.61805 -353.587
-0.61975 -0.0309539 0.784188 657.806 0.0252674 0.997917 0.0593593 13.0202 -0.784392 0.0566024 -0.617677 -355.234
-0.619225 -0.0303723 0.784626 659.878 0.0253133 0.99796 0.0586075 13.13 -0.784805 0.0561527 -0.617193 -356.881
-0.618717 -0.0293821 0.785064 661.959 0.0252639 0.998039 0.0572638 13.2389 -0.785207 0.0552639 -0.616762 -358.533
-0.618304 -0.0289577 0.785405 664.036 0.0252106 0.998076 0.0566456 13.3467 -0.785534 0.0548248 -0.616385 -360.182
-0.618147 -0.028999 0.785527 666.112 0.024862 0.998098 0.0564108 13.4523 -0.785669 0.0543999 -0.616251 -361.829
-0.618121 -0.0295906 0.785526 668.19 0.0243001 0.998094 0.0567196 13.5581 -0.785707 0.0541479 -0.616224 -363.475
-0.618259 -0.0296184 0.785416 670.271 0.0237314 0.998131 0.0563207 13.6636 -0.785616 0.0534598 -0.6164 -365.123
-0.618526 -0.0303007 0.78518 672.351 0.0229824 0.998131 0.0566231 13.7687 -0.785428 0.0530681 -0.616674 -366.769
-0.618877 -0.0306223 0.784891 674.433 0.021938 0.998176 0.0562414 13.8741 -0.785181 0.0520254 -0.617076 -368.419
-0.619245 -0.0305987 0.784601 676.509 0.0215746 0.9982 0.0559565 13.9789 -0.784901 0.0515783 -0.61747 -370.067
-0.61959 -0.0309094 0.784317 678.588 0.0219267 0.998153 0.0566581 14.0832 -0.78462 0.0523023 -0.617767 -371.72
-0.619926 -0.0312461 0.784038 680.666 0.022298 0.998102 0.0574078 14.1885 -0.784343 0.0530711 -0.618053 -373.374
-0.620328 -0.0310654 0.783728 682.743 0.0236764 0.998018 0.0582995 14.2971 -0.783986 0.0547206 -0.618363 -375.03
-0.620487 -0.0314322 0.783587 684.82 0.0233826 0.998011 0.0585491 14.4057 -0.783868 0.0546512 -0.618518 -376.684
