1 9.04368e-12 2.32681e-11 1.11022e-16 9.04368e-12 1 2.39237e-10 3.33067e-16 2.32681e-11 2.39237e-10 1 -2.22045e-16
0.999997 -0.00222014 -0.00130394 0.00554252 0.0022236 0.999994 0.00265956 -0.0304769 0.00129803 -0.00266245 0.999996 1.52897
0.999992 -0.00300697 -0.00282582 0.00566428 0.00301695 0.999989 0.00353554 -0.0601299 0.00281516 -0.00354404 0.99999 3.05241
0.999989 -0.00212853 -0.00420582 0.00326721 0.00214175 0.999993 0.00313985 -0.0883823 0.0041991 -0.00314882 0.999986 4.56632
0.999983 -0.00152454 -0.00564389 -0.00664887 0.00154255 0.999994 0.00318833 -0.110715 0.005639 -0.00319698 0.999979 6.07941
0.999975 -0.00162583 -0.00692631 -0.0184318 0.00165108 0.999992 0.00364171 -0.131435 0.00692033 -0.00365305 0.999969 7.6153
0.999962 -0.00173969 -0.00851623 -0.0317161 0.00177227 0.999991 0.00381995 -0.152958 0.0085095 -0.0038349 0.999956 9.09912
0.999941 -0.00353593 -0.0102874 -0.04481 0.00356668 0.999989 0.00297202 -0.174369 0.0102767 -0.00300853 0.999943 10.5993
0.999921 -0.00471304 -0.0116389 -0.0619396 0.00475131 0.999983 0.00326268 -0.189033 0.0116233 -0.00331773 0.999927 12.0942
0.999905 -0.00474982 -0.0129098 -0.0819517 0.00479374 0.999983 0.00337321 -0.205787 0.0128936 -0.00343477 0.999911 13.5874
0.999892 -0.00422878 -0.014077 -0.10778 0.00427154 0.999986 0.00300902 -0.224905 0.0140641 -0.00306882 0.999896 15.0759
0.999891 -0.00262333 -0.014555 -0.138347 0.00267664 0.99999 0.00364448 -0.249241 0.0145453 -0.00368304 0.999887 16.5604
0.999887 -0.0010532 -0.0149995 -0.172757 0.00111877 0.99999 0.00436372 -0.272318 0.0149947 -0.00438001 0.999878 18.0428
0.999879 -2.45103e-05 -0.0155732 -0.205848 0.000105171 0.999987 0.00517867 -0.295776 0.0155729 -0.00517967 0.999865 19.5164
0.999872 -2.35387e-05 -0.0160092 -0.238687 0.00010975 0.999985 0.00538426 -0.313279 0.0160089 -0.00538533 0.999857 20.9897
0.999864 0.000441387 -0.0165101 -0.267875 -0.000350868 0.999985 0.00548515 -0.328015 0.0165122 -0.00547861 0.999849 22.4516
0.999862 0.00111943 -0.0165472 -0.297799 -0.00101928 0.999981 0.00605986 -0.341478 0.0165537 -0.00604216 0.999845 23.9087
0.999861 0.00204995 -0.016516 -0.32869 -0.00193114 0.999972 0.00720663 -0.3566 0.0165303 -0.00717373 0.999838 25.361
0.999862 0.00237726 -0.0164537 -0.3584 -0.00227254 0.999977 0.00638023 -0.370178 0.0164685 -0.00634196 0.999844 26.802
0.999862 0.00276909 -0.0163831 -0.388164 -0.00270831 0.999989 0.00373127 -0.390378 0.0163933 -0.00368638 0.999859 28.2351
0.99987 0.0011703 -0.0160893 -0.415687 -0.00111148 0.999993 0.0036642 -0.412746 0.0160935 -0.00364584 0.999864 29.6606
0.999875 0.000210219 -0.0158207 -0.442803 -0.000108656 0.999979 0.00642024 -0.43506 0.0158217 -0.00641772 0.999854 31.082
0.999876 -0.00146107 -0.0156508 -0.467863 0.00158674 0.999967 0.00802052 -0.453966 0.0156386 -0.00804436 0.999845 32.4934
0.999878 -0.00244809 -0.0154041 -0.493712 0.00255986 0.99997 0.00724065 -0.467809 0.0153859 -0.0072792 0.999855 33.8879
0.999885 -0.00235135 -0.0149919 -0.523018 0.00243464 0.999982 0.0055396 -0.484516 0.0149786 -0.00557546 0.999872 35.272
0.999896 -0.0015582 -0.0143559 -0.554867 0.00162139 0.999989 0.0043917 -0.50271 0.0143489 -0.00441452 0.999887 36.6397
0.999909 -0.00086657 -0.0134547 -0.583161 0.000918732 0.999992 0.00387119 -0.5237 0.0134512 -0.0038832 0.999902 37.996
0.999924 -0.000314441 -0.0123111 -0.611006 0.000370538 0.999989 0.00455459 -0.54468 0.0123096 -0.00455881 0.999914 39.3302
0.999943 0.000334161 -0.0107051 -0.635159 -0.000261009 0.999977 0.00683407 -0.565087 0.0107071 -0.00683089 0.999919 40.654
0.999959 -0.000271203 -0.00904579 -0.655974 0.00034349 0.999968 0.00799069 -0.58377 0.00904333 -0.00799347 0.999927 41.9572
0.999977 6.77791e-05 -0.00675956 -0.673187 -1.04674e-05 0.999964 0.00847828 -0.601223 0.00675989 -0.00847801 0.999941 43.2396
0.999994 5.49095e-05 -0.00336537 -0.686542 -2.6805e-05 0.999965 0.00835058 -0.617819 0.00336571 -0.00835044 0.999959 44.5029
1 -0.000784674 0.000321897 -0.693588 0.000782666 0.999981 0.00618964 -0.635024 -0.000326748 -0.00618939 0.999981 45.7441
0.999992 -0.0011001 0.00380349 -0.695957 0.00108275 0.999989 0.00455961 -0.652671 -0.00380846 -0.00455545 0.999982 46.9775
0.999969 -0.000677293 0.00786175 -0.700199 0.000636823 0.999987 0.00514912 -0.664545 -0.00786513 -0.00514395 0.999956 48.1977
0.999913 -0.000262047 0.0131583 -0.697523 0.000193742 0.999987 0.00519206 -0.678188 -0.0131595 -0.00518906 0.9999 49.4074
0.999804 0.00118535 0.0197454 -0.690361 -0.00126719 0.999991 0.00413301 -0.689998 -0.0197404 -0.00415722 0.999796 50.6055
0.999627 0.00272709 0.0271814 -0.67597 -0.00283309 0.999988 0.0038621 -0.702069 -0.0271706 -0.00393767 0.999623 51.7913
0.999359 0.00372863 0.0355936 -0.647375 -0.00391703 0.999979 0.00522464 -0.712611 -0.0355733 -0.00536071 0.999353 52.9688
0.998933 0.0059557 0.0457989 -0.609462 -0.00622112 0.999965 0.00565498 -0.723103 -0.0457636 -0.00593386 0.998935 54.133
0.998239 0.00824846 0.0587419 -0.560062 -0.00860212 0.999946 0.00577022 -0.729777 -0.0586912 -0.00626536 0.998256 55.2811
0.997244 0.0103055 0.0734669 -0.49341 -0.0107963 0.999922 0.00628657 -0.739077 -0.0733964 -0.00706242 0.997278 56.4122
0.995886 0.0126462 0.0897273 -0.411112 -0.0133612 0.999884 0.0073712 -0.746905 -0.0896236 -0.00853974 0.995939 57.5311
0.994135 0.0128782 0.107377 -0.304374 -0.0139033 0.999865 0.0088039 -0.755216 -0.107249 -0.0102452 0.994179 58.6401
0.9919 0.0125474 0.126397 -0.177259 -0.013694 0.999873 0.00820643 -0.763742 -0.126277 -0.00987083 0.991946 59.7316
0.989131 0.0116764 0.146575 -0.0302795 -0.0128209 0.999894 0.00686539 -0.770958 -0.146479 -0.00866999 0.989176 60.8073
0.985858 0.00910943 0.167337 0.141416 -0.0102913 0.999928 0.00619719 -0.780199 -0.167268 -0.00783166 0.98588 61.8684
0.981966 0.00379358 0.189023 0.342924 -0.00547134 0.99995 0.00835494 -0.790571 -0.188981 -0.00923847 0.981937 62.9129
0.977305 -0.00170923 0.211832 0.568852 -0.000474582 0.999947 0.0102579 -0.799153 -0.211839 -0.0101256 0.977252 63.9407
0.971869 -0.00688093 0.235421 0.822607 0.00469898 0.999941 0.00982807 -0.802662 -0.235475 -0.00844535 0.971844 64.949
0.965465 -0.0133116 0.260191 1.0986 0.0116658 0.999901 0.00786849 -0.805628 -0.26027 -0.00456142 0.965525 65.9348
0.958072 -0.0172853 0.286006 1.40058 0.0156288 0.999845 0.00807384 -0.804874 -0.286102 -0.00326539 0.958194 66.9039
0.949561 -0.0200555 0.312942 1.71945 0.0176251 0.999788 0.0105935 -0.809922 -0.313088 -0.00454352 0.949713 67.8562
0.93996 -0.024307 0.340418 2.07087 0.0208273 0.999687 0.0138729 -0.811622 -0.340649 -0.00594994 0.940172 68.7916
0.929172 -0.0280021 0.368586 2.44516 0.0247186 0.999602 0.0136281 -0.813126 -0.368821 -0.00355193 0.929494 69.7024
0.917215 -0.0273452 0.397452 2.83665 0.0254489 0.999626 0.0100461 -0.813915 -0.397578 0.000900293 0.917568 70.5884
0.90416 -0.0286115 0.426236 3.25365 0.0294481 0.999556 0.00462897 -0.816667 -0.426179 0.0083665 0.9046 71.4527
0.890073 -0.030669 0.454784 3.69718 0.0335367 0.999436 0.00176247 -0.821755 -0.454582 0.0136832 0.8906 72.3001
0.874523 -0.0319956 0.483927 4.16577 0.0338651 0.999414 0.00487884 -0.826572 -0.483799 0.0121216 0.875095 73.1322
0.856968 -0.0312243 0.514423 4.6564 0.0299153 0.999494 0.0108316 -0.832648 -0.514501 0.00610683 0.857468 73.9513
0.837521 -0.031354 0.545505 5.17192 0.0271662 0.999507 0.0157401 -0.837906 -0.545729 0.00163663 0.83796 74.7404
0.816496 -0.0259462 0.576768 5.70742 0.0241621 0.99965 0.0107649 -0.839716 -0.576845 0.00514637 0.816837 75.5014
0.794646 -0.0191675 0.606771 6.26739 0.0214301 0.999764 0.00351642 -0.840273 -0.606695 0.0102089 0.794869 76.2359
0.772239 -0.0164236 0.635119 6.85297 0.0205581 0.999788 0.000857031 -0.84365 -0.634999 0.012395 0.772414 76.9419
0.74905 -0.0193017 0.662232 7.46976 0.0219615 0.99975 0.00429855 -0.850715 -0.662149 0.0113238 0.749286 77.6271
0.724733 -0.0195383 0.688753 8.10284 0.0211668 0.999757 0.00608835 -0.862081 -0.688705 0.0101662 0.72497 78.2841
0.69946 -0.0182638 0.714439 8.7508 0.0226995 0.999737 0.0033336 -0.870241 -0.714311 0.0138856 0.69969 78.9059
0.67334 -0.0158172 0.739164 9.42095 0.0229092 0.999737 0.000523993 -0.876219 -0.738978 0.0165808 0.673526 79.5064
0.646403 -0.0134237 0.762878 10.1094 0.020857 0.999782 -8.02769e-05 -0.884468 -0.762711 0.0159633 0.646542 80.0816
0.61862 -0.0123959 0.785592 10.8234 0.0212002 0.999775 -0.000918805 -0.896309 -0.785404 0.0172231 0.618744 80.6343
0.590101 -0.00631338 0.807305 11.554 0.0202387 0.999771 -0.00697494 -0.910395 -0.807076 0.0204547 0.590093 81.1617
0.560245 0.00283535 0.828322 12.2982 0.0189233 0.999689 -0.0162209 -0.944079 -0.828111 0.0247623 0.560017 81.6754
0.529597 0.0112718 0.848174 13.0662 0.0183565 0.999525 -0.024745 -0.989975 -0.848051 0.0286744 0.529139 82.1784
0.498018 0.0163185 0.867013 13.8564 0.0161219 0.999476 -0.0280722 -1.04429 -0.867017 0.0279584 0.497494 82.6605
0.465662 0.0158282 0.884821 14.6709 0.0138136 0.999588 -0.025151 -1.09117 -0.884855 0.0239344 0.465251 83.1028
0.432752 0.0141852 0.901401 15.5049 0.00938612 0.999751 -0.0202391 -1.14177 -0.901464 0.0172191 0.432511 83.5264
0.398568 0.0150685 0.917015 16.3519 0.00537007 0.99981 -0.018763 -1.18292 -0.917123 0.0124028 0.398411 83.906
0.363439 0.0180194 0.931444 17.2188 -0.00132454 0.999822 -0.0188254 -1.22398 -0.931617 0.00560814 0.363398 84.2663
0.327688 0.0201955 0.94457 18.1013 -0.00674449 0.999796 -0.0190365 -1.25847 -0.944762 -0.00013262 0.327758 84.5888
0.291584 0.0193455 0.95635 19.0035 -0.00964834 0.999804 -0.0172829 -1.29292 -0.956496 -0.00418778 0.291714 84.8737
0.255416 0.0189868 0.966645 19.9203 -0.0104619 0.999803 -0.0168738 -1.33384 -0.966775 -0.0058031 0.255564 85.1229
0.219592 0.0181683 0.975422 20.8532 -0.00985478 0.999817 -0.0164041 -1.38933 -0.975542 -0.00601036 0.219731 85.3395
0.184261 0.017268 0.982726 21.7962 -0.00793929 0.999839 -0.0160801 -1.4419 -0.982845 -0.00483921 0.184369 85.5159
0.149706 0.0154833 0.988609 22.7498 -0.000462269 0.999878 -0.0155897 -1.48742 -0.98873 0.00187688 0.149695 85.654
0.116109 0.018703 0.99306 23.7041 0.00319735 0.999811 -0.019204 -1.53645 -0.993231 0.00540493 0.116028 85.7577
0.0834709 0.0244984 0.996209 24.6634 0.00360078 0.999684 -0.0248856 -1.57886 -0.996504 0.00566435 0.0833563 85.8388
0.0541149 0.0281123 0.998139 25.6262 0.0102963 0.999535 -0.0287099 -1.63741 -0.998482 0.0118308 0.0538002 85.8841
0.0284483 0.0276931 0.999212 26.5967 0.0131638 0.999519 -0.0280764 -1.68677 -0.999509 0.0139522 0.0280701 85.9035
0.00589644 0.0237638 0.9997 27.5777 0.0140803 0.999617 -0.0238449 -1.74006 -0.999883 0.0142167 0.00555957 85.9082
-0.0132289 0.0205541 0.999701 28.5606 0.0143656 0.999689 -0.0203638 -1.78558 -0.999809 0.0140919 -0.0135201 85.892
-0.0297422 0.0234391 0.999283 29.5391 0.0162923 0.999604 -0.0229617 -1.85037 -0.999425 0.0155976 -0.0301123 85.86
-0.0445117 0.0291732 0.998583 30.5206 0.0189717 0.999418 -0.0283519 -1.91004 -0.998829 0.0176828 -0.0450392 85.8096
-0.0564468 0.0331371 0.997856 31.5061 0.0233537 0.999219 -0.0318613 -1.96858 -0.998132 0.0215051 -0.0571766 85.7461
-0.0655873 0.0369684 0.997162 32.4955 0.0293616 0.998952 -0.0351035 -2.03429 -0.997415 0.0269759 -0.066604 85.6697
-0.0713318 0.0420128 0.996568 33.4852 0.0329428 0.998667 -0.0397434 -2.09651 -0.996908 0.0299947 -0.0726207 85.5875
-0.0749798 0.0473671 0.996059 34.4757 0.034848 0.998386 -0.0448545 -2.16517 -0.996576 0.0313475 -0.0765094 85.5058
-0.0777205 0.0510018 0.99567 35.4739 0.0371022 0.998147 -0.0482325 -2.23029 -0.996285 0.0331929 -0.0794688 85.4193
-0.0804109 0.0545556 0.995268 36.4741 0.0375535 0.997958 -0.051669 -2.30243 -0.996054 0.033221 -0.0822955 85.3328
-0.0827704 0.0571286 0.99493 37.4762 0.0384379 0.997796 -0.0540954 -2.37241 -0.995827 0.0337655 -0.0847839 85.2435
-0.084668 0.0612616 0.994524 38.4794 0.0395043 0.99753 -0.0580835 -2.44655 -0.995626 0.0343702 -0.0868789 85.1509
-0.0887058 0.0620583 0.994123 40.5049 0.0425221 0.997383 -0.0584676 -2.62047 -0.99515 0.0370858 -0.0911125 84.9433
-0.0911975 0.0607859 0.993976 41.5231 0.0413685 0.997505 -0.0572062 -2.70379 -0.994973 0.0359023 -0.0934845 84.8401
-0.0931804 0.0623675 0.993694 42.5415 0.0418917 0.997398 -0.0586717 -2.78243 -0.994768 0.0361605 -0.0955507 84.7334
-0.0956533 0.0642589 0.993339 43.5632 0.0406865 0.997333 -0.0605993 -2.86285 -0.994583 0.034619 -0.0980126 84.6264
-0.0982674 0.066807 0.992915 44.5916 0.0393274 0.997225 -0.0632049 -2.94705 -0.994383 0.0328378 -0.100622 84.5127
-0.100822 0.0701731 0.992427 45.6239 0.0371492 0.997079 -0.0667281 -3.03411 -0.994211 0.0301402 -0.103134 84.3962
-0.103037 0.0745455 0.99188 46.6583 0.0338304 0.996873 -0.0714064 -3.12172 -0.994102 0.0261982 -0.105237 84.2803
-0.105562 0.0771397 0.991416 47.6986 0.0315855 0.996744 -0.0741912 -3.21241 -0.993911 0.0234827 -0.107654 84.1597
-0.108252 0.0756837 0.991238 48.7426 0.0298011 0.996897 -0.0728612 -3.30068 -0.993677 0.0216527 -0.110171 84.038
-0.11134 0.0712311 0.991226 49.7977 0.0264201 0.997287 -0.068699 -3.39947 -0.993431 0.0185393 -0.11292 83.9118
-0.113916 0.0695957 0.99105 50.8513 0.0262721 0.997405 -0.0670222 -3.49122 -0.993143 0.018402 -0.115449 83.7804
-0.115825 0.0698504 0.990811 51.9071 0.0259817 0.997396 -0.0672774 -3.58133 -0.99293 0.0179505 -0.117338 83.6459
-0.11715 0.072634 0.990455 52.9628 0.0273764 0.997179 -0.0698891 -3.66847 -0.992737 0.0189276 -0.118808 83.5087
-0.117772 0.0754168 0.990173 54.0213 0.0279044 0.996969 -0.0726156 -3.75848 -0.992649 0.0190781 -0.119519 83.3701
-0.118204 0.0765969 0.990031 55.0895 0.0270811 0.996898 -0.0738949 -3.8533 -0.99262 0.0180765 -0.119912 83.2312
-0.118078 0.0748294 0.990181 56.1622 0.0237435 0.997084 -0.0725197 -3.94692 -0.99272 0.0149474 -0.11951 83.0967
-0.118312 0.0745033 0.990178 57.2365 0.0199976 0.997158 -0.0726391 -4.04344 -0.992775 0.0112071 -0.119465 82.9632
-0.118414 0.0753646 0.9901 58.3122 0.0162936 0.997129 -0.0739509 -4.13748 -0.99283 0.00737542 -0.119302 82.8319
-0.118791 0.0757044 0.990029 59.3943 0.0122576 0.997125 -0.0747763 -4.23552 -0.992843 0.0032526 -0.119378 82.6983
-0.119283 0.0748121 0.990038 60.4841 0.00864981 0.997198 -0.074311 -4.33288 -0.992823 -0.000300372 -0.119595 82.5644
-0.119676 0.0698909 0.99035 61.5895 0.00855483 0.997555 -0.0693656 -4.42769 -0.992776 0.000170871 -0.119981 82.4201
-0.119974 0.0614779 0.990872 62.692 0.0115622 0.9981 -0.0605264 -4.50744 -0.99271 0.00419503 -0.120457 82.2764
-0.119989 0.0548283 0.99126 63.8016 0.0162467 0.998448 -0.0532593 -4.57511 -0.992642 0.00971411 -0.120694 82.1266
-0.11919 0.0575356 0.991203 64.903 0.0250253 0.998177 -0.0549312 -4.63732 -0.992556 0.0182579 -0.120413 81.9717
-0.117948 0.0634904 0.990988 66.0067 0.0311751 0.997699 -0.0602099 -4.69882 -0.99253 0.0237925 -0.119656 81.8185
-0.117073 0.0691615 0.990712 67.1154 0.0345519 0.997252 -0.0655351 -4.76976 -0.992522 0.0265586 -0.119141 81.6713
-0.116345 0.0729495 0.990526 68.2284 0.0356482 0.996963 -0.0692364 -4.84816 -0.992569 0.0272551 -0.118592 81.5274
-0.116371 0.0719881 0.990594 69.3529 0.0328576 0.997103 -0.0686012 -4.92791 -0.992662 0.0245653 -0.118399 81.3883
-0.116135 0.0669142 0.990977 70.485 0.0307207 0.997493 -0.0637539 -5.01102 -0.992758 0.0230394 -0.117899 81.2487
-0.115947 0.0639435 0.991195 71.6212 0.0291613 0.997714 -0.0609529 -5.08699 -0.992827 0.0218372 -0.117547 81.1102
-0.115828 0.06476 0.991156 72.7531 0.0278044 0.997693 -0.0619379 -5.16295 -0.99288 0.0203843 -0.117361 80.9727
-0.115625 0.0692129 0.990879 73.8891 0.0280396 0.997399 -0.0663965 -5.24105 -0.992897 0.0201068 -0.117265 80.8314
-0.114933 0.0731493 0.990676 75.0276 0.0283753 0.99712 -0.0703331 -5.32383 -0.992968 0.0200272 -0.116677 80.6896
-0.114561 0.0721545 0.990792 76.1778 0.0284323 0.997188 -0.0693328 -5.40908 -0.993009 0.0202277 -0.11629 80.5475
-0.114032 0.0641185 0.991406 77.3395 0.0295717 0.997692 -0.0611237 -5.49365 -0.993037 0.0223475 -0.115665 80.4029
-0.114225 0.0632584 0.991439 78.4968 0.0293755 0.997749 -0.0602767 -5.5754 -0.99302 0.0222389 -0.115826 80.2607
-0.114117 0.0663801 0.991247 79.6539 0.0272118 0.9976 -0.0636728 -5.65329 -0.993094 0.0197074 -0.11565 80.1224
-0.113867 0.0695651 0.991058 80.8144 0.0266924 0.9974 -0.0669435 -5.73327 -0.993137 0.018831 -0.115427 79.9819
-0.113774 0.0690642 0.991103 81.9887 0.0258314 0.997449 -0.0665412 -5.82018 -0.993171 0.0180309 -0.115268 79.8408
-0.113327 0.0657866 0.991377 83.1491 0.0250235 0.997678 -0.0633442 -5.90684 -0.993243 0.0176291 -0.114711 79.7018
-0.11233 0.0645005 0.991575 84.3116 0.0258736 0.997742 -0.0619706 -5.99164 -0.993334 0.0186944 -0.113746 79.5606
-0.11087 0.0647269 0.991725 85.4813 0.0273313 0.997698 -0.0620613 -6.07344 -0.993459 0.0202244 -0.112384 79.4186
-0.109685 0.0651891 0.991827 86.6557 0.03007 0.997608 -0.0622438 -6.14334 -0.993511 0.022997 -0.111382 79.2742
-0.108518 0.0647419 0.991984 87.8431 0.0297595 0.997641 -0.0618555 -6.22009 -0.993649 0.0228084 -0.110189 79.133
-0.107126 0.0655505 0.992082 89.0303 0.0310535 0.997558 -0.0625591 -6.29272 -0.99376 0.0241059 -0.1089 78.9918
-0.106084 0.0630383 0.992357 90.2392 0.0312793 0.997706 -0.0600343 -6.37542 -0.993865 0.0246715 -0.107813 78.85
-0.10507 0.0624427 0.992503 91.4527 0.0299501 0.997773 -0.0596037 -6.45889 -0.994014 0.023463 -0.106706 78.7121
-0.10376 0.0620065 0.992668 92.6664 0.0309853 0.997772 -0.0590865 -6.54215 -0.99412 0.0246273 -0.105451 78.5734
-0.102178 0.062563 0.992797 93.8874 0.0294114 0.997774 -0.0598496 -6.62766 -0.994331 0.0230842 -0.10379 78.4378
-0.100606 0.0655306 0.992766 95.1091 0.0297859 0.99758 -0.0628299 -6.71312 -0.99448 0.0232494 -0.102314 78.3026
-0.0994543 0.0653082 0.992897 96.338 0.0280111 0.997632 -0.062814 -6.79866 -0.994648 0.021565 -0.101048 78.1715
-0.0990325 0.0626417 0.993111 97.5694 0.0238801 0.997879 -0.0605612 -6.88233 -0.994798 0.017718 -0.100318 78.0576
-0.098867 0.0637621 0.993056 98.8021 0.0214533 0.99785 -0.061934 -6.96627 -0.994869 0.0151811 -0.100022 77.9398
-0.0991525 0.0638718 0.99302 100.043 0.0188721 0.997879 -0.0622999 -7.05241 -0.994893 0.0125632 -0.100148 77.8218
-0.10023 0.0608121 0.993104 101.289 0.0160049 0.9981 -0.0595027 -7.13867 -0.994835 0.00993054 -0.101013 77.6999
-0.101508 0.0593344 0.993064 102.538 0.0138351 0.998207 -0.0582276 -7.22481 -0.994738 0.00782862 -0.102147 77.5777
-0.102841 0.0587137 0.992963 103.785 0.0121611 0.998256 -0.0577671 -7.30856 -0.994623 0.0061347 -0.103375 77.4504
-0.104556 0.0586064 0.992791 105.034 0.0118565 0.998265 -0.0576809 -7.39465 -0.994448 0.00574007 -0.10507 77.3194
-0.106828 0.0572877 0.992626 106.283 0.012154 0.998339 -0.0563095 -7.47836 -0.994203 0.00604901 -0.107346 77.1826
-0.109878 0.052358 0.992565 107.533 0.00864414 0.998624 -0.0517207 -7.56131 -0.993907 0.00289689 -0.11018 77.0473
-0.113971 0.051943 0.992125 108.774 0.00826271 0.998647 -0.0513353 -7.64133 -0.99345 0.00234693 -0.114246 76.9044
-0.119594 0.0567366 0.991201 110.002 0.00254105 0.99838 -0.056841 -7.72295 -0.99282 -0.00427914 -0.119544 76.7638
-0.126757 0.0621059 0.989988 111.239 0.00371682 0.998061 -0.0621365 -7.80797 -0.991927 -0.00419665 -0.126742 76.6079
-0.135763 0.0592363 0.988969 112.462 0.00602812 0.998242 -0.0589642 -7.89679 -0.990723 -0.00204354 -0.135882 76.437
-0.146822 0.0538387 0.987697 113.691 0.00528501 0.998546 -0.0536445 -7.98305 -0.989149 -0.00265621 -0.146893 76.2531
-0.15946 0.0556992 0.985632 114.911 0.00784204 0.998447 -0.0551547 -8.06183 -0.987173 -0.0010656 -0.159649 76.049
-0.17375 0.0563442 0.983177 116.13 0.0094535 0.998411 -0.0555466 -8.14104 -0.984744 -0.000356783 -0.174007 75.8208
-0.188426 0.0540564 0.980599 117.341 0.00952356 0.998538 -0.0532154 -8.2236 -0.982041 -0.000688371 -0.188665 75.5813
-0.203657 0.0559 0.977445 118.541 0.0145871 0.998431 -0.0540609 -8.30628 -0.978934 0.00324815 -0.204153 75.3166
-0.219063 0.0593238 0.973906 119.728 0.0146082 0.998237 -0.0575201 -8.38887 -0.975601 0.00162654 -0.219543 75.0427
-0.234389 0.0638996 0.97004 120.904 0.014935 0.997956 -0.0621298 -8.47481 -0.972028 -7.4988e-05 -0.234865 74.7513
-0.250667 0.0620853 0.96608 122.08 0.0113681 0.998061 -0.0611909 -8.56133 -0.968006 -0.00435604 -0.250887 74.4473
-0.267027 0.0555095 0.962089 123.263 0.00539891 0.99841 -0.0561067 -8.64492 -0.963674 -0.00978776 -0.266902 74.127
-0.283006 0.0511326 0.957754 124.438 0.0010877 0.998594 -0.0529915 -8.72309 -0.959117 -0.0139552 -0.282664 73.7857
-0.298454 0.0523768 0.952986 125.597 -0.000664698 0.998481 -0.0550854 -8.79914 -0.954424 -0.0170739 -0.297966 73.4272
-0.313123 0.0545016 0.948148 126.746 -0.000833962 0.998336 -0.0576619 -8.87481 -0.949712 -0.018846 -0.312556 73.048
-0.327108 0.0562372 0.943312 127.883 0.000519459 0.998238 -0.0593316 -8.95451 -0.944987 -0.0189178 -0.326561 72.6519
-0.341346 0.0566171 0.938231 129.015 0.00251448 0.998236 -0.0593233 -9.03582 -0.939935 -0.0178906 -0.340886 72.2359
-0.355554 0.0543565 0.933074 130.138 0.00202547 0.99835 -0.0573874 -9.1184 -0.934654 -0.0185144 -0.355077 71.8066
-0.370103 0.0529804 0.927479 131.254 0.00173822 0.99841 -0.0563386 -9.19909 -0.928989 -0.0192389 -0.369607 71.3617
-0.385038 0.053793 0.921332 132.355 0.000140493 0.998303 -0.0582283 -9.27912 -0.922901 -0.0222907 -0.384393 70.9045
-0.399841 0.0566513 0.914832 133.442 0.00125457 0.998121 -0.0612606 -9.35905 -0.916584 -0.0233468 -0.39916 70.4285
-0.414764 0.0578253 0.90809 134.529 0.0019579 0.998033 -0.0626585 -9.44178 -0.909927 -0.0242105 -0.414061 69.9313
-0.429146 0.0606298 0.901198 135.604 0.00453685 0.997877 -0.0649737 -9.52743 -0.903224 -0.0237946 -0.42851 69.4146
-0.444075 0.0636917 0.893723 136.676 0.00460522 0.997619 -0.0688077 -9.61488 -0.895978 -0.02644 -0.443311 68.8803
-0.459186 0.0664775 0.885849 137.742 0.0052414 0.997381 -0.0721303 -9.70459 -0.888325 -0.0284781 -0.458332 68.3285
-0.474546 0.0637754 0.877917 138.81 0.00407937 0.99752 -0.0702588 -9.79551 -0.880221 -0.0297597 -0.47363 67.7536
-0.4907 0.0595873 0.869289 139.872 0.000970229 0.997696 -0.0678415 -9.88891 -0.871328 -0.0324465 -0.489627 67.1622
-0.506806 0.0591055 0.860032 140.927 0.00032017 0.99766 -0.0683753 -9.97878 -0.86206 -0.0343776 -0.505638 66.5467
-0.522795 0.0586214 0.850441 141.967 -0.000963289 0.997591 -0.0693568 -10.0674 -0.852458 -0.0370786 -0.521479 65.9119
-0.538655 0.0574853 0.840563 143.003 -0.00176248 0.997591 -0.0693537 -10.1597 -0.842525 -0.0388392 -0.537256 65.2539
-0.554397 0.0566597 0.830321 144.031 -0.00328986 0.997523 -0.0702659 -10.2544 -0.832245 -0.0416868 -0.552838 64.5748
-0.569902 0.0563366 0.819779 145.045 -0.00376764 0.997457 -0.0711663 -10.3493 -0.821704 -0.0436465 -0.568241 63.8755
-0.585207 0.0538057 0.809097 146.054 -0.00433316 0.997574 -0.0694738 -10.4437 -0.810872 -0.0441625 -0.583554 63.1516
-0.600352 0.0498475 0.798181 147.051 -0.00469197 0.997819 -0.0658443 -10.5368 -0.799722 -0.0432748 -0.598808 62.4063
-0.615177 0.0479884 0.786927 148.036 -0.00386121 0.99795 -0.0638755 -10.6271 -0.78838 -0.0423332 -0.613731 61.6407
-0.630049 0.0467783 0.775145 149.012 -0.00443047 0.997951 -0.0638253 -10.717 -0.776543 -0.0436473 -0.628551 60.8528
-0.644853 0.0476582 0.762819 149.97 -0.00593236 0.997712 -0.0673484 -10.8087 -0.764284 -0.0479551 -0.643095 60.0493
-0.660155 0.0480729 0.749589 150.918 -0.0079591 0.997446 -0.070978 -10.9007 -0.751087 -0.0528226 -0.658087 59.2263
-0.675977 0.0438916 0.735614 151.857 -0.0102671 0.997567 -0.0689562 -10.9953 -0.736851 -0.0541654 -0.673882 58.3776
-0.692018 0.036665 0.720949 152.782 -0.013873 0.997849 -0.0640636 -11.0899 -0.721747 -0.0543349 -0.690021 57.5042
-0.708786 0.0335462 0.704625 153.688 -0.0155452 0.997883 -0.0631448 -11.1821 -0.705252 -0.0557097 -0.706764 56.6081
-0.726168 0.0317408 0.686784 154.573 -0.0170169 0.997798 -0.0641075 -11.2698 -0.687307 -0.0582398 -0.724029 55.6888
-0.743603 0.0272622 0.668065 155.437 -0.0206674 0.997754 -0.0637203 -11.3602 -0.668302 -0.0611898 -0.74137 54.7466
-0.760325 0.0253466 0.649048 156.298 -0.0209514 0.997761 -0.0635081 -11.4485 -0.649204 -0.0618853 -0.758092 53.772
-0.776394 0.0269619 0.629671 157.138 -0.0190102 0.997628 -0.0661573 -11.535 -0.629961 -0.0633342 -0.77404 52.7745
-0.791632 0.0278268 0.610364 157.947 -0.0154022 0.997736 -0.0654638 -11.6241 -0.610804 -0.0612242 -0.789411 51.7529
-0.806194 0.0280247 0.590988 158.756 -0.0117825 0.997919 -0.0633945 -11.7219 -0.591534 -0.0580715 -0.804186 50.7264
-0.820556 0.0293493 0.570812 159.535 -0.010204 0.997769 -0.0659705 -11.8201 -0.571475 -0.0599571 -0.818426 49.6874
-0.834373 0.0307332 0.550343 160.28 -0.00966692 0.997475 -0.0703588 -11.9187 -0.551115 -0.0640256 -0.831969 48.6346
-0.84736 0.0313894 0.53009 161.003 -0.00751204 0.997443 -0.0710719 -12.0213 -0.530966 -0.0642055 -0.844957 47.5606
-0.859153 0.0294733 0.510869 161.686 -0.0058675 0.997707 -0.0674278 -12.122 -0.511685 -0.0609283 -0.85701 46.4656
-0.869659 0.0303362 0.492721 162.349 -0.00447887 0.997584 -0.0693253 -12.2301 -0.493633 -0.0624961 -0.867422 45.3533
-0.879122 0.034442 0.475351 162.973 -0.000430331 0.997328 -0.0730582 -12.3314 -0.476597 -0.0644316 -0.876757 44.2291
-0.888098 0.0325163 0.458503 163.589 -0.00174603 0.997249 -0.0741052 -12.4412 -0.459651 -0.0666132 -0.885598 43.0955
-0.896348 0.0294525 0.442372 164.18 -0.00388657 0.997231 -0.0742693 -12.5529 -0.443334 -0.0682904 -0.893751 41.9467
-0.903684 0.0271489 0.427339 164.751 -0.00475084 0.997291 -0.0734044 -12.6616 -0.428175 -0.0683646 -0.901106 40.7888
-0.910246 0.0260068 0.413251 165.299 -0.00490203 0.997279 -0.0735583 -12.7715 -0.41404 -0.0689818 -0.907641 39.6217
-0.916402 0.0234305 0.399572 165.831 -0.00628231 0.99732 -0.07289 -12.8788 -0.400209 -0.0693068 -0.913799 38.4478
-0.922076 0.0185324 0.386564 166.349 -0.00892085 0.99757 -0.0691038 -12.9847 -0.386905 -0.0671675 -0.91967 37.2625
-0.927204 0.0143807 0.374281 166.852 -0.0108001 0.997821 -0.0650932 -13.0868 -0.374402 -0.0643969 -0.925028 36.0661
-0.93153 0.0150671 0.363352 167.335 -0.00834953 0.997992 -0.0627896 -13.1854 -0.363569 -0.0615242 -0.929534 34.862
-0.934786 0.0188618 0.354709 167.797 -0.00403158 0.997961 -0.0636917 -13.2796 -0.355188 -0.0609681 -0.932805 33.6581
-0.937032 0.0245755 0.348379 168.248 0.00171458 0.997833 -0.0657781 -13.3739 -0.34924 -0.0610388 -0.935043 32.4499
-0.938772 0.0288741 0.343327 168.691 0.00572056 0.997651 -0.0682613 -13.4718 -0.344492 -0.0621178 -0.936732 31.2428
-0.940626 0.0264937 0.338409 169.138 0.00373956 0.997698 -0.0677145 -13.5716 -0.339424 -0.0624285 -0.93856 30.0282
-0.942524 0.0189884 0.333599 169.575 -0.00238283 0.997977 -0.063537 -13.6718 -0.33413 -0.06068 -0.940572 28.8125
-0.94436 0.0127528 0.328667 169.97 -0.00766139 0.998124 -0.0607425 -13.7714 -0.328825 -0.0598808 -0.942491 27.5822
-0.946034 0.00664495 0.324001 170.362 -0.0145774 0.997905 -0.0630299 -13.8679 -0.323741 -0.0643515 -0.943955 26.3551
-0.947314 0.0042361 0.32028 170.749 -0.0176171 0.99771 -0.0653031 -13.9635 -0.319823 -0.0675049 -0.945069 25.1307
-0.948138 0.00464077 0.317824 171.127 -0.0179237 0.997522 -0.0680357 -14.0647 -0.317352 -0.0702039 -0.945705 23.9002
-0.948455 0.00473211 0.316877 171.513 -0.0182863 0.997405 -0.0696283 -14.1674 -0.316384 -0.0718338 -0.945908 22.6727
-0.948373 0.00778176 0.317061 171.891 -0.0155518 0.997355 -0.0709961 -14.2727 -0.316775 -0.0722617 -0.945744 21.4426
-0.948019 0.0097241 0.318064 172.263 -0.0143456 0.997211 -0.0732459 -14.3826 -0.317889 -0.0740014 -0.945236 20.2213
-0.947643 0.00982277 0.319181 172.618 -0.0149167 0.997074 -0.0749723 -14.4908 -0.318984 -0.0758081 -0.944724 19.0101
-0.947094 0.0110003 0.320766 172.995 -0.0136304 0.997132 -0.0744406 -14.5975 -0.320665 -0.0748745 -0.944229 17.7991
-0.946245 0.0115785 0.323244 173.377 -0.0132009 0.997144 -0.0743608 -14.7073 -0.323182 -0.0746306 -0.94339 16.5991
-0.944974 0.0104769 0.326979 173.783 -0.0148728 0.997078 -0.0749305 -14.8189 -0.326809 -0.0756704 -0.942056 15.4012
-0.94341 0.00913943 0.331503 174.198 -0.0158078 0.997244 -0.0724805 -14.9297 -0.331252 -0.0736191 -0.940666 14.2029
-0.941376 0.00654817 0.337296 174.627 -0.0177536 0.997465 -0.0689141 -15.0363 -0.336892 -0.0708622 -0.938873 13.0044
-0.938934 0.00489876 0.344063 175.061 -0.0192699 0.997581 -0.0667902 -15.1384 -0.343558 -0.0693416 -0.936568 11.8119
-0.936185 0.00683838 0.351442 175.493 -0.0172911 0.997704 -0.0654741 -15.2387 -0.351083 -0.0673727 -0.933917 10.6239
-0.932902 0.00763325 0.36005 175.942 -0.0174869 0.997636 -0.0664594 -15.3399 -0.359706 -0.0682962 -0.930563 9.44218
-0.929204 0.00959008 0.369441 176.4 -0.0163687 0.997614 -0.0670662 -15.443 -0.369203 -0.0683655 -0.926831 8.27014
-0.924978 0.0124372 0.379817 176.867 -0.0143328 0.997611 -0.0675723 -15.5443 -0.37975 -0.0679467 -0.92259 7.09038
-0.920088 0.014067 0.391459 177.357 -0.0137851 0.997573 -0.0682485 -15.6489 -0.391469 -0.0681909 -0.917661 5.91709
-0.914402 0.0165659 0.404469 177.861 -0.0128381 0.997473 -0.0698775 -15.749 -0.404604 -0.0690887 -0.911878 4.7515
-0.908293 0.0185138 0.417924 178.381 -0.0114929 0.997539 -0.0691684 -15.856 -0.418176 -0.0676283 -0.905845 3.58755
-0.902053 0.0180835 0.431247 178.929 -0.0119891 0.997687 -0.066914 -15.9597 -0.43146 -0.0655302 -0.899749 2.43499
-0.895435 0.0202572 0.444732 179.498 -0.0104271 0.997736 -0.0664404 -16.0575 -0.445071 -0.0641303 -0.893196 1.2863
-0.888548 0.0230431 0.458204 180.078 -0.00818433 0.997783 -0.0660495 -16.1542 -0.45871 -0.0624382 -0.886389 0.151837
-0.881182 0.024668 0.472133 180.676 -0.00611216 0.99796 -0.063549 -16.2507 -0.472738 -0.0588839 -0.879234 -0.971876
-0.873453 0.0263419 0.486196 181.288 -0.00347442 0.998173 -0.0603225 -16.3472 -0.486897 -0.0543781 -0.871765 -2.08345
-0.865266 0.0293302 0.500454 181.912 4.67687e-05 0.998292 -0.0584262 -16.4411 -0.501313 -0.0505307 -0.863789 -3.17574
-0.856111 0.0325595 0.515765 182.554 0.00356186 0.998361 -0.0571129 -16.5368 -0.516779 -0.0470579 -0.854824 -4.25248
-0.84578 0.0354732 0.532351 183.206 0.00669429 0.998414 -0.0558938 -16.6289 -0.533489 -0.0437101 -0.844677 -5.31267
-0.834778 0.0385386 0.549236 183.877 0.0100239 0.998446 -0.0548234 -16.7131 -0.550495 -0.0402599 -0.833867 -6.35654
-0.823501 0.0404344 0.565871 184.561 0.0118543 0.998466 -0.054094 -16.7888 -0.56719 -0.0378385 -0.822717 -7.38468
-0.811673 0.0425483 0.58256 185.272 0.0135769 0.998448 -0.054007 -16.8599 -0.583954 -0.0359267 -0.810991 -8.39702
-0.79894 0.0445374 0.599759 186.003 0.0153924 0.998442 -0.0536389 -16.938 -0.601213 -0.0336225 -0.798381 -9.39093
-0.785138 0.0456318 0.617638 186.751 0.017262 0.998507 -0.0518274 -17.0169 -0.619081 -0.03003 -0.784753 -10.3688
-0.769859 0.0467909 0.636496 187.524 0.0195496 0.99857 -0.0497624 -17.094 -0.637914 -0.0258668 -0.769673 -11.3224
-0.753157 0.049649 0.655965 188.316 0.0215944 0.998476 -0.0507793 -17.1748 -0.657486 -0.0240796 -0.753081 -12.2451
-0.735786 0.0525755 0.67517 189.117 0.0227998 0.99834 -0.052894 -17.2584 -0.67683 -0.0235249 -0.735763 -13.1356
-0.71792 0.0533509 0.694078 189.943 0.0225193 0.998317 -0.0534436 -17.344 -0.695761 -0.0227381 -0.717913 -14.0031
-0.698804 0.053345 0.713322 190.789 0.0224306 0.998359 -0.0526872 -17.4298 -0.714962 -0.0208178 -0.698853 -14.8445
-0.678833 0.0527076 0.732398 191.666 0.0208841 0.998403 -0.0524941 -17.5155 -0.733995 -0.0203393 -0.67885 -15.6569
-0.658347 0.0528358 0.750858 192.559 0.0191493 0.998386 -0.0534637 -17.6051 -0.752471 -0.0208193 -0.658296 -16.4366
-0.637558 0.0524061 0.768618 193.465 0.016876 0.998394 -0.0540744 -17.6881 -0.770218 -0.0215043 -0.637418 -17.1967
-0.616196 0.0521865 0.785862 194.386 0.0158718 0.998422 -0.0538569 -17.7612 -0.787433 -0.0207134 -0.616053 -17.9312
-0.593621 0.0518998 0.803069 195.323 0.0161756 0.998486 -0.0525721 -17.8329 -0.804582 -0.0182178 -0.593562 -18.6443
-0.569442 0.0521329 0.820377 196.256 0.016031 0.998501 -0.0523249 -17.9033 -0.821875 -0.0166445 -0.569425 -19.3289
-0.544003 0.0552102 0.837265 197.226 0.0180985 0.998373 -0.0540746 -17.9762 -0.838888 -0.0142635 -0.544117 -19.9808
-0.517133 0.0563298 0.85405 198.214 0.0186024 0.998336 -0.0545825 -18.0491 -0.855703 -0.012339 -0.51732 -20.6058
-0.489925 0.0548821 0.870035 199.234 0.0171619 0.99843 -0.0533172 -18.1222 -0.871595 -0.01119 -0.490098 -21.1904
-0.46184 0.0526627 0.885399 200.272 0.0161447 0.998569 -0.0509726 -18.1939 -0.886817 -0.00924662 -0.462029 -21.743
-0.432249 0.0533242 0.900176 201.311 0.0166333 0.998552 -0.0511647 -18.2704 -0.901601 -0.00714298 -0.43251 -22.2634
-0.401181 0.0558059 0.914297 202.371 0.0172558 0.998426 -0.0533693 -18.3398 -0.915836 -0.0056338 -0.401512 -22.7498
-0.369135 0.0574814 0.927597 203.448 0.0189711 0.998344 -0.0543159 -18.4036 -0.929182 -0.00245236 -0.369614 -23.2032
-0.336937 0.058175 0.939728 204.529 0.0209958 0.998305 -0.0542733 -18.4733 -0.941293 0.00144364 -0.337587 -23.6192
-0.304117 0.0574624 0.9509 205.638 0.0209953 0.998341 -0.0536145 -18.5476 -0.952403 0.00365933 -0.304819 -23.9911
-0.270402 0.0565684 0.961084 206.759 0.0227802 0.998369 -0.0523537 -18.6245 -0.962478 0.00773719 -0.271249 -24.3252
-0.236194 0.0542364 0.970191 207.905 0.0225387 0.998478 -0.0503307 -18.7035 -0.971445 0.00997903 -0.237057 -24.6144
-0.201124 0.0528715 0.978138 209.053 0.0235128 0.998515 -0.0491382 -18.7845 -0.979283 0.0131159 -0.202069 -24.8625
-0.165778 0.0520631 0.984788 210.184 0.0244545 0.998515 -0.0486722 -18.8643 -0.98586 0.0160137 -0.166805 -25.0682
-0.130022 0.0517712 0.990159 211.336 0.024938 0.998491 -0.0489321 -18.9417 -0.991197 0.0183303 -0.131117 -25.2291
-0.0941687 0.0514583 0.994225 212.489 0.0257005 0.998456 -0.0492431 -19.0202 -0.995224 0.0209149 -0.0953458 -25.3495
-0.0587371 0.0516344 0.996937 213.631 0.0246123 0.998433 -0.0502618 -19.1009 -0.99797 0.0215847 -0.0599159 -25.4245
-0.0240794 0.0514408 0.998386 214.798 0.0239569 0.998418 -0.0508647 -19.1749 -0.999423 0.0226935 -0.0252737 -25.4606
0.00957716 0.0502539 0.998691 215.958 0.022925 0.998463 -0.0504623 -19.2467 -0.999691 0.0233783 0.00841037 -25.4551
0.0427588 0.0503392 0.997816 217.117 0.0215292 0.998452 -0.0512939 -19.3254 -0.998853 0.0236755 0.0416088 -25.4075
0.0758591 0.0503344 0.995847 218.271 0.0223215 0.998389 -0.0521632 -19.4065 -0.996869 0.0261859 0.0746133 -25.3195
0.108123 0.0482552 0.992966 219.417 0.0233568 0.998422 -0.0510637 -19.4843 -0.993863 0.0287136 0.106825 -25.1995
0.139513 0.0465967 0.989123 220.572 0.0245505 0.998422 -0.0504975 -19.5646 -0.989916 0.0313285 0.138149 -25.0398
0.169906 0.0465417 0.984361 221.723 0.0257248 0.998334 -0.0516427 -19.6416 -0.985124 0.0340969 0.168426 -24.8474
0.199927 0.0463256 0.978715 222.871 0.027598 0.998219 -0.0528863 -19.7163 -0.979422 0.0375839 0.198292 -24.6235
0.229994 0.0453477 0.972135 224.021 0.0296832 0.998122 -0.0535826 -19.7906 -0.972739 0.0411797 0.228216 -24.3637
0.260294 0.043641 0.964543 225.163 0.0322291 0.998029 -0.0538535 -19.8672 -0.964991 0.045104 0.258375 -24.0686
0.290268 0.0419855 0.956024 226.3 0.0340069 0.997953 -0.054152 -19.9437 -0.956341 0.04823 0.288246 -23.7371
0.319952 0.0409286 0.946549 227.43 0.03704 0.997762 -0.0556633 -20.0206 -0.946709 0.0528698 0.31772 -23.3729
0.34859 0.0403164 0.936408 228.539 0.0374971 0.997675 -0.056913 -20.099 -0.936525 0.0549518 0.346268 -22.9704
0.376723 0.0383057 0.925534 229.649 0.038163 0.997654 -0.0568242 -20.1783 -0.925539 0.0567281 0.374377 -22.5328
0.404749 0.0372695 0.913668 230.748 0.0381919 0.997608 -0.0576123 -20.2593 -0.91363 0.0582132 0.402358 -22.0587
0.43307 0.0380896 0.900555 231.818 0.0392191 0.997364 -0.0610444 -20.3429 -0.900506 0.0617554 0.430435 -21.5549
0.46123 0.0387706 0.886433 232.887 0.0405363 0.997081 -0.064702 -20.4294 -0.886354 0.0657753 0.458312 -21.016
0.48856 0.0377147 0.871715 233.928 0.0414548 0.996934 -0.0663661 -20.5225 -0.871545 0.0685606 0.485499 -20.4439
0.515105 0.034537 0.856431 234.979 0.0422444 0.996951 -0.0656117 -20.6052 -0.856086 0.0699763 0.512075 -19.8355
0.540219 0.0323694 0.840902 236.012 0.0415652 0.997014 -0.0650813 -20.686 -0.840498 0.0701104 0.53726 -19.1942
0.56333 0.0321098 0.825608 237.02 0.0397192 0.997037 -0.0658784 -20.768 -0.825276 0.0699038 0.560386 -18.5268
0.584333 0.0321598 0.810877 238.016 0.0384082 0.996999 -0.0672192 -20.8601 -0.810605 0.0704226 0.581344 -17.8278
0.603799 0.0308278 0.79654 239 0.0373959 0.997056 -0.0669354 -20.9544 -0.796259 0.0702029 0.600869 -17.1028
0.622078 0.0282147 0.782447 239.961 0.0369162 0.997182 -0.0653079 -21.0474 -0.782084 0.0695115 0.619283 -16.3559
0.639162 0.0249006 0.768669 240.914 0.0378061 0.99725 -0.0637419 -21.1384 -0.768142 0.0698018 0.636463 -15.5847
0.655214 0.0225214 0.755107 241.849 0.0384075 0.99727 -0.0630706 -21.2269 -0.754466 0.0703265 0.65256 -14.7911
0.670549 0.0201156 0.741592 242.78 0.0400291 0.997195 -0.0632432 -21.306 -0.740784 0.0720929 0.667863 -13.9846
0.685554 0.0196579 0.727756 243.698 0.0397381 0.997135 -0.064368 -21.3918 -0.726936 0.0730474 0.682809 -13.1589
0.700546 0.0182051 0.713375 244.584 0.0401598 0.997084 -0.0648829 -21.4842 -0.712477 0.0741024 0.697772 -12.3014
0.715322 0.0160631 0.69861 245.458 0.0394598 0.997212 -0.0633325 -21.5819 -0.69768 0.0728701 0.712694 -11.4141
0.729436 0.0127157 0.683931 246.324 0.0396987 0.997355 -0.060883 -21.6651 -0.682896 0.0715614 0.727002 -10.5186
0.743388 0.0110794 0.668769 247.169 0.039515 0.997389 -0.0604475 -21.7474 -0.667693 0.0713623 0.741009 -9.60524
0.756859 0.0100109 0.653501 247.997 0.041092 0.997176 -0.0628668 -21.8302 -0.652285 0.074435 0.75431 -8.67439
0.76939 0.00969166 0.638706 248.811 0.0412642 0.997042 -0.0648362 -21.9192 -0.637445 0.07624 0.766714 -7.72309
0.780977 0.00866911 0.6245 249.608 0.0405107 0.997095 -0.0645025 -22.0094 -0.623245 0.0756739 0.778357 -6.7494
0.791924 0.00626894 0.610588 250.391 0.0406209 0.997191 -0.062923 -22.1005 -0.609267 0.0746328 0.789445 -5.75931
0.802534 0.00305039 0.596598 251.159 0.042085 0.997206 -0.0617108 -22.1918 -0.59512 0.0746328 0.800164 -4.75083
0.812446 0.00235238 0.583031 251.912 0.0422696 0.997123 -0.0629252 -22.2826 -0.581502 0.0757678 0.810009 -3.72735
0.821564 -7.95262e-05 0.570116 252.656 0.0453455 0.996841 -0.065206 -22.374 -0.56831 0.0794231 0.818972 -2.68667
0.830093 -0.00252141 0.557619 253.382 0.0469122 0.996761 -0.0653282 -22.4649 -0.555648 0.0803876 0.827522 -1.6298
0.837888 -0.00616947 0.545808 254.1 0.0489494 0.996757 -0.0638771 -22.5579 -0.543643 0.0802388 0.835472 -0.556907
0.844817 -0.00719743 0.535007 254.806 0.0498995 0.996611 -0.0653878 -22.6509 -0.532724 0.0819373 0.842313 0.534019
0.850442 -0.00899708 0.525993 255.497 0.0507661 0.996591 -0.0650336 -22.7442 -0.523614 0.0820098 0.847999 1.62872
0.854434 -0.00978229 0.519467 256.183 0.0500676 0.99672 -0.063583 -22.8391 -0.517141 0.080336 0.852121 2.74267
0.857385 -0.0113572 0.514551 256.864 0.0504989 0.996789 -0.0621439 -22.9322 -0.512193 0.0792654 0.855205 3.86241
0.860017 -0.0121174 0.510121 257.54 0.0504797 0.996834 -0.0614253 -23.0256 -0.507762 0.0785775 0.857906 4.98932
0.862497 -0.0135201 0.505881 258.214 0.0518062 0.99675 -0.0616876 -23.1163 -0.503403 0.0794131 0.860394 6.12279
0.864683 -0.0155792 0.502077 258.884 0.0525545 0.996839 -0.0595785 -23.2074 -0.499562 0.0779029 0.862768 7.26327
0.866799 -0.0177617 0.498341 259.554 0.05415 0.996808 -0.0586591 -23.2979 -0.495708 0.0778308 0.864995 8.41091
0.869076 -0.0191379 0.494308 260.218 0.0555842 0.996701 -0.0591376 -23.3875 -0.491545 0.0788708 0.867273 9.5613
0.871217 -0.0201454 0.490484 260.878 0.0563396 0.996659 -0.0591373 -23.4779 -0.487654 0.0791551 0.869441 10.7183
0.873338 -0.0198177 0.486711 261.532 0.0553241 0.996742 -0.0586867 -23.5696 -0.483963 0.0781802 0.871589 11.883
0.875451 -0.0204375 0.482876 262.183 0.0555632 0.996737 -0.0585493 -23.661 -0.480103 0.0780871 0.873729 13.0506
0.877353 -0.0202663 0.479418 262.829 0.055013 0.996768 -0.0585397 -23.7532 -0.476682 0.0777342 0.875632 14.2226
0.878694 -0.0189826 0.477007 263.468 0.0532796 0.996866 -0.0584758 -23.8449 -0.474402 0.0767971 0.876952 15.3951
0.879554 -0.0171323 0.475491 264.106 0.0508109 0.997019 -0.0580658 -23.9373 -0.473079 0.0752321 0.877802 16.5725
0.880052 -0.0167995 0.474581 264.742 0.0502475 0.997058 -0.0578832 -24.0294 -0.472212 0.0747867 0.878307 17.7459
0.880647 -0.0151362 0.473531 265.374 0.0488929 0.997057 -0.0590579 -24.1218 -0.471243 0.0751615 0.878795 18.917
0.881281 -0.0132408 0.472406 266.007 0.0475344 0.997022 -0.0607312 -24.2166 -0.470195 0.0759768 0.879286 20.0938
