1 -1.82283e-10 5.24111e-10 -5.55111e-17 -1.82283e-10 1 -5.07286e-10 -3.33067e-16 5.24111e-10 -5.07286e-10 1 2.22045e-16
0.999999 0.000712213 0.00153351 -0.011011 -0.000705572 0.99999 -0.00432704 -0.0171216 -0.00153658 0.00432595 0.999989 0.961713
0.999997 -0.00138396 0.00212927 -0.0169953 0.00139507 0.999985 -0.00522327 -0.0330416 -0.00212201 0.00522622 0.999984 1.92488
0.999993 -0.00287521 0.00219698 -0.031067 0.00287722 0.999995 -0.000911193 -0.0634185 -0.00219435 0.000917508 0.999997 2.88805
0.999989 -0.00437826 0.00142693 -0.0446274 0.00437028 0.999975 0.00554637 -0.0950362 -0.00145118 -0.00554008 0.999984 3.84831
0.999961 -0.00880074 4.93036e-05 -0.0533724 0.00880042 0.99995 0.00465958 -0.122217 -9.03079e-05 -0.00465896 0.999989 4.80655
0.999933 -0.0115412 -0.000992883 -0.0645855 0.0115428 0.999932 0.00160823 -0.144871 0.000974255 -0.00161958 0.999998 5.73896
0.999925 -0.0121085 -0.00179195 -0.0754279 0.0121059 0.999926 -0.00146327 -0.153567 0.00180954 0.00144146 0.999997 6.6764
0.999931 -0.0114826 -0.00259619 -0.0893643 0.0114771 0.999932 -0.00211561 -0.167881 0.00262031 0.00208566 0.999994 7.60616
0.999935 -0.0108246 -0.00354701 -0.101303 0.0108253 0.999941 0.000191505 -0.179166 0.00354473 -0.000229891 0.999994 8.53549
0.999927 -0.0109049 -0.00525453 -0.127557 0.0109282 0.99993 0.00442836 -0.19163 0.00520588 -0.00448546 0.999976 10.3889
0.999905 -0.012463 -0.00586803 -0.142195 0.0124929 0.999909 0.0050843 -0.199718 0.00580413 -0.00515713 0.99997 11.3395
0.999897 -0.0126307 -0.00682622 -0.154881 0.0126648 0.999907 0.00497329 -0.21556 0.00676277 -0.00505923 0.999964 12.2234
0.99987 -0.0133657 -0.00903449 -0.184906 0.0133769 0.99991 0.00117782 -0.260252 0.00901793 -0.00129852 0.999958 14.0414
0.999823 -0.0143267 -0.0121862 -0.216948 0.0143197 0.999897 -0.000661617 -0.285111 0.0121945 0.000486996 0.999926 15.8463
0.999815 -0.0115965 -0.0153612 -0.254852 0.0115727 0.999932 -0.00163367 -0.298244 0.0153791 0.00145559 0.999881 17.6348
0.999767 -0.0114842 -0.018256 -0.293743 0.011499 0.999934 0.000706148 -0.31384 0.0182467 -0.00091591 0.999833 19.4142
0.999741 -0.0113229 -0.0197588 -0.314603 0.0113456 0.999935 0.00103863 -0.323688 0.0197457 -0.00126253 0.999804 20.2948
0.999691 -0.0124678 -0.0214933 -0.333567 0.0124915 0.999921 0.000968508 -0.32204 0.0214795 -0.00123669 0.999768 21.1689
0.999653 -0.0126878 -0.0230881 -0.351775 0.0126988 0.999919 0.000331807 -0.320509 0.023082 -0.000624885 0.999733 22.0379
0.99963 -0.0126138 -0.024112 -0.372549 0.0126365 0.99992 0.000789913 -0.317219 0.0241001 -0.00109431 0.999709 22.9009
0.999607 -0.0123672 -0.0251646 -0.393368 0.0124403 0.999919 0.00274713 -0.315927 0.0251286 -0.0030591 0.99968 23.7577
0.999569 -0.0136382 -0.0259884 -0.412104 0.0137882 0.999889 0.00560131 -0.314024 0.0259091 -0.00595723 0.999646 24.6154
0.999556 -0.0132767 -0.0266752 -0.428033 0.0134667 0.999885 0.00695374 -0.305738 0.0265798 -0.00730988 0.99962 25.4422
0.999541 -0.0128249 -0.0274367 -0.447402 0.0129876 0.999899 0.00576045 -0.298849 0.0273601 -0.00611415 0.999607 26.2662
0.999537 -0.0114299 -0.0281932 -0.469077 0.0115192 0.999929 0.00300646 -0.293049 0.0281569 -0.00332984 0.999598 27.0804
0.999521 -0.010923 -0.0289697 -0.491623 0.0109682 0.999939 0.00140195 -0.293405 0.0289527 -0.00171902 0.999579 27.877
0.999501 -0.0102042 -0.0299098 -0.514723 0.0102369 0.999947 0.000938649 -0.298277 0.0298986 -0.00124437 0.999552 28.6696
0.999455 -0.0104244 -0.0313194 -0.537729 0.010446 0.999945 0.000528353 -0.303039 0.0313121 -0.000855229 0.999509 29.4547
0.999335 -0.0101399 -0.0350317 -0.58371 0.0101293 0.999949 -0.000479993 -0.289317 0.0350347 0.000124826 0.999386 30.9932
0.999183 -0.0104417 -0.039053 -0.637347 0.0105781 0.999939 0.00328943 -0.285958 0.0390163 -0.00369986 0.999232 32.4975
0.999048 -0.00821227 -0.0428388 -0.707028 0.00842561 0.999953 0.00480179 -0.298099 0.0427973 -0.00515816 0.99907 33.9623
0.998987 -0.00557044 -0.0446513 -0.747597 0.00575215 0.999976 0.00394209 -0.301181 0.0446282 -0.00419494 0.998995 34.7035
0.998845 -0.00360232 -0.0479202 -0.822501 0.00382419 0.999982 0.0045391 -0.2935 0.0479031 -0.00471711 0.998841 36.0857
0.998804 0.00060596 -0.0488941 -0.897984 -0.000270757 0.999976 0.00686204 -0.282922 0.0488971 -0.00684059 0.99878 37.4492
0.998925 0.00535212 -0.046051 -0.966244 -0.00529134 0.999985 0.00144175 -0.264395 0.046058 -0.00119653 0.998938 38.7636
0.999141 0.00692814 -0.0408479 -1.02297 -0.00692 0.999976 0.000340866 -0.254691 0.0408492 -5.79075e-05 0.999165 40.0375
0.999305 0.016416 -0.0334733 -1.08278 -0.0161809 0.999842 0.00728255 -0.255999 0.0335876 -0.00673586 0.999413 41.2921
0.999404 0.02502 -0.0237661 -1.12746 -0.0248305 0.999658 0.00823308 -0.250493 0.023964 -0.00763805 0.999684 42.4757
0.999368 0.0337243 -0.0112076 -1.15652 -0.0335932 0.999367 0.0116902 -0.246126 0.0115947 -0.0113064 0.999869 43.5924
0.999174 0.0405079 0.0032609 -1.16531 -0.0405427 0.999112 0.0114254 -0.246031 -0.00279518 -0.0115481 0.999929 44.627
0.998611 0.0493222 0.0185324 -1.16212 -0.0494762 0.998744 0.00794664 -0.23485 -0.0181171 -0.00885252 0.999797 45.5745
0.998078 0.0515156 0.034451 -1.1397 -0.0517169 0.998649 0.00497472 -0.23803 -0.0341482 -0.00674686 0.999394 46.4356
0.997338 0.0527401 0.0503472 -1.09816 -0.0531665 0.99856 0.00716638 -0.239175 -0.0498968 -0.00982409 0.998706 47.2046
0.994946 0.0643977 0.0770378 -1.03613 -0.0651073 0.997856 0.00673162 -0.244398 -0.0764391 -0.0117133 0.997005 48.1766
0.992138 0.0615226 0.108984 -0.936956 -0.0619285 0.998081 0.000340155 -0.267589 -0.108754 -0.00708667 0.994043 48.9756
0.985726 0.0662868 0.15476 -0.808431 -0.0659648 0.997796 -0.00722098 -0.286092 -0.154898 -0.00309082 0.987926 49.7497
0.975728 0.065032 0.209108 -0.629655 -0.0643337 0.997877 -0.0101467 -0.302291 -0.209324 -0.00355229 0.97784 50.4773
0.959667 0.0689229 0.272558 -0.407494 -0.0670706 0.997618 -0.0161185 -0.317908 -0.27302 -0.00281223 0.962004 51.1815
0.943611 0.0730895 0.322887 -0.221245 -0.0710264 0.997309 -0.0181842 -0.33408 -0.323347 -0.00577467 0.946263 51.6593
0.90959 0.0742777 0.408813 0.130953 -0.0710889 0.997204 -0.0230137 -0.364272 -0.40938 -0.00812912 0.912328 52.3559
0.877144 0.0714536 0.474881 0.427978 -0.0647398 0.997436 -0.0305008 -0.382435 -0.475843 -0.00399013 0.879521 52.8003
0.835427 0.0756878 0.544365 0.770108 -0.0639453 0.997131 -0.0405042 -0.402597 -0.545869 -0.000971307 0.83787 53.2441
0.783165 0.0830293 0.616246 1.17229 -0.0682823 0.996535 -0.0474897 -0.430253 -0.618054 -0.00488641 0.786121 53.6948
0.719893 0.0885777 0.68841 1.65826 -0.0713417 0.996013 -0.0535527 -0.464713 -0.690409 -0.0105602 0.723342 54.1534
0.64444 0.0850334 0.759912 2.26973 -0.065116 0.99629 -0.0562625 -0.477769 -0.761877 -0.0132246 0.647587 54.5852
0.556172 0.0847253 0.826737 2.97376 -0.059395 0.996298 -0.0621453 -0.479276 -0.828942 -0.0145406 0.559145 54.9838
0.459557 0.0816609 0.884386 3.76614 -0.0547978 0.996474 -0.0635359 -0.491392 -0.886456 -0.0192641 0.462411 55.3354
0.359734 0.0796112 0.929652 4.64142 -0.0578082 0.996341 -0.062953 -0.539618 -0.931262 -0.0310952 0.36302 55.6185
0.263613 0.0762249 0.961612 5.58554 -0.0443195 0.996777 -0.0668629 -0.595773 -0.96361 -0.0249922 0.266141 55.8023
0.177042 0.0693997 0.981753 6.61237 -0.0218062 0.997542 -0.0665834 -0.653241 -0.983962 -0.00962023 0.178121 55.9028
0.107482 0.0720421 0.991593 7.65863 -0.00885284 0.997401 -0.0715044 -0.724289 -0.994168 -0.001093 0.10784 55.9541
0.0537993 0.0680741 0.996229 8.77494 0.00467795 0.997645 -0.0684236 -0.813751 -0.998541 0.00834144 0.0533542 55.9775
0.0187463 0.0700791 0.997365 9.93325 0.0133163 0.997435 -0.0703343 -0.902062 -0.999736 0.0145997 0.0177651 55.9818
-0.00619026 0.0702977 0.997507 11.1375 0.0143148 0.99743 -0.0702034 -0.996539 -0.999878 0.0138445 -0.00718065 55.979
-0.0212226 0.0756482 0.996909 12.3828 0.0237039 0.996891 -0.0751423 -1.11719 -0.999494 0.0220359 -0.0229498 55.9295
-0.0296991 0.0723537 0.996937 13.6731 0.0215355 0.997191 -0.0717307 -1.21752 -0.999327 0.0193392 -0.0311738 55.8833
-0.0335798 0.0589657 0.997695 15.0132 0.020692 0.998085 -0.0582923 -1.31743 -0.999222 0.0186869 -0.0347356 55.8215
-0.033724 0.0592209 0.997675 16.3872 0.0264775 0.997945 -0.0583419 -1.41706 -0.99908 0.0244484 -0.0352227 55.7407
-0.0308727 0.0751268 0.996696 17.7847 0.0283233 0.996837 -0.0742601 -1.50244 -0.999122 0.0259371 -0.0329028 55.6721
-0.0266606 0.0715841 0.997078 19.2416 0.0285929 0.997079 -0.0708197 -1.59391 -0.999236 0.0266212 -0.0286295 55.615
-0.0215498 0.063297 0.997762 20.7128 0.0258558 0.997695 -0.0627344 -1.69673 -0.999433 0.024446 -0.0231367 55.569
-0.0146558 0.0743446 0.997125 22.1671 0.0359404 0.996627 -0.0737793 -1.78793 -0.999247 0.0347558 -0.0172784 55.5101
-0.00930273 0.072185 0.997348 23.6322 0.0255822 0.997082 -0.0719271 -1.89577 -0.999629 0.0248452 -0.0111222 55.5016
-0.00125191 0.0691143 0.997608 25.1116 0.0342045 0.997028 -0.0690312 -2.00847 -0.999414 0.0340362 -0.00361221 55.4636
0.00533108 0.0744607 0.99721 26.5681 0.0301778 0.996758 -0.0745883 -2.1137 -0.99953 0.0304913 0.00306673 55.4726
0.0130764 0.070485 0.997427 28.0441 0.0335133 0.996921 -0.0708886 -2.22655 -0.999353 0.034354 0.010674 55.4977
0.0207178 0.0712687 0.997242 29.5123 0.040906 0.99656 -0.0720699 -2.34389 -0.998948 0.0422862 0.0177312 55.5223
0.0270045 0.0703972 0.997153 30.9856 0.0427077 0.996525 -0.0715095 -2.44522 -0.998723 0.0445172 0.0239042 55.5486
0.0335663 0.0698587 0.996992 32.465 0.0430893 0.996525 -0.0712768 -2.53744 -0.998507 0.0453521 0.0304395 55.5847
0.039502 0.0713519 0.996669 33.951 0.0421303 0.996441 -0.0730054 -2.6206 -0.998331 0.0448738 0.0363554 55.6397
0.0442926 0.0718147 0.996434 35.4425 0.0383712 0.996555 -0.073529 -2.71189 -0.998282 0.0414911 0.0413844 55.7093
0.0507708 0.0734235 0.996008 36.9509 0.0333345 0.996614 -0.0751673 -2.81239 -0.998154 0.0370177 0.0481513 55.787
0.05735 0.0790802 0.995217 38.4657 0.0319821 0.996201 -0.0810013 -2.92299 -0.997842 0.0364745 0.054603 55.8685
0.0629784 0.0805607 0.994758 40.0022 0.0222985 0.996374 -0.0821033 -3.02432 -0.997766 0.0273523 0.0609537 55.9763
0.0706943 0.0820066 0.994121 41.5555 0.0238754 0.99619 -0.0838751 -3.13592 -0.997212 0.0296645 0.068467 56.0779
0.0783112 0.0819287 0.993557 43.1303 0.0190091 0.996313 -0.0836543 -3.24433 -0.996748 0.0254376 0.0764651 56.2033
0.088146 0.0849397 0.992479 44.7137 0.0154465 0.996121 -0.0866232 -3.35254 -0.995988 0.0229659 0.0864921 56.3439
0.1017 0.0985542 0.989921 46.3076 0.0120401 0.994886 -0.100285 -3.46124 -0.994742 0.0221178 0.0999934 56.5081
0.115801 0.0987306 0.988353 47.9141 0.00408635 0.994992 -0.0998726 -3.59247 -0.993264 0.0156041 0.114817 56.7066
0.130656 0.0938821 0.986973 49.5407 0.00368076 0.995454 -0.0951761 -3.72764 -0.991421 0.0160681 0.129717 56.9216
0.145247 0.0810152 0.986073 51.1679 -0.000726274 0.99665 -0.0817772 -3.85012 -0.989395 0.0111617 0.144819 57.1679
0.159974 0.0803585 0.983845 52.7738 -0.00105704 0.996694 -0.0812361 -3.96802 -0.987121 0.0119557 0.15953 57.4249
0.170859 0.090699 0.981112 54.3432 -0.00186003 0.995782 -0.0917312 -4.08252 -0.985294 0.0138482 0.170307 57.6985
0.175563 0.0930027 0.980065 55.1044 -0.00399212 0.995587 -0.0937605 -4.1437 -0.98446 0.0125483 0.175159 57.8375
0.180952 0.0925033 0.979132 55.8705 -0.00585599 0.99565 -0.0929816 -4.20441 -0.983475 0.0110914 0.180706 57.9795
0.186351 0.0890931 0.978435 56.6455 -0.00218008 0.995915 -0.0902696 -4.26212 -0.982481 0.0146887 0.185784 58.1203
0.190819 0.0831548 0.978097 57.3891 -0.00118356 0.996424 -0.0844821 -4.31831 -0.981625 0.0149631 0.190235 58.2625
0.193802 0.0757059 0.978115 58.1367 -0.00360671 0.997066 -0.0764581 -4.36915 -0.981034 0.0112899 0.193506 58.4136
0.196901 0.0730181 0.9777 58.876 -0.00679348 0.9973 -0.0731138 -4.4208 -0.9804 0.00775419 0.196865 58.5673
0.200084 0.0734223 0.977024 59.5996 -0.00846243 0.99728 -0.0732116 -4.46762 -0.979742 0.00638049 0.200161 58.7161
0.203463 0.0798497 0.975821 61.0132 -0.0147631 0.996806 -0.0784886 -4.56453 -0.978971 0.00156338 0.203992 59.0211
0.207446 0.0894666 0.974147 62.382 -0.0168437 0.995988 -0.0878857 -4.65759 -0.978101 0.00182333 0.208121 59.3209
0.210171 0.0909955 0.973421 63.7223 -0.0186404 0.995851 -0.0890677 -4.75876 -0.977487 0.00057446 0.210995 59.6169
0.210826 0.0882328 0.973533 64.3816 -0.0186659 0.9961 -0.0862358 -4.81471 -0.977345 8.91248e-06 0.211651 59.7602
0.211287 0.0854137 0.973685 65.0328 -0.0186539 0.996345 -0.0833537 -4.86783 -0.977246 -0.000551514 0.212108 59.9022
0.211065 0.0844319 0.973819 65.6718 -0.017923 0.996429 -0.0825076 -4.91338 -0.977308 -3.93183e-05 0.211825 60.0352
0.207777 0.0844102 0.974527 66.9221 -0.0191297 0.99643 -0.0822288 -5.01832 -0.977989 -0.00155721 0.208649 60.2984
0.203129 0.0913217 0.974884 68.1202 -0.0184278 0.995821 -0.0894434 -5.13034 -0.978979 0.000203599 0.203963 60.5544
0.199193 0.0907802 0.975746 69.3031 -0.0168397 0.99587 -0.0892147 -5.23186 -0.979816 0.00133972 0.199899 60.8031
0.194533 0.0835613 0.97733 70.45 -0.0168579 0.996502 -0.081845 -5.34276 -0.980751 -0.000554183 0.195262 61.033
0.190984 0.0845825 0.977942 71.5454 -0.00955665 0.996394 -0.084312 -5.44083 -0.981547 0.00675638 0.191104 61.2438
0.186967 0.0888358 0.978341 72.6229 -0.00644748 0.995992 -0.0892064 -5.53222 -0.982345 0.0103708 0.18679 61.4508
0.184537 0.0892681 0.978763 73.7011 -0.00488731 0.995938 -0.0899131 -5.63017 -0.982813 0.0118088 0.184224 61.657
0.187993 0.0864724 0.978356 74.7876 0.00645563 0.995986 -0.0892711 -5.7208 -0.982149 0.0230982 0.18668 61.8418
0.19342 0.0850689 0.977421 75.8867 0.00571422 0.996119 -0.0878271 -5.81706 -0.981099 0.0225728 0.192184 62.0582
0.205804 0.0846705 0.974923 76.9926 0.00622765 0.996116 -0.0878258 -5.91229 -0.978573 0.0241464 0.204478 62.2914
0.222129 0.0832311 0.971458 78.1287 0.00526111 0.996233 -0.0865566 -6.00876 -0.975003 0.0243377 0.220854 62.553
0.240991 0.0824925 0.967015 79.285 -0.000150914 0.996384 -0.0849603 -6.10787 -0.970527 0.0203288 0.240132 62.8458
0.26003 0.0886705 0.96152 80.4534 -0.00828899 0.995943 -0.0896033 -6.19282 -0.965565 0.0153296 0.259711 63.1799
0.281051 0.0925569 0.955219 81.6547 -0.0144002 0.995633 -0.092236 -6.28567 -0.959585 0.0121677 0.281157 63.5411
0.301209 0.0942342 0.94889 82.8951 -0.0184752 0.995495 -0.0929978 -6.37117 -0.953379 0.0104808 0.301593 63.9481
0.322102 0.0897335 0.942443 84.194 -0.021587 0.995935 -0.0874489 -6.45846 -0.946459 0.00782298 0.32273 64.3998
0.344023 0.077579 0.935751 85.5388 -0.0165643 0.996927 -0.0765611 -6.54501 -0.938815 0.0108387 0.344251 64.8881
0.363209 0.0704767 0.929038 86.9275 -0.0100627 0.997374 -0.0717265 -6.60505 -0.931653 0.0167031 0.362965 65.4284
0.379542 0.056992 0.923417 88.3579 0.00513861 0.997955 -0.0637045 -6.64634 -0.92516 0.0289236 0.378474 65.9934
0.394155 0.0531222 0.917507 89.7924 0.0128063 0.997914 -0.063279 -6.72536 -0.918955 0.0366916 0.392652 66.5994
0.4018 0.0591511 0.913815 90.5024 0.0155167 0.997328 -0.0713796 -6.76369 -0.915596 0.0428597 0.399808 66.9071
0.414427 0.0651304 0.907749 91.9218 0.0170539 0.996705 -0.0792988 -6.87074 -0.909923 0.0483442 0.411951 67.5593
0.422745 0.0707004 0.903486 93.2889 0.00305778 0.996835 -0.079436 -6.97518 -0.906243 0.0363438 0.421191 68.2475
0.431186 0.0783634 0.898853 94.6331 -0.00101392 0.996263 -0.0863693 -7.11002 -0.902262 0.0363299 0.429654 68.9201
0.438558 0.0795361 0.895177 95.9275 -0.00548214 0.996294 -0.0858346 -7.25968 -0.898686 0.0327359 0.437369 69.5824
0.4462 0.0735433 0.891906 97.2065 -0.00487593 0.996803 -0.0797534 -7.39853 -0.89492 0.0312371 0.445132 70.2361
0.453134 0.0746456 0.888311 98.4351 -0.00783799 0.996783 -0.0797623 -7.53316 -0.891408 0.0291805 0.452262 70.8839
0.458036 0.0730942 0.885923 99.6279 -0.00484907 0.996804 -0.0797356 -7.65021 -0.88892 0.0322259 0.456927 71.5089
0.461582 0.0719077 0.884178 100.787 -0.00429185 0.996879 -0.0788327 -7.76666 -0.887087 0.032593 0.46045 72.1255
0.466223 0.073709 0.881591 101.906 -0.00343578 0.996666 -0.0815133 -7.88334 -0.88466 0.0349744 0.464922 72.7358
0.472436 0.0723766 0.878388 102.983 0.00123413 0.996567 -0.082778 -8.00238 -0.881364 0.0401914 0.470725 73.3285
0.479124 0.0697548 0.874971 104.036 0.00553028 0.996578 -0.0824779 -8.09662 -0.87773 0.0443559 0.477098 73.9098
0.485726 0.0686568 0.871411 105.06 0.00715991 0.996565 -0.0825083 -8.18196 -0.874082 0.0463156 0.483565 74.4823
0.493061 0.0694517 0.867218 106.064 0.00841266 0.996381 -0.0845788 -8.26506 -0.869954 0.0489981 0.490692 75.054
0.502143 0.0730537 0.861694 107.059 0.00800904 0.99599 -0.0891064 -8.3631 -0.864748 0.0516455 0.499544 75.6342
0.513373 0.0859186 0.853854 108.029 -0.000721771 0.995018 -0.0996893 -8.47588 -0.858165 0.0505615 0.510877 76.2288
0.525818 0.0964842 0.845107 108.994 -0.00878676 0.994109 -0.108028 -8.58612 -0.850552 0.0493775 0.523568 76.8408
0.536489 0.0955207 0.838484 109.986 -0.0198554 0.994727 -0.100616 -8.70646 -0.843674 0.037331 0.535557 77.4899
0.547962 0.0909947 0.831539 111.013 -0.0322447 0.995625 -0.0877021 -8.81785 -0.835882 0.0212447 0.548498 78.1711
0.56051 0.0928625 0.822925 112.056 -0.0394898 0.99556 -0.0854462 -8.91537 -0.827206 0.0153963 0.561688 78.8761
0.572556 0.100137 0.813727 113.116 -0.0460095 0.994873 -0.0900549 -9.01164 -0.818574 0.0141223 0.574228 79.6277
0.58512 0.102963 0.804384 114.229 -0.0513171 0.99462 -0.0899852 -9.10537 -0.809322 0.0113735 0.587256 80.4259
0.598412 0.102655 0.794585 115.367 -0.0576681 0.994704 -0.0850787 -9.21704 -0.799111 0.0050899 0.601162 81.2845
0.61349 0.100872 0.783233 116.53 -0.0585876 0.994889 -0.0822402 -9.31781 -0.787526 0.00456576 0.616265 82.1889
0.628784 0.103812 0.770619 117.7 -0.0639298 0.994595 -0.0818209 -9.41022 -0.774948 0.00218211 0.632022 83.1511
0.640722 0.103248 0.760799 118.907 -0.065622 0.994655 -0.0797197 -9.50146 -0.764964 0.00115296 0.644072 84.1642
0.648274 0.099141 0.754925 120.164 -0.0609267 0.995062 -0.0783578 -9.59065 -0.758965 0.00480223 0.651113 85.2239
0.655783 0.0886996 0.749721 121.433 -0.0478054 0.99596 -0.0760167 -9.68294 -0.753435 0.0140097 0.657374 86.2927
0.663056 0.077366 0.744561 122.73 -0.0365242 0.996804 -0.0710501 -9.77396 -0.747679 0.0199156 0.663762 87.405
0.666368 0.0762374 0.741715 123.378 -0.0363207 0.996897 -0.0698353 -9.82035 -0.744738 0.0195964 0.667069 87.9782
0.669398 0.0778953 0.738809 124.02 -0.0371322 0.996753 -0.0714476 -9.86806 -0.741976 0.0203932 0.670116 88.5548
0.672633 0.0824403 0.73537 124.677 -0.0429609 0.996449 -0.0724134 -9.91628 -0.738728 0.0171155 0.673786 89.1605
0.675217 0.0858447 0.732607 125.311 -0.0484385 0.996221 -0.0720903 -9.9644 -0.736027 0.0131902 0.676824 89.7536
0.678132 0.0826168 0.730282 125.964 -0.0494175 0.996538 -0.0668499 -10.0137 -0.733277 0.00924435 0.679867 90.3599
0.681613 0.0797591 0.727353 126.619 -0.0520761 0.996808 -0.0605054 -10.0578 -0.729858 0.00336356 0.683591 90.9768
0.685118 0.0744981 0.724613 127.276 -0.0517177 0.997221 -0.0536264 -10.1009 -0.726594 -0.000734943 0.687066 91.5969
0.689785 0.0701866 0.720605 127.927 -0.048969 0.997534 -0.0502848 -10.1428 -0.722357 -0.000601619 0.69152 92.2182
0.694555 0.0674637 0.71627 128.582 -0.0433841 0.997709 -0.051903 -10.1842 -0.718131 0.0049748 0.695891 92.8408
0.700079 0.0644678 0.71115 129.225 -0.0326173 0.997764 -0.0583408 -10.2334 -0.71332 0.0176473 0.700616 93.4639
0.705587 0.0662676 0.705518 129.879 -0.0268309 0.997402 -0.0668501 -10.2869 -0.708115 0.0282389 0.705532 94.1064
0.711277 0.0662708 0.699781 130.506 -0.024196 0.997264 -0.0698496 -10.3407 -0.702496 0.0327505 0.710934 94.7443
0.723108 0.0558789 0.688471 131.792 -0.0171097 0.997865 -0.06302 -10.456 -0.690523 0.0337907 0.72252 96.0704
0.728491 0.0535264 0.682961 132.427 -0.0128958 0.997838 -0.064449 -10.5052 -0.684934 0.0381432 0.727606 96.742
0.733119 0.0547377 0.677895 133.059 -0.0104694 0.997546 -0.0692262 -10.5525 -0.68002 0.0436539 0.731892 97.4193
0.73675 0.0574041 0.673724 133.685 -0.0115437 0.997312 -0.0723515 -10.6043 -0.676067 0.0455277 0.735432 98.1044
0.739941 0.0533913 0.67055 134.319 -0.00916945 0.997553 -0.06931 -10.66 -0.67261 0.0451367 0.738619 98.7963
0.742389 0.0482221 0.668231 134.954 -0.00594031 0.997841 -0.0654084 -10.7155 -0.669942 0.044589 0.741073 99.4886
0.743809 0.0442224 0.666928 135.601 -0.00281046 0.998007 -0.063041 -10.7714 -0.668387 0.0450161 0.74245 100.196
0.744409 0.0398183 0.666536 136.221 0.000607543 0.998179 -0.060309 -10.82 -0.667724 0.0452994 0.743029 100.879
0.744677 0.0388685 0.666293 136.853 0.000503486 0.99827 -0.0587973 -10.8698 -0.667425 0.0441205 0.743369 101.579
0.7445 0.0390861 0.666477 137.484 -0.000706065 0.99833 -0.0577592 -10.9183 -0.667622 0.0425311 0.743285 102.28
0.743973 0.0414201 0.666925 138.121 -0.00236 0.998233 -0.0593638 -10.9687 -0.668206 0.0425911 0.742756 102.985
0.742583 0.0456601 0.668196 138.768 -0.00620482 0.9981 -0.061308 -11.0181 -0.669725 0.0413803 0.741455 103.701
0.740668 0.0490765 0.670077 139.39 -0.00965699 0.998003 -0.0624195 -11.0653 -0.671802 0.0397612 0.739663 104.383
0.73863 0.0521462 0.672091 140.021 -0.0140699 0.997979 -0.0619684 -11.1151 -0.673964 0.0363155 0.737871 105.073
0.736199 0.0530608 0.674682 140.669 -0.0159637 0.998006 -0.0610696 -11.1641 -0.676577 0.034189 0.735578 105.772
0.733858 0.0530282 0.677229 141.31 -0.0167635 0.998058 -0.0599844 -11.2153 -0.679096 0.0326673 0.733323 106.457
0.731386 0.051666 0.680004 141.947 -0.0179534 0.998239 -0.0565352 -11.2617 -0.681728 0.0291406 0.731026 107.133
0.728761 0.0479431 0.683088 142.593 -0.0142274 0.998391 -0.0548942 -11.3094 -0.684621 0.0302862 0.72827 107.806
0.725827 0.0521086 0.685901 143.23 -0.0151937 0.998098 -0.0597484 -11.3597 -0.68771 0.0329456 0.725237 108.465
0.718931 0.0681425 0.691733 144.499 -0.02214 0.996923 -0.0751962 -11.4626 -0.694729 0.0387459 0.718227 109.784
0.715198 0.0663678 0.695764 145.154 -0.0249631 0.997272 -0.0694679 -11.5214 -0.698476 0.0323149 0.714903 110.449
0.711569 0.0645983 0.69964 145.79 -0.0276909 0.997569 -0.0639433 -11.5785 -0.702071 0.0261264 0.711628 111.096
0.707998 0.0641972 0.703291 146.448 -0.0291861 0.997669 -0.0616869 -11.6336 -0.705611 0.0231479 0.708221 111.754
0.704757 0.0638536 0.706569 147.083 -0.0288203 0.997696 -0.0614167 -11.6826 -0.708863 0.0229203 0.704973 112.378
0.701735 0.0623518 0.709705 147.733 -0.0267381 0.997766 -0.0612219 -11.7322 -0.711936 0.0239853 0.701834 113.008
0.695487 0.0609642 0.715948 149.052 -0.0194347 0.997626 -0.0660703 -11.835 -0.718276 0.0320368 0.69502 114.25
0.687607 0.061945 0.723436 150.376 -0.016689 0.997439 -0.0695445 -11.9278 -0.725891 0.0357458 0.68688 115.438
0.683402 0.0634757 0.727278 151.048 -0.0185995 0.997403 -0.0695745 -11.9758 -0.729805 0.0340204 0.682808 116.037
0.678238 0.063336 0.732107 151.727 -0.0183954 0.99743 -0.0692478 -12.0241 -0.734612 0.0334991 0.67766 116.634
0.67258 0.066313 0.737047 152.404 -0.020582 0.997268 -0.0709436 -12.072 -0.739738 0.0325454 0.672107 117.222
0.659925 0.0791178 0.747155 153.774 -0.0271338 0.996301 -0.0815345 -12.1793 -0.750842 0.0335335 0.65963 118.399
0.646945 0.0760842 0.758732 155.189 -0.0281051 0.996713 -0.0759842 -12.299 -0.762019 0.0278333 0.646956 119.566
0.639751 0.0718162 0.765219 155.913 -0.034187 0.997298 -0.0650154 -12.365 -0.767821 0.0154331 0.640478 120.152
0.632432 0.0665204 0.771754 156.645 -0.0333966 0.997721 -0.0586298 -12.4265 -0.773896 0.0113054 0.633212 120.725
0.625165 0.068864 0.777449 157.384 -0.037877 0.997603 -0.0579069 -12.4764 -0.779573 0.00675392 0.626275 121.298
0.617211 0.0698832 0.783688 158.134 -0.0359904 0.997513 -0.0606054 -12.5258 -0.785974 0.00920109 0.618191 121.868
0.610859 0.0705957 0.788586 158.906 -0.0306286 0.997378 -0.0655615 -12.5837 -0.791147 0.0158955 0.611419 122.432
0.603826 0.0781516 0.793276 159.646 -0.0299334 0.996703 -0.0754081 -12.6393 -0.796554 0.0217879 0.604175 122.972
0.589179 0.0749314 0.804521 161.195 -0.0226953 0.996832 -0.0762224 -12.7776 -0.807684 0.0266498 0.589013 124.064
0.575727 0.0684654 0.81477 162.729 -0.0171063 0.997278 -0.0717142 -12.9194 -0.817463 0.0273501 0.575332 125.091
0.562443 0.0676084 0.824067 164.27 -0.0142268 0.997295 -0.0721104 -13.0553 -0.826713 0.0288342 0.561884 126.114
0.552393 0.0587265 0.831513 165.801 -0.00908532 0.99788 -0.0644408 -13.1829 -0.833534 0.0280421 0.551755 127.092
0.54334 0.0609457 0.837297 167.292 -0.0110135 0.997793 -0.0654811 -13.2998 -0.83944 0.026357 0.542812 128.052
0.536535 0.0695351 0.841008 168.764 -0.0102479 0.997063 -0.0759 -13.4243 -0.843816 0.0321044 0.535672 128.979
0.530281 0.0670964 0.845163 170.193 -0.012916 0.997387 -0.0710775 -13.549 -0.847724 0.0267749 0.529762 129.882
0.525547 0.053746 0.849065 171.621 -0.00543277 0.998194 -0.0598232 -13.6712 -0.850747 0.0268271 0.52489 130.752
0.520782 0.0556149 0.851876 173.01 0.00181277 0.997801 -0.0662499 -13.7841 -0.853688 0.036046 0.519536 131.593
0.516397 0.0709976 0.853401 174.355 -0.00246057 0.996676 -0.0814283 -13.9063 -0.856346 0.0399494 0.514855 132.418
0.511681 0.0661729 0.856623 175.69 0.000897547 0.996988 -0.077552 -14.0183 -0.859175 0.0404508 0.510081 133.218
0.504541 0.0552544 0.861618 177.007 -0.0153835 0.998367 -0.0550158 -14.134 -0.863251 0.0145031 0.504567 134.03
0.50007 0.0604214 0.863874 178.294 -0.0126698 0.997967 -0.062466 -14.2229 -0.865892 0.0202923 0.499819 134.778
0.494923 0.0612102 0.866778 179.557 -0.0120872 0.997904 -0.0635684 -14.3126 -0.868853 0.0209846 0.494626 135.505
0.489601 0.0598697 0.869889 180.78 -0.0128069 0.998026 -0.0614805 -14.4126 -0.871853 0.0189603 0.489401 136.217
0.482803 0.0620574 0.873528 181.99 -0.0102261 0.997817 -0.0652352 -14.5031 -0.875669 0.0225629 0.482383 136.891
0.473685 0.0660044 0.878217 183.167 -0.0103929 0.997537 -0.0693665 -14.591 -0.880633 0.0237306 0.473205 137.533
0.462663 0.0717959 0.883622 184.328 -0.00942421 0.997057 -0.0760782 -14.6715 -0.886484 0.0268711 0.461978 138.15
0.449633 0.0771101 0.889879 185.503 -0.00935003 0.996618 -0.081635 -14.7551 -0.893165 0.0283854 0.448833 138.753
0.435959 0.0805397 0.896356 186.702 -0.0173972 0.996556 -0.0810814 -14.845 -0.899799 0.019754 0.435858 139.356
0.422527 0.084766 0.902378 187.939 -0.0187948 0.996222 -0.084781 -14.9426 -0.906156 0.0188623 0.422524 139.942
0.407056 0.0937964 0.908575 189.198 -0.02398 0.995468 -0.0920234 -15.0391 -0.913088 0.015671 0.40746 140.527
0.392229 0.0990657 0.914518 190.496 -0.025959 0.99498 -0.0966483 -15.1458 -0.919501 0.0141683 0.392832 141.098
0.377743 0.101597 0.92032 191.845 -0.0238221 0.994699 -0.100031 -15.2638 -0.925604 0.0158619 0.378161 141.654
0.363303 0.0980878 0.926493 193.245 -0.0205705 0.995044 -0.0972792 -15.3882 -0.931444 0.0162834 0.36352 142.204
0.349265 0.0914487 0.932551 194.696 -0.0210975 0.995741 -0.0897438 -15.5137 -0.936786 0.0116699 0.349707 142.754
0.343638 0.0877646 0.934992 195.46 -0.0175116 0.996049 -0.0870597 -15.5731 -0.938939 0.0135438 0.343817 143.026
0.338236 0.0824097 0.937446 196.214 -0.01692 0.99653 -0.0814989 -15.6268 -0.940909 0.0117042 0.338457 143.294
0.332692 0.0769288 0.939893 196.986 -0.0162913 0.996987 -0.0758353 -15.682 -0.942895 0.00991774 0.332943 143.567
0.323051 0.0842788 0.942621 198.559 -0.00910914 0.996258 -0.0859525 -15.7985 -0.946338 0.0191806 0.32261 144.097
0.318693 0.0962426 0.942959 199.339 -0.00364987 0.994949 -0.100315 -15.8543 -0.947851 0.0285281 0.317435 144.35
0.310791 0.097635 0.94545 200.975 0.0084258 0.994388 -0.105458 -16.0053 -0.950441 0.0407417 0.308224 144.868
0.301442 0.0837163 0.949802 202.692 0.0173855 0.99549 -0.093261 -16.176 -0.953326 0.0446255 0.298627 145.398
0.292049 0.0997335 0.951189 204.367 0.0101155 0.99417 -0.107346 -16.3387 -0.95635 0.040972 0.289337 145.908
0.281292 0.0986361 0.954539 206.105 0.00308406 0.994605 -0.103685 -16.5161 -0.959617 0.0321097 0.279471 146.423
0.27018 0.0968105 0.95793 207.861 -0.000600256 0.994949 -0.100382 -16.6986 -0.96281 0.0265463 0.268873 146.926
0.260605 0.101388 0.960107 209.644 0.00168864 0.994421 -0.10547 -16.8739 -0.965444 0.0291073 0.25898 147.407
0.252818 0.0989246 0.962443 211.462 0.00702082 0.994545 -0.104068 -17.0544 -0.967488 0.0330675 0.250744 147.881
0.246628 0.0972627 0.964217 213.3 0.00965948 0.994655 -0.102804 -17.2338 -0.969062 0.0346681 0.24437 148.348
0.241238 0.094166 0.965887 215.157 0.00859921 0.995035 -0.0991554 -17.4111 -0.970428 0.0322259 0.23923 148.815
0.236701 0.0969429 0.966734 217.009 0.00282504 0.994937 -0.100463 -17.5891 -0.971579 0.0265107 0.235228 149.278
0.232884 0.098669 0.967486 218.86 0.0026139 0.994773 -0.102081 -17.7686 -0.972501 0.0263019 0.231409 149.726
0.230469 0.0937999 0.968548 220.72 0.00517653 0.995211 -0.0976139 -17.9462 -0.973066 0.0275107 0.22888 150.166
0.227195 0.0933394 0.969366 222.574 0.00512622 0.995268 -0.0970349 -18.1204 -0.973836 0.027015 0.225641 150.6
0.223406 0.102027 0.969371 224.412 0.00442021 0.99439 -0.105679 -18.2936 -0.974715 0.0278942 0.221701 151.022
0.217726 0.0988099 0.970995 226.273 0.00178107 0.99482 -0.101634 -18.4808 -0.976008 0.0238578 0.216423 151.446
0.210999 0.0888544 0.973439 228.104 0.00305513 0.995795 -0.0915573 -18.6551 -0.977482 0.0222924 0.20984 151.845
0.202816 0.0913267 0.974949 229.919 0.00186463 0.995603 -0.0936494 -18.8165 -0.979215 0.0208115 0.201754 152.23
0.194676 0.0908569 0.97665 231.759 0.00197154 0.995662 -0.0930186 -18.9699 -0.980866 0.020034 0.193652 152.603
0.186724 0.0893545 0.97834 233.615 0.00184635 0.995821 -0.0913035 -19.1149 -0.982411 0.0188549 0.185779 152.965
0.178555 0.0909906 0.979714 235.449 -0.00209199 0.995748 -0.0920985 -19.2612 -0.983928 0.0143951 0.177986 153.313
0.170574 0.0915834 0.981079 237.29 -0.00878186 0.995773 -0.0914282 -19.4101 -0.985306 0.00697959 0.170657 153.642
0.163344 0.10176 0.981307 239.105 -0.0160922 0.994809 -0.100482 -19.5793 -0.986438 0.000621661 0.164133 153.959
0.156437 0.100839 0.982527 240.934 -0.0191217 0.994897 -0.0990645 -19.7526 -0.987503 -0.00329026 0.157567 154.256
0.15009 0.0941024 0.984184 242.763 -0.0180963 0.995555 -0.0924299 -19.9238 -0.988507 -0.00393724 0.151126 154.535
0.143384 0.0931857 0.98527 244.576 -0.0160509 0.995645 -0.0918311 -20.0839 -0.989537 -0.00264733 0.144255 154.798
0.134407 0.0975624 0.986112 246.368 -0.0170163 0.995222 -0.0961444 -20.2453 -0.99078 -0.0038575 0.135425 155.041
0.125378 0.0878982 0.988208 248.174 -0.00704597 0.996121 -0.0877081 -20.4038 -0.992084 0.0040338 0.125511 155.252
0.11588 0.101685 0.988044 249.955 -0.00398211 0.994785 -0.101912 -20.5575 -0.993255 0.00787508 0.115681 155.453
0.110499 0.115181 0.987179 250.834 -0.00201094 0.993286 -0.115669 -20.6346 -0.993874 0.0107961 0.109989 155.542
0.104739 0.11802 0.987472 251.726 -0.00426284 0.992977 -0.118226 -20.7197 -0.994491 0.00817351 0.104507 155.633
0.0940648 0.105053 0.990008 253.514 -0.010834 0.994466 -0.104497 -20.8945 -0.995507 -0.000896293 0.0946824 155.806
0.0823982 0.100963 0.991472 255.282 -0.0161784 0.99486 -0.0999638 -21.0652 -0.996468 -0.00780354 0.0836081 155.956
0.0677538 0.0947524 0.993192 257.043 -0.0236269 0.995353 -0.0933468 -21.2238 -0.997422 -0.0171415 0.0696776 156.09
0.0539324 0.0929838 0.994206 258.791 -0.0210659 0.995539 -0.0919657 -21.3755 -0.998322 -0.0159839 0.0556506 156.185
0.0408778 0.098963 0.994251 260.527 -0.0164945 0.995014 -0.0983608 -21.5112 -0.999028 -0.0123789 0.0423063 156.258
0.0281678 0.0941774 0.995157 262.272 -0.0173607 0.995448 -0.0937135 -21.6535 -0.999452 -0.0146369 0.0296746 156.316
0.0171088 0.095466 0.995286 264.006 -0.012392 0.995375 -0.0952616 -21.7966 -0.999777 -0.0107038 0.0182127 156.345
0.00894305 0.100632 0.994884 265.729 -0.0100026 0.994883 -0.100542 -21.9412 -0.99991 -0.00905228 0.00990386 156.362
0.00484803 0.0968982 0.995282 267.459 -0.00286099 0.995291 -0.0968851 -22.0933 -0.999984 -0.00237779 0.00510243 156.36
0.00130696 0.0941239 0.99556 269.183 0.00114222 0.99556 -0.0941254 -22.2424 -0.999999 0.00126016 0.00119365 156.349
0.000388487 0.0959233 0.995389 270.039 0.00344544 0.995383 -0.0959241 -22.3169 -0.999994 0.00346681 5.61944e-05 156.344
-0.000147663 0.0973567 0.99525 270.893 0.00527004 0.995236 -0.0973546 -22.3923 -0.999986 0.00523063 -0.000660034 156.341
0.00149287 0.0998838 0.994998 272.588 0.0106565 0.994941 -0.0998941 -22.5527 -0.999942 0.0107523 0.000420903 156.33
0.00291879 0.100076 0.994975 273.437 0.0120171 0.994904 -0.100104 -22.6373 -0.999924 0.0122489 0.00170129 156.328
0.00479305 0.0998038 0.994996 274.241 0.0139722 0.994903 -0.0998619 -22.7174 -0.999891 0.0143809 0.00337414 156.328
0.00987052 0.0963434 0.995299 275.862 0.0156391 0.995211 -0.09649 -22.8778 -0.999829 0.0165179 0.00831653 156.336
0.0129805 0.0932855 0.995555 276.666 0.0156115 0.995498 -0.0934837 -22.9548 -0.999794 0.0167555 0.0114658 156.345
0.0198945 0.0882807 0.995897 278.224 0.0129854 0.995987 -0.0885481 -23.1017 -0.999718 0.0146938 0.0186683 156.378
0.0273455 0.0900024 0.995566 279.738 0.00562865 0.995909 -0.0901881 -23.2384 -0.99961 0.00806992 0.026727 156.429
0.031481 0.0901598 0.995429 280.481 0.00568249 0.995891 -0.0903813 -23.3017 -0.999488 0.0085018 0.0308393 156.455
0.0382607 0.0841035 0.995722 281.938 0.00280407 0.996439 -0.0842718 -23.4319 -0.999264 0.00601637 0.0378886 156.52
0.0459835 0.0836372 0.995435 283.338 0.00145086 0.996482 -0.0837922 -23.5516 -0.998941 0.00529729 0.0457004 156.594
0.0531502 0.0869636 0.994793 284.675 0.000354421 0.996199 -0.0871055 -23.6696 -0.998587 0.00498224 0.0529173 156.676
0.0592203 0.0898819 0.99419 285.967 -0.00420972 0.995952 -0.0897904 -23.7813 -0.998236 0.00113215 0.0593589 156.762
0.0658666 0.0915182 0.993623 287.209 -0.00783712 0.995802 -0.0911994 -23.8902 -0.997798 -0.00178014 0.0663074 156.852
0.0724077 0.0917173 0.993149 288.411 -0.00950555 0.995781 -0.0912674 -23.9958 -0.99733 -0.00283197 0.072974 156.943
0.0774882 0.0941945 0.992533 289.549 -0.0144135 0.995529 -0.0933535 -24.1017 -0.996889 -0.00707212 0.0784994 157.042
0.083714 0.0936323 0.992081 290.66 -0.0168606 0.995566 -0.0925385 -24.1967 -0.996347 -0.00898029 0.0849215 157.134
0.0896487 0.0952977 0.991404 291.728 -0.0180641 0.995404 -0.0940487 -24.2819 -0.99581 -0.00947751 0.0909581 157.229
0.0946599 0.0970135 0.990771 292.76 -0.0178612 0.995246 -0.0957452 -24.3612 -0.995349 -0.00863317 0.0959427 157.324
0.0983435 0.0998936 0.990126 293.753 -0.0199219 0.994947 -0.0984013 -24.4477 -0.994953 -0.010048 0.0998366 157.421
0.10075 0.102657 0.989601 294.725 -0.0212028 0.994658 -0.101023 -24.5375 -0.994686 -0.0108042 0.102388 157.517
0.100296 0.103696 0.989539 295.702 -0.0209076 0.994554 -0.102103 -24.6331 -0.994738 -0.0104483 0.101918 157.617
0.0978087 0.101817 0.989983 296.701 -0.0230546 0.994718 -0.100026 -24.7233 -0.994938 -0.0130402 0.0996394 157.72
0.0926004 0.109159 0.989702 298.24 -0.0132181 0.99402 -0.108399 -24.8749 -0.995616 -0.0030442 0.0934894 157.848
0.0878748 0.118002 0.989117 299.311 -0.011306 0.993013 -0.117463 -24.9696 -0.996067 -0.000860978 0.088595 157.936
0.0842679 0.115152 0.989767 300.433 -0.00653459 0.993343 -0.115011 -25.085 -0.996422 0.00322405 0.0844594 158.017
0.081399 0.108777 0.990728 301.599 0.0037923 0.993985 -0.109446 -25.2132 -0.996674 0.0126659 0.0804969 158.088
0.0761643 0.114087 0.990547 302.79 -0.00333502 0.993456 -0.114165 -25.3387 -0.99709 0.00539184 0.0760464 158.193
0.0742664 0.111138 0.991026 304.038 0.00683094 0.99369 -0.111949 -25.4672 -0.997215 0.0150837 0.0730387 158.268
0.0698381 0.112136 0.991236 305.333 0.00388992 0.993624 -0.11268 -25.5982 -0.997551 0.0117252 0.0689566 158.359
0.0662943 0.117568 0.99085 306.666 0.00125689 0.993023 -0.11791 -25.7247 -0.997799 0.00906211 0.065684 158.447
0.0625686 0.118096 0.991029 308.049 -0.00123911 0.992983 -0.118251 -25.8682 -0.99804 0.00617081 0.0622759 158.532
0.0584711 0.118827 0.991192 309.457 -0.00544354 0.992914 -0.118712 -26.0169 -0.998274 0.00154564 0.0587036 158.624
0.0556518 0.129198 0.990056 310.897 -0.000502267 0.991596 -0.12937 -26.1748 -0.99845 0.00670242 0.055249 158.698
0.0539179 0.130413 0.989992 312.381 0.00379293 0.991401 -0.130806 -26.3409 -0.998538 0.0108077 0.0529596 158.771
0.0522261 0.121498 0.991217 313.905 0.0116815 0.992429 -0.122262 -26.5205 -0.998567 0.0179642 0.0504115 158.834
0.0511363 0.122707 0.991125 314.676 0.0139469 0.992239 -0.123564 -26.6079 -0.998594 0.0201417 0.049028 158.868
0.0504446 0.12464 0.990919 315.454 0.0146358 0.991983 -0.125519 -26.6938 -0.99862 0.0208346 0.048216 158.903
0.0500959 0.124579 0.990944 317.037 0.0162711 0.991956 -0.125529 -26.8707 -0.998612 0.0224122 0.0476659 158.976
0.0520175 0.12183 0.991187 318.653 0.0174103 0.992269 -0.122877 -27.0555 -0.998494 0.0236486 0.0494942 159.053
0.0545445 0.118973 0.991398 320.302 0.0172141 0.992617 -0.120066 -27.2354 -0.998363 0.023615 0.0520938 159.14
0.0586795 0.11613 0.991499 321.983 0.0197159 0.992882 -0.117459 -27.4181 -0.998082 0.0264406 0.0559722 159.232
0.0632704 0.116195 0.991209 323.691 0.0214322 0.992812 -0.11775 -27.599 -0.997766 0.0286939 0.0603253 159.332
0.069177 0.113979 0.991072 325.435 0.0243749 0.992962 -0.115898 -27.7821 -0.997307 0.0321747 0.0659118 159.443
0.0751368 0.113485 0.990695 327.199 0.0263187 0.992931 -0.115737 -27.9679 -0.996826 0.0347699 0.0716189 159.562
0.0781708 0.114275 0.990369 328.093 0.0273351 0.992789 -0.116712 -28.0628 -0.996565 0.0361953 0.0744834 159.622
0.0810919 0.115344 0.99001 328.988 0.0266412 0.992676 -0.117837 -28.1579 -0.996351 0.0359306 0.077425 159.689
0.0837468 0.116491 0.989655 329.888 0.0237622 0.992628 -0.118852 -28.2578 -0.996204 0.0334698 0.0803613 159.763
0.0861888 0.117664 0.989306 330.789 0.0220968 0.992531 -0.119972 -28.3586 -0.996034 0.0322007 0.0829451 159.837
0.0881955 0.118185 0.989067 331.697 0.0196988 0.992535 -0.120356 -28.4599 -0.995908 0.0300982 0.0852091 159.915
0.0898193 0.116521 0.989118 332.606 0.0192551 0.992744 -0.118697 -28.5625 -0.995772 0.0297069 0.0869239 159.993
0.0928959 0.111232 0.989443 334.431 0.0193482 0.993351 -0.113488 -28.7719 -0.995488 0.0296865 0.0901261 160.159
0.0940386 0.111673 0.989286 335.346 0.0208447 0.99325 -0.114102 -28.8735 -0.99535 0.0313513 0.091076 160.242
0.0949341 0.112765 0.989076 336.259 0.0220599 0.993081 -0.115339 -28.9721 -0.995239 0.0327685 0.0917896 160.328
0.0955662 0.11071 0.989247 338.088 0.0189533 0.993413 -0.113007 -29.1731 -0.995243 0.0295492 0.0928384 160.502
0.0955573 0.108742 0.989466 338.998 0.0160864 0.993717 -0.110763 -29.2752 -0.995294 0.0265011 0.0932076 160.587
0.0958407 0.111774 0.989101 340.808 0.0142489 0.993419 -0.113642 -29.4769 -0.995295 0.0249852 0.0936173 160.751
0.0960914 0.111988 0.989053 341.712 0.013865 0.993404 -0.113828 -29.5778 -0.995276 0.0246511 0.0939048 160.834
0.0960439 0.112703 0.988976 342.616 0.0123742 0.993357 -0.114404 -29.6802 -0.9953 0.0232256 0.0940113 160.912
0.0961851 0.113105 0.988916 343.521 0.012839 0.993299 -0.114855 -29.7802 -0.995281 0.023744 0.0940884 160.989
0.0965148 0.112823 0.988916 344.424 0.0123822 0.993342 -0.114537 -29.8776 -0.995255 0.0232995 0.0944752 161.067
0.096761 0.111727 0.989017 345.328 0.0134932 0.993441 -0.113546 -29.9777 -0.995216 0.0243318 0.0946188 161.145
0.0970475 0.111995 0.988958 346.224 0.0123548 0.993437 -0.113715 -30.0771 -0.995203 0.0232541 0.0950268 161.227
0.0970942 0.115449 0.988556 347.117 0.0122795 0.993035 -0.117178 -30.1775 -0.9952 0.0235163 0.0950003 161.308
0.0983379 0.115903 0.98838 348.01 0.0156999 0.99289 -0.117994 -30.2757 -0.995029 0.0271207 0.0958191 161.391
0.0995861 0.112752 0.98862 348.906 0.0183429 0.993182 -0.11512 -30.3755 -0.99486 0.0295985 0.0968389 161.474
0.104567 0.113631 0.988005 350.698 0.0247675 0.992846 -0.116809 -30.5695 -0.994209 0.0366847 0.101004 161.637
0.107622 0.116696 0.987319 351.59 0.0288864 0.992301 -0.120433 -30.665 -0.993772 0.0414813 0.103423 161.718
0.1107 0.119868 0.986599 352.483 0.0330662 0.991706 -0.124199 -30.7603 -0.993304 0.046372 0.105819 161.798
0.113934 0.118299 0.98642 353.378 0.0349716 0.991792 -0.122982 -30.8605 -0.992873 0.0485086 0.108862 161.884
0.117272 0.118963 0.985949 354.273 0.0363177 0.991621 -0.123967 -30.961 -0.992436 0.0503452 0.111969 161.969
0.120475 0.119829 0.985457 355.17 0.0367892 0.991467 -0.125057 -31.0557 -0.992034 0.0513205 0.115039 162.053
0.123934 0.121033 0.984881 356.066 0.0368877 0.991285 -0.126462 -31.1498 -0.991605 0.0520029 0.11839 162.144
