1 1.19763e-11 1.70464e-10 1.11022e-16 1.19763e-11 1 3.5625e-10 0 1.70464e-10 3.5625e-10 1 2.22045e-16
0.999993 -0.00247504 -0.00275584 0.00117395 0.00246866 0.999994 -0.00231683 -0.0224147 0.00276156 0.00231001 0.999993 1.12761
0.999968 -0.00464869 -0.00659532 -0.0150813 0.00461282 0.999974 -0.00544397 -0.0592272 0.00662046 0.00541337 0.999963 2.2513
0.99992 -0.00831134 -0.00953907 -0.0296935 0.00823033 0.99993 -0.00850081 -0.0907827 0.00960905 0.00842162 0.999918 3.39028
0.999888 -0.00881152 -0.0120661 -0.055937 0.00871587 0.99993 -0.00795759 -0.134802 0.0121354 0.00785153 0.999896 4.5562
0.999875 -0.00658004 -0.0143906 -0.087982 0.00637428 0.999877 -0.0142978 -0.180348 0.0144829 0.0142043 0.999794 5.75129
0.999852 -0.00362383 -0.0168054 -0.123858 0.00330695 0.999817 -0.0188454 -0.218784 0.0168706 0.0187871 0.999681 6.98963
0.999826 -8.67214e-05 -0.0186653 -0.164512 5.35873e-05 0.999998 -0.00177566 -0.254263 0.0186654 0.00177435 0.999824 8.30211
0.999782 0.00338997 -0.0206175 -0.207719 -0.00327584 0.999979 0.00556673 -0.292437 0.0206359 -0.00549797 0.999772 9.66192
0.999737 0.00481293 -0.0224277 -0.253794 -0.00501339 0.999948 -0.00889058 -0.309178 0.0223837 0.00900067 0.999709 11.0642
0.999706 0.00189375 -0.0241609 -0.282116 -0.00185813 0.999997 0.0014965 -0.320701 0.0241637 -0.00145117 0.999707 12.5587
0.999686 0.000758364 -0.0250353 -0.31283 -0.000452102 0.999925 0.0122366 -0.329207 0.0250427 -0.0122215 0.999612 14.124
0.999685 -0.0021987 -0.0249978 -0.34512 0.0024139 0.99996 0.00858185 -0.32986 0.0249779 -0.00863949 0.999651 15.7488
0.999704 5.74748e-05 -0.0243265 -0.358557 6.66055e-05 0.999987 0.00509977 -0.331078 0.0243265 -0.00509988 0.999691 16.5817
0.999724 -0.00263662 -0.0233461 -0.36611 0.00263256 0.999996 -0.000204613 -0.337421 0.0233466 0.000143097 0.999727 17.4281
0.999726 -0.00554412 -0.0227279 -0.368644 0.00539978 0.999965 -0.00640746 -0.350653 0.0227626 0.00628298 0.999721 18.2881
0.999755 -0.00508593 -0.0215304 -0.381287 0.00481945 0.999911 -0.0124108 -0.364323 0.0215916 0.012304 0.999691 19.1697
0.999766 -0.00383884 -0.0212784 -0.393144 0.00355529 0.999905 -0.0133473 -0.383628 0.0213276 0.0132685 0.999684 20.0706
0.999762 -0.00342267 -0.0215359 -0.406558 0.00314813 0.999914 -0.0127693 -0.407881 0.0215777 0.0126985 0.999687 20.9906
0.999767 -0.00220444 -0.0214837 -0.419658 0.00191025 0.999904 -0.0137047 -0.435066 0.0215119 0.0136604 0.999675 21.9249
0.999773 0.000468753 -0.0213179 -0.437561 -0.000807531 0.999873 -0.0158858 -0.463143 0.0213078 0.0158994 0.999646 22.8777
0.999764 0.00401369 -0.0213359 -0.450732 -0.00437152 0.99985 -0.0167509 -0.49138 0.0212655 0.0168402 0.999632 23.8492
0.999758 0.0057912 -0.02124 -0.46864 -0.00614397 0.999844 -0.0165809 -0.520819 0.0211406 0.0167074 0.999637 24.825
0.999748 0.00665541 -0.0214639 -0.487074 -0.00700952 0.99984 -0.0164652 -0.550487 0.0213509 0.0166115 0.999634 25.8075
0.999743 0.00668404 -0.0216524 -0.505576 -0.00704381 0.999838 -0.0165821 -0.580698 0.021538 0.0167303 0.999628 26.7949
0.99973 0.00747002 -0.0220051 -0.525875 -0.00781044 0.99985 -0.0154247 -0.612311 0.0218866 0.0155924 0.999639 27.7959
0.999718 0.00816916 -0.0222987 -0.546485 -0.008472 0.999873 -0.0135203 -0.643098 0.0221855 0.0137054 0.99966 28.8031
0.999705 0.00882865 -0.0226348 -0.567916 -0.00910745 0.999884 -0.0122438 -0.673845 0.0225241 0.0124463 0.999669 29.8173
0.999705 0.00868945 -0.0226855 -0.588476 -0.00898554 0.999875 -0.0129829 -0.704807 0.0225698 0.013183 0.999658 30.8382
0.999691 0.00975837 -0.0228654 -0.611385 -0.0100838 0.999849 -0.0141613 -0.734482 0.0227238 0.0143875 0.999638 31.8666
0.999685 0.00956306 -0.0232004 -0.634186 -0.00987584 0.999861 -0.0134049 -0.765854 0.023069 0.0136298 0.999641 32.9025
0.999676 0.00885961 -0.0238781 -0.656257 -0.00911672 0.999901 -0.0106803 -0.796095 0.0237811 0.0108946 0.999658 33.9494
0.999666 0.00910342 -0.0242049 -0.679967 -0.00928008 0.999931 -0.00719627 -0.82507 0.0241377 0.00741849 0.999681 35.0044
0.999652 0.00928432 -0.024707 -0.704629 -0.00940096 0.999945 -0.00460886 -0.852128 0.0246629 0.00483953 0.999684 36.0673
0.999639 0.00921853 -0.0252368 -0.731816 -0.00932193 0.999949 -0.00398256 -0.879245 0.0251988 0.00421638 0.999674 37.1299
0.999634 0.00864036 -0.0256266 -0.750946 -0.00878544 0.999946 -0.00555415 -0.899945 0.0255772 0.00577726 0.999656 38.2016
0.999623 0.00885319 -0.0259729 -0.763742 -0.00900868 0.999942 -0.00587577 -0.91739 0.0259194 0.00610753 0.999645 39.277
0.999611 0.00863678 -0.0265076 -0.786111 -0.00877232 0.999949 -0.00500111 -0.942601 0.0264631 0.0052317 0.999636 40.3536
0.999591 0.00860104 -0.0272706 -0.811981 -0.00868329 0.999958 -0.00289895 -0.970725 0.0272446 0.00313456 0.999624 41.431
0.999574 0.00872797 -0.0278367 -0.840559 -0.00874726 0.999962 -0.000571117 -0.998351 0.0278306 0.000814369 0.999612 42.5065
0.999547 0.01022 -0.028301 -0.870911 -0.0102241 0.999948 1.82827e-06 -1.02698 0.0282995 0.000287524 0.999599 43.5805
0.999528 0.0109439 -0.0287105 -0.905996 -0.0110649 0.999931 -0.00405754 -1.04797 0.0286641 0.0043733 0.999579 44.6454
0.999509 0.0123517 -0.0288119 -0.944805 -0.0126032 0.999884 -0.00856403 -1.06523 0.0287028 0.00892294 0.999548 45.7073
0.999494 0.0131204 -0.0289777 -0.981509 -0.0133894 0.999869 -0.00911019 -1.08817 0.0288544 0.00949357 0.999539 46.7798
0.999499 0.0132426 -0.0287503 -1.0156 -0.0134304 0.99989 -0.00634808 -1.11085 0.028663 0.00673103 0.999567 47.8582
0.999492 0.0141772 -0.0285492 -1.05011 -0.0142988 0.999889 -0.00405945 -1.13138 0.0284885 0.00446561 0.999584 48.9346
0.999522 0.0120417 -0.0284736 -1.0795 -0.0121251 0.999923 -0.00275898 -1.14944 0.0284381 0.00310291 0.999591 50.0106
0.99952 0.0130068 -0.0281359 -1.11251 -0.0130806 0.999911 -0.00243936 -1.16884 0.0281017 0.00280622 0.999601 51.0892
0.999557 0.0108209 -0.0277213 -1.1429 -0.0109723 0.999926 -0.00531549 -1.18493 0.0276617 0.0056173 0.999602 52.1595
0.999547 0.0119424 -0.0276441 -1.1775 -0.0121629 0.999895 -0.00782164 -1.20027 0.0275478 0.00815432 0.999587 53.2326
0.99956 0.0109781 -0.0275639 -1.21049 -0.0112524 0.999888 -0.00981764 -1.22123 0.027453 0.0101235 0.999572 54.3065
0.999575 0.00958232 -0.0275441 -1.24879 -0.0099384 0.999868 -0.0128199 -1.24431 0.0274176 0.0130882 0.999538 55.3725
0.999593 0.00788946 -0.0274134 -1.28223 -0.00831364 0.999847 -0.0153939 -1.27219 0.0272877 0.0156156 0.999506 56.4438
0.999608 0.00648294 -0.0272499 -1.31941 -0.00684857 0.999888 -0.0133457 -1.30008 0.0271603 0.0135271 0.99954 57.5145
0.999616 0.00527276 -0.0272094 -1.35218 -0.00547226 0.999959 -0.00726299 -1.32269 0.02717 0.00740909 0.999603 58.6006
0.999629 0.00417768 -0.0269198 -1.38718 -0.00421106 0.99999 -0.00118334 -1.33902 0.0269146 0.00129626 0.999637 59.6858
0.999638 0.00250897 -0.026778 -1.41801 -0.00250631 0.999997 0.000132927 -1.35433 0.0267782 -6.57644e-05 0.999641 60.7685
0.999647 -0.000662268 -0.0265483 -1.44456 0.000579943 0.999995 -0.00310855 -1.36486 0.0265502 0.00309206 0.999643 61.8474
0.999645 -0.00254863 -0.0265105 -1.46949 0.00237954 0.999977 -0.0064079 -1.37747 0.0265262 0.00634254 0.999628 62.9251
0.999647 -0.000571014 -0.026552 -1.49992 0.000300475 0.999948 -0.0101919 -1.3958 0.0265564 0.0101803 0.999595 64.004
0.999648 -0.00130174 -0.026491 -1.52809 0.000907919 0.999889 -0.0148728 -1.41521 0.0265074 0.0148436 0.999538 65.0853
0.999661 0.00199536 -0.0259434 -1.55877 -0.00240304 0.999874 -0.0156924 -1.43624 0.0259089 0.0157494 0.99954 66.1697
0.999666 0.00684793 -0.0249266 -1.59332 -0.00714774 0.999903 -0.0119583 -1.46064 0.0248423 0.0121325 0.999618 67.2614
0.999658 0.00831283 -0.0247854 -1.62351 -0.00854964 0.999919 -0.00946368 -1.48375 0.0247047 0.00967236 0.999648 68.3497
0.99966 0.00757556 -0.0249494 -1.64924 -0.007807 0.999927 -0.00919241 -1.50193 0.024878 0.00938406 0.999646 69.4349
0.999674 0.00609603 -0.0247836 -1.67316 -0.00630283 0.999946 -0.00827454 -1.52285 0.0247318 0.00842805 0.999659 70.5223
0.999673 0.00497025 -0.0250707 -1.69757 -0.0051448 0.999963 -0.00690263 -1.54229 0.0250355 0.00702936 0.999662 71.606
0.999672 0.00339472 -0.0253687 -1.72404 -0.00352439 0.999981 -0.00506831 -1.56643 0.025351 0.00515606 0.999665 72.6896
0.999657 0.00222055 -0.0260753 -1.7546 -0.00230226 0.999992 -0.00310383 -1.59346 0.0260682 0.0031628 0.999655 73.7689
0.999643 0.00147914 -0.0266662 -1.78443 -0.00159056 0.99999 -0.00415763 -1.61895 0.0266598 0.00419856 0.999636 74.8429
0.999629 0.00160727 -0.0271864 -1.81802 -0.00182634 0.999966 -0.00803515 -1.64407 0.0271726 0.00808182 0.999598 75.9117
0.99961 0.00213381 -0.0278391 -1.85227 -0.00242465 0.999943 -0.0104178 -1.6707 0.0278153 0.0104812 0.999558 76.9801
0.999589 0.00423309 -0.0283491 -1.89275 -0.00448381 0.999951 -0.00878614 -1.7021 0.0283105 0.00890964 0.99956 78.0446
0.999568 0.00527863 -0.0289213 -1.93169 -0.00541587 0.999974 -0.00466902 -1.73165 0.0288959 0.00482363 0.999571 79.115
0.999541 0.00685325 -0.0295064 -1.9716 -0.00686901 0.999976 -0.000432693 -1.75935 0.0295027 0.000635175 0.999564 80.1804
0.999521 0.00799485 -0.0299016 -2.00925 -0.00797796 0.999968 0.000684146 -1.78003 0.0299062 -0.000445263 0.999553 81.241
0.999506 0.00779579 -0.0304481 -2.04609 -0.00784892 0.999968 -0.0016257 -1.79845 0.0304344 0.00186389 0.999535 82.2956
0.999488 0.007555 -0.0310841 -2.0822 -0.00764202 0.999967 -0.00268157 -1.81915 0.0310628 0.00291774 0.999513 83.3426
0.999475 0.00722552 -0.031576 -2.11815 -0.00730648 0.99997 -0.00244928 -1.83635 0.0315574 0.0026787 0.999498 84.3815
0.999461 0.00595598 -0.0322918 -2.15226 -0.00603165 0.999979 -0.00224656 -1.85474 0.0322778 0.00244012 0.999476 85.4064
0.999447 0.00454705 -0.0329343 -2.18721 -0.00457245 0.999989 -0.000695851 -1.87124 0.0329308 0.000846057 0.999457 86.4172
0.999431 0.00475668 -0.0333817 -2.22492 -0.00469559 0.999987 0.00190827 -1.88913 0.0333903 -0.00175044 0.999441 87.4107
0.999402 0.00401276 -0.0343463 -2.26242 -0.00390284 0.999987 0.00326692 -1.90777 0.034359 -0.00313092 0.999405 88.3826
0.999334 0.00299919 -0.036373 -2.30369 -0.00288071 0.99999 0.00330912 -1.92949 0.0363826 -0.00320213 0.999333 89.3353
0.999211 0.0021383 -0.0396507 -2.34477 -0.00203107 0.999994 0.00274449 -1.95097 0.0396564 -0.00266179 0.99921 90.2656
0.999068 0.0021867 -0.0430994 -2.39013 -0.00210783 0.999996 0.00187541 -1.97274 0.0431033 -0.00178282 0.999069 91.1707
0.998931 0.00183281 -0.0461966 -2.43474 -0.00175515 0.999997 0.0017216 -1.99364 0.0461996 -0.00163868 0.998931 92.0552
0.998777 0.00290474 -0.0493541 -2.48672 -0.00274523 0.999991 0.00329935 -2.02196 0.0493633 -0.00315982 0.998776 92.9158
0.998619 0.00394152 -0.0523813 -2.53828 -0.00372441 0.999984 0.00424169 -2.04439 0.0523972 -0.00404074 0.998618 93.754
0.998457 0.00491092 -0.055305 -2.59438 -0.00459572 0.999972 0.00582513 -2.06611 0.0553321 -0.00556198 0.998452 94.5671
0.998295 0.00642753 -0.0580203 -2.64959 -0.00604789 0.999959 0.0067164 -2.08333 0.0580611 -0.00635405 0.998293 95.3521
0.99795 0.0104533 -0.0631313 -2.76931 -0.0100676 0.999929 0.00642408 -2.12725 0.063194 -0.00577532 0.997985 96.8365
0.997572 0.0141437 -0.068196 -2.8853 -0.0142326 0.999898 -0.000817461 -2.16961 0.0681776 0.00178608 0.997672 98.1968
0.997289 0.0177734 -0.071411 -2.99255 -0.0181549 0.999824 -0.00469718 -2.21765 0.071315 0.0059809 0.997436 99.4374
0.997408 0.0240107 -0.0678255 -3.09227 -0.0242315 0.999703 -0.002434 -2.26833 0.0677469 0.00407121 0.997694 100.582
0.998086 0.0276947 -0.0552844 -3.1624 -0.0276829 0.999616 0.000980722 -2.31103 0.0552903 0.000551586 0.99847 101.636
0.99905 0.0271162 -0.0341162 -3.19672 -0.0269666 0.999625 0.00483823 -2.34906 0.0342346 -0.00391364 0.999406 102.604
0.999643 0.0260641 -0.00585681 -3.19818 -0.0260395 0.999652 0.00423867 -2.39185 0.00596525 -0.00408465 0.999974 103.487
0.999176 0.0239722 0.0327621 -3.15688 -0.023883 0.99971 -0.00311187 -2.43259 -0.0328271 0.00232685 0.999458 104.319
0.996291 0.019535 0.0838015 -3.06183 -0.0186954 0.999767 -0.010792 -2.47204 -0.0839928 0.00918532 0.996424 105.116
0.989247 0.0143784 0.145542 -2.91142 -0.0125208 0.999828 -0.0136715 -2.50749 -0.145714 0.0117022 0.989258 105.878
0.975682 0.00822485 0.219036 -2.69944 -0.0048605 0.999862 -0.0158942 -2.54859 -0.219137 0.0144431 0.975587 106.603
0.953876 0.00598915 0.30014 -2.43175 -0.000752947 0.999846 -0.0175585 -2.58537 -0.300199 0.0165226 0.953734 107.285
0.921364 0.00784169 0.388623 -2.10939 -0.00134434 0.999855 -0.016988 -2.61594 -0.388699 0.0151297 0.92124 107.927
0.878776 0.00539694 0.477204 -1.72022 0.00246853 0.999871 -0.0158539 -2.64191 -0.477228 0.01511 0.87865 108.515
0.826862 0.00707675 0.56236 -1.28283 0.00537222 0.999776 -0.0204802 -2.67047 -0.562379 0.0199554 0.826639 109.05
0.763431 0.0172109 0.64566 -0.797227 0.00153356 0.999594 -0.0284587 -2.69191 -0.645887 0.0227164 0.763095 109.549
0.687653 0.0224315 0.725693 -0.246636 0.000784208 0.999499 -0.0316381 -2.71211 -0.726039 0.0223251 0.687291 110.016
0.647228 0.0195792 0.762045 0.0557837 0.00545365 0.999526 -0.0303127 -2.72364 -0.762277 0.0237752 0.646814 110.206
0.603501 0.0173167 0.797174 0.374458 0.00670721 0.999618 -0.026792 -2.73292 -0.797334 0.0215158 0.603155 110.404
0.55748 0.0155842 0.830044 0.705109 0.00784776 0.99968 -0.02404 -2.74148 -0.830154 0.0199158 0.557179 110.568
0.459681 0.00854211 0.888043 1.40813 0.012264 0.999797 -0.0159653 -2.76427 -0.887999 0.0182299 0.459483 110.857
0.357242 0.0124074 0.933929 2.14892 0.00627494 0.999857 -0.0156835 -2.78846 -0.933991 0.0114632 0.357114 111.103
0.259821 0.0200622 0.965448 2.93463 0.00704872 0.999718 -0.0226713 -2.80653 -0.965631 0.0126956 0.259606 111.266
0.182282 0.0191825 0.983059 3.78382 0.0217719 0.999486 -0.02354 -2.82981 -0.983005 0.025694 0.181771 111.364
0.1229 0.0193191 0.992231 4.69076 0.0254509 0.99942 -0.0226115 -2.85696 -0.992093 0.0280321 0.122337 111.447
0.0726194 0.0121444 0.997286 5.67265 0.0137203 0.999819 -0.0131744 -2.88606 -0.997265 0.0146397 0.0724397 111.518
0.0291382 0.0091317 0.999534 6.72852 0.0246129 0.999649 -0.00985026 -2.91716 -0.999272 0.0248884 0.0289032 111.518
-0.00355324 0.0169093 0.999851 7.85534 0.0315802 0.99936 -0.0167888 -2.93574 -0.999495 0.0315158 -0.00408497 111.49
-0.0219808 0.0225808 0.999503 9.06575 0.0308125 0.999285 -0.0218983 -2.95343 -0.999283 0.0303158 -0.0226608 111.462
-0.0247879 0.0173968 0.999541 10.3653 0.0392062 0.999096 -0.0164168 -2.98025 -0.998924 0.0387813 -0.0254476 111.412
-0.0217481 0.0163942 0.999629 11.7305 0.0341529 0.999294 -0.0156457 -3.00975 -0.99918 0.0337999 -0.0222927 111.391
-0.0199366 0.0188365 0.999624 13.1636 0.0331934 0.999284 -0.0181681 -3.03435 -0.99925 0.0328187 -0.0205475 111.361
-0.0187544 0.0170365 0.999679 14.6583 0.031611 0.999365 -0.0164381 -3.07288 -0.999324 0.0312926 -0.0192811 111.336
-0.0188061 0.0135192 0.999732 16.2008 0.0333232 0.999362 -0.0128874 -3.11818 -0.999268 0.0330719 -0.0192446 111.309
-0.0218027 0.0109506 0.999702 17.7675 0.0296103 0.999508 -0.0103027 -3.16064 -0.999324 0.0293769 -0.0221163 111.276
-0.0244795 0.00729377 0.999674 19.3715 0.0347378 0.999376 -0.00644096 -3.19365 -0.999097 0.0345688 -0.0247176 111.225
-0.0274242 0.00993906 0.999575 21.0056 0.0277744 0.999572 -0.00917703 -3.2323 -0.999238 0.0275109 -0.0276885 111.189
-0.0287754 0.0169382 0.999442 22.6584 0.02998 0.999421 -0.0160747 -3.27315 -0.999136 0.0295007 -0.0292665 111.15
-0.030614 0.0107132 0.999474 24.3382 0.0232998 0.999679 -0.0100017 -3.32637 -0.99926 0.0229814 -0.0308537 111.128
-0.0304909 -0.00053499 0.999535 26.0272 0.0183737 0.999831 0.00109564 -3.37042 -0.999366 0.0183986 -0.0304759 111.099
-0.0294046 0.00338442 0.999562 27.6965 0.017708 0.999839 -0.00286444 -3.41765 -0.999411 0.017616 -0.0294598 111.067
-0.0276504 0.0220375 0.999375 29.3403 0.0226064 0.999515 -0.0214152 -3.46465 -0.999362 0.0220001 -0.0281352 111.019
-0.0263611 0.016155 0.999522 30.1718 0.023802 0.999596 -0.0155284 -3.49475 -0.999369 0.0233813 -0.026735 110.996
-0.0251162 0.00784271 0.999654 31.0029 0.0264417 0.999625 -0.00717814 -3.52464 -0.999335 0.0262522 -0.0253142 110.973
-0.0245215 0.00504821 0.999687 31.8244 0.0281259 0.999595 -0.00435784 -3.55039 -0.999304 0.0280103 -0.0246535 110.95
-0.0244843 0.00562508 0.999684 32.6373 0.027254 0.999616 -0.0049572 -3.57401 -0.999329 0.027124 -0.0246282 110.931
-0.0252088 0.00643817 0.999661 33.4496 0.0242846 0.999688 -0.00582595 -3.59738 -0.999387 0.0241295 -0.0253573 110.915
-0.0271111 0.00683151 0.999609 34.2556 0.0223553 0.999731 -0.00622604 -3.6195 -0.999382 0.0221778 -0.0272565 110.896
-0.0290714 0.00627248 0.999558 35.0597 0.0216493 0.99975 -0.00564403 -3.64338 -0.999343 0.0214756 -0.0291999 110.874
-0.0311825 0.00705368 0.999489 35.8595 0.0209451 0.99976 -0.00640215 -3.669 -0.999294 0.0207347 -0.0313227 110.852
-0.0332314 0.00728097 0.999421 36.6557 0.0190923 0.999796 -0.00664887 -3.69232 -0.999265 0.0188602 -0.0333636 110.832
-0.0352876 0.00654835 0.999356 37.4503 0.0170213 0.999837 -0.00595048 -3.71327 -0.999232 0.0168003 -0.0353933 110.812
-0.0373282 0.00498927 0.999291 38.2406 0.0174757 0.999838 -0.00433921 -3.73939 -0.99915 0.0173013 -0.0374093 110.788
-0.0411417 0.00591387 0.999136 39.8044 0.0169543 0.999843 -0.00521993 -3.78891 -0.999009 0.0167249 -0.0412355 110.731
-0.0421329 0.00677993 0.999089 40.5755 0.0175292 0.999828 -0.00604572 -3.8113 -0.998958 0.0172585 -0.0422445 110.698
-0.0433509 0.00546253 0.999045 41.3483 0.0195343 0.999799 -0.00461901 -3.83487 -0.998869 0.0193155 -0.0434489 110.662
-0.0461308 0.0037923 0.998928 42.8761 0.0186542 0.999822 -0.00293424 -3.88545 -0.998761 0.0184988 -0.0461933 110.594
-0.0484421 0.00185895 0.998824 44.359 0.0156394 0.999877 -0.00110241 -3.92751 -0.998704 0.0155676 -0.0484652 110.533
-0.0493002 0.0011211 0.998783 45.0737 0.0157528 0.999876 -0.000344766 -3.94713 -0.99866 0.0157167 -0.0493118 110.502
-0.0496327 0.0034394 0.998762 45.7787 0.0159499 0.999869 -0.0026506 -3.96825 -0.99864 0.0157986 -0.049681 110.472
-0.0497165 0.00653755 0.998742 46.4792 0.0162422 0.999852 -0.00573629 -3.99029 -0.998631 0.0159366 -0.0498154 110.441
-0.0499108 0.00810408 0.998721 47.1765 0.0143582 0.999869 -0.00739586 -4.01175 -0.99865 0.0139706 -0.0500207 110.412
-0.0501302 0.00897903 0.998702 47.8711 0.0146564 0.999858 -0.00825375 -4.03428 -0.998635 0.0142236 -0.0502547 110.382
-0.0501996 0.00886309 0.9987 48.5656 0.0158356 0.999842 -0.00807726 -4.05534 -0.998614 0.0154095 -0.050332 110.348
-0.0504802 0.00791448 0.998694 49.254 0.016851 0.999833 -0.00707176 -4.07461 -0.998583 0.016472 -0.0506051 110.315
-0.0508748 0.00850783 0.998669 49.9395 0.013115 0.999883 -0.00785007 -4.09381 -0.998619 0.0126981 -0.0509804 110.289
-0.0506971 0.00678937 0.998691 51.2989 0.0120875 0.999908 -0.00618404 -4.13176 -0.998641 0.0117581 -0.0507744 110.229
-0.0548797 0.00589153 0.998476 52.6411 0.00988922 0.999937 -0.00535661 -4.16784 -0.998444 0.00958017 -0.0549345 110.164
-0.0659437 0.00871993 0.997785 53.9664 0.00877415 0.999928 -0.00815878 -4.20471 -0.997785 0.0082167 -0.0660154 110.084
-0.0797655 0.0136783 0.99672 55.2967 0.0106963 0.99986 -0.0128654 -4.23974 -0.996756 0.00963496 -0.0799007 109.976
-0.0915192 0.0118408 0.995733 56.6451 0.00585724 0.999918 -0.0113523 -4.28306 -0.995786 0.00479329 -0.0915811 109.86
-0.099999 0.011439 0.994922 58.0125 0.00172985 0.999934 -0.0113228 -4.324 -0.994986 0.000588794 -0.100012 109.725
-0.104534 0.00557947 0.994506 59.4186 0.00396012 0.999979 -0.00519393 -4.36043 -0.994513 0.00339541 -0.104554 109.576
-0.107847 0.00198098 0.994166 60.8681 0.00264799 0.999995 -0.00170535 -4.39095 -0.994164 0.00244862 -0.107852 109.43
-0.108761 0.00931618 0.994024 62.3294 0.00963991 0.999919 -0.00831668 -4.42035 -0.994021 0.00867777 -0.108842 109.265
-0.110041 0.01596 0.993799 63.8146 0.0187561 0.999726 -0.0139784 -4.45652 -0.99375 0.0171016 -0.11031 109.091
-0.110447 0.00771938 0.993852 65.3156 0.015728 0.999858 -0.00601818 -4.49968 -0.993758 0.0149666 -0.110553 108.934
-0.110549 0.00634434 0.99385 66.0597 0.0184837 0.99982 -0.00432645 -4.57986 -0.993699 0.0178918 -0.110647 108.857
-0.111546 0.00577152 0.993742 66.8058 0.0187439 0.999817 -0.00370282 -4.70875 -0.993583 0.0182136 -0.111634 108.791
-0.113314 0.00635977 0.993539 67.5462 0.017314 0.99984 -0.00442543 -4.78963 -0.993408 0.0167007 -0.113406 108.72
-0.115597 0.00749232 0.993268 68.2857 0.0168805 0.999842 -0.00557736 -4.88459 -0.993153 0.0161221 -0.115705 108.648
-0.117766 0.00725473 0.993015 69.0248 0.0175856 0.999832 -0.00521898 -4.94654 -0.992886 0.0168481 -0.117874 108.567
-0.119588 0.00740834 0.992796 69.7701 0.0183754 0.999817 -0.00524731 -5.0198 -0.992654 0.0176155 -0.119702 108.483
-0.12341 0.0073769 0.992328 71.2741 0.0155929 0.999863 -0.00549373 -5.12576 -0.992233 0.0147953 -0.123508 108.316
-0.125381 0.00876985 0.99207 72.787 0.014359 0.999872 -0.0070241 -5.215 -0.992005 0.0133644 -0.125491 108.144
-0.127812 0.00772436 0.991768 74.323 0.0147654 0.999874 -0.00588464 -5.28883 -0.991688 0.0138917 -0.12791 107.966
-0.130642 0.00349392 0.991423 75.8789 0.00950667 0.999952 -0.00227126 -5.35263 -0.991384 0.0091284 -0.130669 107.783
-0.134469 0.00314796 0.990913 77.4543 0.0115964 0.999931 -0.00160297 -5.40764 -0.99085 0.0112754 -0.134496 107.582
-0.13836 0.00775654 0.990352 79.0466 0.0118035 0.999911 -0.00618238 -5.44925 -0.990312 0.0108342 -0.138439 107.378
-0.139756 0.0157253 0.990061 80.6562 0.0156753 0.999784 -0.013667 -5.49726 -0.990062 0.0136095 -0.139972 107.159
-0.139018 0.0163362 0.990155 82.2975 0.0213337 0.999681 -0.0134981 -5.55048 -0.99006 0.0192472 -0.139322 106.933
-0.138125 0.0130122 0.990329 83.9628 0.0212232 0.999723 -0.0101755 -5.60057 -0.990187 0.0196125 -0.138363 106.716
-0.134701 0.0073308 0.990859 85.6502 0.0206931 0.999775 -0.00458368 -5.64515 -0.99067 0.0198865 -0.134823 106.499
-0.131187 0.00319423 0.991352 87.3488 0.0194876 0.99981 -0.00064267 -5.68991 -0.991166 0.0192347 -0.131224 106.286
-0.129795 0.00704008 0.991516 88.1956 0.0204002 0.999782 -0.00442829 -5.71794 -0.991331 0.0196523 -0.12991 106.18
-0.127683 0.0133762 0.991725 89.0433 0.0207207 0.999727 -0.0108163 -5.74252 -0.991599 0.0191682 -0.127926 106.076
-0.126106 0.0169356 0.991872 89.8949 0.0194629 0.999704 -0.0145948 -5.76741 -0.991826 0.0174643 -0.126398 105.978
-0.124372 0.0149137 0.992124 90.7563 0.0176002 0.999763 -0.0128222 -5.79901 -0.99208 0.0158669 -0.124605 105.879
-0.122862 0.0103153 0.99237 92.4873 0.0186649 0.999793 -0.00808166 -5.8573 -0.992248 0.0175296 -0.123029 105.675
-0.122148 0.0103879 0.992457 93.3471 0.0187384 0.999791 -0.00815843 -5.88387 -0.992335 0.0176005 -0.122317 105.574
-0.121725 0.00988178 0.992515 94.2111 0.0175407 0.999816 -0.00780323 -5.91092 -0.992409 0.0164595 -0.121876 105.475
-0.119844 0.00727189 0.992766 95.9365 0.0223419 0.99974 -0.00462593 -5.96198 -0.992541 0.0216259 -0.119975 105.268
-0.118302 0.0114152 0.992912 97.6459 0.0257942 0.999632 -0.00841912 -6.01287 -0.992643 0.0246154 -0.118553 105.065
-0.117182 0.00900692 0.99307 99.352 0.0182088 0.99981 -0.00691942 -6.06647 -0.992943 0.0172718 -0.117324 104.878
-0.118367 0.00604127 0.992951 101.043 0.00972048 0.999941 -0.00492505 -6.12326 -0.992922 0.009069 -0.118419 104.696
-0.120483 0.0135205 0.992623 102.708 0.00546753 0.999901 -0.012956 -6.17426 -0.9927 0.00386623 -0.120545 104.511
-0.121419 0.0129879 0.992516 104.361 0.00753435 0.999898 -0.0121627 -6.23592 -0.992573 0.00600118 -0.121504 104.315
-0.122502 0.0164598 0.992332 105.991 0.00994929 0.999833 -0.015356 -6.29876 -0.992418 0.00799186 -0.122645 104.117
-0.124302 0.0182355 0.992077 107.603 0.00797267 0.999817 -0.0173789 -6.36254 -0.992212 0.00574926 -0.124425 103.926
-0.129609 0.0177425 0.991406 109.192 0.00575313 0.999837 -0.0171413 -6.42985 -0.991549 0.00348203 -0.12969 103.731
-0.136227 0.0222478 0.990428 110.757 0.00432178 0.999752 -0.0218628 -6.49316 -0.990668 0.00130211 -0.136289 103.531
-0.142274 0.0204422 0.989616 112.308 0.00521639 0.999788 -0.0199024 -6.55814 -0.989814 0.00233063 -0.142351 103.32
-0.144809 0.0212852 0.989231 113.078 0.00701307 0.999765 -0.0204852 -6.58877 -0.989435 0.00397109 -0.144925 103.211
-0.146915 0.0256941 0.988815 113.842 0.00255358 0.999669 -0.0255967 -6.62542 -0.989146 -0.00123553 -0.146932 103.109
-0.148805 0.0317636 0.988356 114.599 -0.000400044 0.999482 -0.0321814 -6.66441 -0.988866 -0.00518415 -0.148715 103.004
-0.151349 0.0361622 0.987819 115.357 0.00378069 0.999344 -0.0360049 -6.69889 -0.988473 -0.00171467 -0.151387 102.887
-0.154 0.0342478 0.987477 116.117 0.00606961 0.999413 -0.0337151 -6.73252 -0.988052 0.000801459 -0.154118 102.766
-0.157535 0.0261226 0.987168 116.883 0.00468174 0.999659 -0.0257061 -6.77264 -0.987502 0.000572065 -0.157603 102.65
-0.159796 0.0232969 0.986875 117.639 0.00307944 0.999728 -0.0231018 -6.81226 -0.987145 -0.00065254 -0.159824 102.533
-0.161357 0.0271345 0.986523 118.386 0.00312776 0.999631 -0.0269835 -6.84811 -0.986891 -0.00126836 -0.161382 102.411
-0.163998 0.0300151 0.986004 119.131 0.000491165 0.999539 -0.0303454 -6.88015 -0.98646 -0.00449231 -0.163938 102.295
-0.166588 0.0326034 0.985487 119.873 -0.000381578 0.999451 -0.0331299 -6.91667 -0.986027 -0.00589508 -0.166484 102.178
-0.168554 0.0361905 0.985028 120.611 0.0030867 0.99934 -0.0361882 -6.95509 -0.985688 -0.00305917 -0.168554 102.053
-0.17036 0.0408378 0.984535 121.346 0.00388203 0.999161 -0.0407728 -6.99395 -0.985374 -0.00312404 -0.170375 101.931
-0.173449 0.0436872 0.983873 122.079 0.00306493 0.999035 -0.0438202 -7.03161 -0.984838 -0.00458505 -0.173415 101.812
-0.179509 0.037306 0.983049 123.547 0.00737801 0.999304 -0.0365756 -7.11607 -0.983729 0.0006873 -0.179659 101.547
-0.191103 0.0347287 0.980955 124.997 0.00890373 0.999394 -0.0336469 -7.19872 -0.98153 0.00230414 -0.191296 101.269
-0.209744 0.034904 0.977133 126.425 0.0067313 0.99939 -0.0342542 -7.27735 -0.977733 -0.000607249 -0.209851 100.975
-0.233832 0.0364633 0.971593 127.837 0.00806609 0.999335 -0.0355632 -7.35426 -0.972244 -0.00047889 -0.233971 100.64
-0.245552 0.0368072 0.968684 128.537 0.0109526 0.99932 -0.0351949 -7.39165 -0.969322 0.0019675 -0.245788 100.456
-0.256614 0.0367937 0.965813 129.235 0.0141378 0.999311 -0.0343135 -7.42891 -0.96641 0.00484913 -0.256958 100.265
-0.2668 0.0368127 0.963048 129.927 0.0181624 0.999285 -0.0331663 -7.46446 -0.963581 0.00864245 -0.267278 100.066
-0.275632 0.037655 0.960526 130.618 0.0238157 0.999193 -0.0323367 -7.50132 -0.960968 0.0139626 -0.276306 99.8568
-0.283235 0.0377056 0.958309 131.304 0.0291626 0.999103 -0.0306915 -7.5357 -0.958607 0.0192539 -0.284081 99.642
-0.294485 0.0361886 0.954971 132.668 0.0328924 0.999074 -0.0277169 -7.60297 -0.95509 0.0232491 -0.295403 99.2161
-0.297525 0.0327185 0.954153 134.017 0.045906 0.998747 -0.0199332 -7.66596 -0.95361 0.0378708 -0.298654 98.7678
-0.298589 0.0299441 0.953912 134.687 0.0472085 0.998748 -0.0165746 -7.69684 -0.953214 0.0400838 -0.299629 98.5535
-0.296834 0.03905 0.95413 136.005 0.0505869 0.998404 -0.0251242 -7.7527 -0.953588 0.0408088 -0.298335 98.1349
-0.296133 0.0394568 0.954331 136.66 0.0525124 0.998308 -0.0249802 -7.78143 -0.953702 0.0427168 -0.297703 97.9265
-0.292363 0.0344885 0.955685 137.966 0.055608 0.998272 -0.0190138 -7.84458 -0.954689 0.0475848 -0.293776 97.5118
-0.288438 0.0379538 0.956746 139.243 0.0580349 0.99807 -0.0220969 -7.90456 -0.955738 0.0491511 -0.290084 97.1198
-0.284189 0.0395603 0.957952 139.873 0.0596111 0.997944 -0.0235274 -7.93472 -0.956913 0.0504183 -0.285963 96.9265
-0.278873 0.0389135 0.959539 140.503 0.0611457 0.997871 -0.0226971 -7.96545 -0.95838 0.0523421 -0.280658 96.7389
-0.273255 0.0369624 0.961231 141.13 0.0624696 0.997834 -0.0206113 -7.99792 -0.959911 0.0544156 -0.274972 96.5545
-0.268472 0.0349884 0.962652 141.752 0.0624418 0.99787 -0.0188542 -8.02938 -0.961262 0.0550479 -0.270085 96.3771
-0.264367 0.0340504 0.963821 142.369 0.0623476 0.997889 -0.0181526 -8.06037 -0.962405 0.055293 -0.265931 96.2044
-0.260432 0.0327524 0.964936 142.983 0.0633076 0.997853 -0.0167832 -8.0872 -0.963414 0.056717 -0.261946 96.0345
-0.256536 0.0308981 0.966041 143.594 0.0659606 0.997718 -0.0143953 -8.11244 -0.964282 0.0600277 -0.257988 95.8635
-0.252427 0.0300747 0.967148 144.202 0.0692547 0.997515 -0.0129434 -8.13631 -0.965135 0.0637123 -0.253882 95.6956
-0.249122 0.0280432 0.968066 144.801 0.0673684 0.997661 -0.011564 -8.16592 -0.966126 0.0623362 -0.250428 95.539
-0.240865 0.031925 0.970033 145.98 0.0651959 0.997734 -0.0166481 -8.22166 -0.968367 0.0592322 -0.2424 95.2441
-0.23514 0.0355892 0.97131 146.565 0.0675638 0.997511 -0.020193 -8.24653 -0.96961 0.0608771 -0.236959 95.0991
-0.220223 0.034753 0.97483 147.725 0.0634845 0.997757 -0.0212286 -8.30181 -0.973381 0.0572115 -0.221936 94.8416
-0.197166 0.0317063 0.979857 148.878 0.0637454 0.997776 -0.0194594 -8.35732 -0.978295 0.0586246 -0.198749 94.6023
-0.168613 0.0294723 0.985242 150.022 0.0628177 0.997842 -0.0190987 -8.41195 -0.983679 0.0586703 -0.1701 94.4044
-0.12924 0.0275599 0.99123 151.16 0.0613212 0.997923 -0.0197508 -8.46391 -0.989715 0.0582308 -0.130661 94.251
-0.106988 0.0273445 0.993884 151.729 0.058166 0.998082 -0.0211987 -8.4915 -0.992557 0.0555422 -0.108373 94.1997
-0.0849558 0.0281382 0.995987 152.294 0.0523801 0.998345 -0.0237369 -8.52259 -0.995007 0.0501533 -0.0862891 94.1654
-0.06359 0.0292563 0.997547 152.854 0.0464993 0.998571 -0.0263222 -8.55151 -0.996892 0.0447114 -0.0648596 94.1421
-0.0440551 0.0300796 0.998576 153.415 0.0401853 0.998791 -0.0283132 -8.57988 -0.998221 0.0388807 -0.0452106 94.1304
-0.0183919 0.0278256 0.999444 154.533 0.0247562 0.999319 -0.0273665 -8.63588 -0.999524 0.0242391 -0.0190682 94.1327
-0.0150895 0.0253397 0.999565 155.089 0.0166287 0.999547 -0.0250882 -8.6635 -0.999748 0.0162429 -0.0155041 94.1393
-0.021094 0.0218985 0.999538 155.647 0.00913197 0.999723 -0.0217098 -8.68832 -0.999736 0.0086698 -0.0212881 94.138
-0.0333995 0.0187009 0.999267 156.196 0.00611032 0.99981 -0.0185068 -8.70965 -0.999423 0.00548772 -0.0335075 94.1206
-0.0467994 0.0163779 0.99877 156.743 0.0055774 0.999854 -0.0161344 -8.72762 -0.998889 0.00481545 -0.0468839 94.0931
-0.0594691 0.0151912 0.998115 157.285 0.00819351 0.999858 -0.0147296 -8.74715 -0.998197 0.0073021 -0.0595851 94.0524
-0.0853774 0.0138619 0.996252 158.353 0.00695161 0.999887 -0.0133168 -8.78205 -0.996324 0.0057886 -0.0854641 93.9601
-0.101668 0.0123522 0.994742 158.879 0.00228611 0.999923 -0.0121829 -8.79733 -0.994816 0.00103547 -0.101689 93.9068
-0.118803 0.0116517 0.99285 159.401 0.00275012 0.999931 -0.0114057 -8.8133 -0.992914 0.00137543 -0.118826 93.8382
-0.134251 0.0110032 0.990886 159.916 0.00507719 0.999933 -0.0104157 -8.82981 -0.990934 0.0036326 -0.134298 93.7572
-0.148636 0.00918455 0.988849 160.431 0.00674499 0.999943 -0.00827374 -8.84604 -0.988869 0.00544 -0.14869 93.6692
-0.162933 0.00757047 0.986608 160.939 0.00676199 0.999956 -0.00655619 -8.86114 -0.986614 0.00560322 -0.162977 93.5782
-0.188999 0.00636077 0.981957 161.931 0.00513721 0.999972 -0.0054887 -8.89096 -0.981964 0.00400716 -0.189026 93.3862
-0.209918 0.0102163 0.977666 162.899 0.0135277 0.99988 -0.00754382 -8.9193 -0.977626 0.011642 -0.210031 93.161
-0.2174 0.0113006 0.976017 163.379 0.0139452 0.999867 -0.00847054 -8.93435 -0.975983 0.0117692 -0.217529 93.0499
-0.225596 0.0098684 0.974171 164.332 0.0144783 0.999872 -0.00677591 -8.96305 -0.974113 0.0125757 -0.22571 92.8353
-0.228258 0.00791689 0.973568 165.278 0.0170752 0.999846 -0.00412721 -8.9976 -0.973451 0.0156818 -0.228358 92.6226
-0.232579 0.00855357 0.97254 166.209 0.0168902 0.999846 -0.00475451 -9.03067 -0.972431 0.0153206 -0.232688 92.412
-0.244387 0.0129445 0.969591 167.633 0.0157271 0.999832 -0.0093842 -9.05895 -0.96955 0.0129555 -0.244549 92.0695
-0.255304 0.0122254 0.966784 168.622 0.0175933 0.999813 -0.00799717 -9.08259 -0.966701 0.0149672 -0.255471 91.8103
-0.266526 0.0143108 0.963721 169.639 0.0196151 0.999763 -0.00942124 -9.10772 -0.963628 0.0163925 -0.266744 91.5263
-0.277509 0.0174358 0.960565 170.683 0.020292 0.999719 -0.0122841 -9.13205 -0.960509 0.0160828 -0.277785 91.2259
-0.28734 0.019193 0.957636 171.748 0.0282941 0.999533 -0.011543 -9.16339 -0.957411 0.0237787 -0.287749 90.8965
-0.295367 0.0160687 0.955249 172.837 0.0267847 0.999605 -0.00853292 -9.19389 -0.955008 0.0230657 -0.295681 90.5691
-0.302706 0.00952458 0.953036 174.481 0.0335943 0.999435 0.000682032 -9.23579 -0.952492 0.032223 -0.302855 90.0352
-0.303705 0.0113247 0.952699 176.116 0.0332049 0.999448 -0.00129525 -9.27339 -0.952187 0.0312409 -0.303914 89.5135
-0.300643 0.0121012 0.95366 177.198 0.0343065 0.99941 -0.00186658 -9.3024 -0.95312 0.0321556 -0.30088 89.1739
-0.292889 0.013717 0.956048 178.797 0.0365516 0.999327 -0.00314022 -9.34785 -0.955448 0.0340254 -0.293193 88.6899
-0.282002 0.0165212 0.959272 180.322 0.0376026 0.999274 -0.00615597 -9.39139 -0.958677 0.0343351 -0.282418 88.2556
-0.273351 0.0124809 0.961833 181.282 0.0370357 0.999311 -0.00244181 -9.41767 -0.961201 0.0349547 -0.273625 87.9937
-0.252361 0.00338187 0.967627 182.612 0.0403238 0.999162 0.00702454 -9.45458 -0.966793 0.0407911 -0.252286 87.6509
-0.212569 0.00376484 0.977139 183.833 0.0373566 0.999293 0.00427643 -9.48313 -0.976432 0.0374116 -0.212559 87.4098
-0.171737 0.0109717 0.985082 184.623 0.039016 0.999229 -0.00432736 -9.50234 -0.98437 0.0376907 -0.172032 87.2937
-0.118112 0.00860445 0.992963 185.413 0.0357189 0.999352 -0.0044111 -9.52423 -0.992358 0.0349465 -0.118343 87.2336
-0.0561642 0.0050162 0.998409 186.194 0.0263512 0.999646 -0.00354007 -9.5474 -0.998074 0.0261105 -0.0562765 87.2442
0.00572128 -0.00115034 0.999983 186.952 0.0166255 0.999861 0.00105508 -9.57454 -0.999846 0.0166192 0.00573961 87.2978
0.0686196 -0.00851629 0.997606 187.697 0.0144029 0.999868 0.0075449 -9.60102 -0.997539 0.0138507 0.0687332 87.3858
0.135124 -0.0109843 0.990768 188.424 0.0131967 0.99987 0.00928543 -9.62062 -0.990741 0.0118201 0.135251 87.5259
0.207671 -0.00745669 0.97817 189.155 0.0122212 0.999913 0.00502779 -9.6338 -0.978122 0.0109103 0.207744 87.7286
0.28697 -0.00393761 0.957932 189.882 0.0127537 0.999919 0.000289547 -9.64567 -0.957855 0.0121341 0.286997 87.9926
0.32898 0.000143524 0.944337 190.234 0.00724098 0.99997 -0.00267454 -9.65155 -0.944309 0.00771779 0.32897 88.1573
0.372121 0.0057715 0.928166 190.601 0.00136447 0.999976 -0.00676508 -9.66236 -0.928183 0.00378389 0.372105 88.3538
0.416137 0.00999479 0.909247 190.949 -0.00111684 0.999944 -0.0104806 -9.67299 -0.909301 0.0033459 0.416125 88.5541
0.459458 0.0113072 0.888127 191.32 0.000870423 0.999913 -0.0131808 -9.68416 -0.888199 0.00682906 0.459409 88.7816
0.502312 0.012471 0.864596 191.693 0.00431212 0.999847 -0.0169271 -9.69407 -0.864676 0.0122309 0.502182 89.0323
0.544894 0.0113276 0.838428 192.042 0.00914024 0.999769 -0.0194476 -9.70487 -0.838455 0.0182603 0.544665 89.2922
0.585196 0.0105104 0.810824 192.411 0.00809483 0.99979 -0.0188022 -9.71982 -0.810851 0.0175665 0.584989 89.6005
0.624139 0.0118716 0.781223 192.748 0.00175219 0.999861 -0.0165939 -9.73498 -0.781312 0.0117257 0.624031 89.9295
0.697632 0.0136072 0.716327 193.454 -0.00466014 0.999885 -0.0144552 -9.77178 -0.716441 0.0067462 0.697615 90.6845
0.730914 0.0132466 0.682341 193.78 -0.00423477 0.99988 -0.014875 -9.78898 -0.682457 0.00798275 0.730882 91.0878
0.789771 0.0107276 0.613308 194.438 -0.00236153 0.999893 -0.0144484 -9.82386 -0.613397 0.00996262 0.789712 91.9889
0.835876 0.0109691 0.548809 195.072 -0.0047307 0.999907 -0.01278 -9.86177 -0.548898 0.00808628 0.83585 93.0074
0.86946 0.009518 0.493912 195.684 -0.00603633 0.999944 -0.00864349 -9.89665 -0.493967 0.00453375 0.869469 94.1217
0.89292 0.00655129 0.450168 196.272 -0.00648676 0.999977 -0.00168602 -9.92819 -0.450169 -0.00141465 0.892942 95.3271
0.909369 0.000121577 0.41599 196.852 -0.000306517 1 0.000377795 -9.95173 -0.41599 -0.000471063 0.909369 96.6074
0.923779 -0.00695899 0.382863 197.418 0.00719397 0.999974 0.000817975 -9.97024 -0.382859 0.00199868 0.923805 97.9701
0.936578 -0.00694355 0.35039 197.95 0.00758545 0.999971 -0.000459544 -9.99252 -0.350377 0.00308827 0.936604 99.4111
0.944857 -0.00359317 0.327462 198.462 0.00356811 0.999993 0.000677296 -10.0136 -0.327463 0.000528474 0.944864 100.926
0.946844 0.00139449 0.321691 198.972 -0.00253061 0.999992 0.00311358 -10.037 -0.321684 -0.00376215 0.94684 102.487
0.947134 -0.00267673 0.320826 199.517 0.00177199 0.999994 0.00311197 -10.0596 -0.320832 -0.00237896 0.947133 104.093
0.947093 -0.00466579 0.320925 199.798 0.00429663 0.999989 0.00185847 -10.0726 -0.320931 -0.000381247 0.947103 104.914
0.94683 -0.00524467 0.321692 200.371 0.00546363 0.999985 0.000222168 -10.0994 -0.321689 0.00154725 0.946844 106.591
0.946524 -0.00608482 0.322577 200.661 0.00567611 0.999981 0.00220765 -10.1126 -0.322584 -0.000258616 0.946541 107.444
0.946234 -0.00740695 0.323399 200.955 0.00607007 0.999968 0.00514228 -10.1235 -0.323427 -0.00290274 0.946249 108.306
0.945941 -0.00975619 0.324192 201.252 0.00806919 0.999946 0.00654761 -10.1359 -0.324238 -0.00357769 0.945969 109.169
0.945592 -0.0116461 0.325146 201.848 0.0105169 0.999931 0.0052304 -10.1632 -0.325185 -0.0015263 0.945649 110.893
0.945274 -0.0162262 0.325874 202.454 0.0136891 0.999856 0.0100771 -10.1818 -0.325991 -0.0050647 0.94536 112.621
0.945055 -0.0193729 0.326338 203.059 0.0162659 0.999793 0.0122471 -10.1956 -0.326508 -0.00626598 0.945174 114.35
0.945179 -0.0209053 0.325883 203.665 0.0188984 0.999778 0.00932326 -10.2147 -0.326006 -0.00265348 0.945364 116.082
0.945596 -0.0216991 0.324618 204.266 0.0204022 0.999764 0.00739848 -10.2388 -0.324702 -0.000373038 0.945816 117.82
0.946368 -0.0217618 0.322357 204.858 0.0200399 0.999762 0.00865978 -10.2624 -0.322469 -0.00173534 0.946579 119.562
0.947207 -0.0214798 0.319901 205.445 0.0196084 0.999767 0.00907021 -10.2863 -0.320021 -0.00231862 0.947408 121.309
0.948172 -0.0203574 0.317106 206.023 0.0184891 0.999789 0.00890024 -10.3065 -0.31722 -0.00257596 0.948348 123.049
0.949104 -0.0231588 0.314109 206.599 0.0207183 0.999724 0.0111062 -10.3268 -0.314279 -0.0040332 0.949322 124.79
0.95018 -0.0242142 0.310759 207.162 0.0216046 0.999696 0.0118377 -10.345 -0.310951 -0.00453414 0.950415 126.52
0.95134 -0.0256577 0.307074 207.712 0.023188 0.999663 0.0116892 -10.3619 -0.307271 -0.00400002 0.951614 128.226
0.951843 -0.0256121 0.305516 207.98 0.0233592 0.999666 0.0110282 -10.3714 -0.305696 -0.00336046 0.952123 129.071
0.952451 -0.0269645 0.303496 208.243 0.024394 0.999627 0.0122584 -10.3783 -0.303714 -0.00427203 0.952754 129.908
0.953262 -0.0283564 0.300812 208.502 0.0248438 0.999571 0.0154968 -10.3863 -0.301122 -0.00729917 0.953558 130.736
0.953926 -0.0282533 0.29871 208.751 0.0236038 0.999538 0.0191621 -10.3921 -0.299114 -0.0112285 0.954152 131.553
0.955393 -0.0278574 0.294022 209.239 0.0252589 0.999601 0.0126323 -10.4114 -0.294257 -0.00464215 0.955715 133.144
0.956848 -0.024438 0.28956 209.687 0.0231113 0.999701 0.00800088 -10.4293 -0.289669 -0.00096351 0.957126 134.654
0.958507 -0.0257145 0.283908 210.115 0.0231247 0.999655 0.0124705 -10.4519 -0.28413 -0.0053878 0.95877 136.111
0.961042 -0.0271506 0.275065 210.505 0.0231281 0.999573 0.0178574 -10.4704 -0.275433 -0.0107999 0.96126 137.493
0.963159 -0.0246476 0.2678 210.853 0.020989 0.999643 0.0165165 -10.4846 -0.268112 -0.0102872 0.963333 138.781
0.964534 -0.0203461 0.263174 211.168 0.0179236 0.999772 0.0116029 -10.5001 -0.26335 -0.00647439 0.964679 139.969
0.965084 -0.0177065 0.261343 211.456 0.0156665 0.999828 0.00988736 -10.5231 -0.261473 -0.0054478 0.965195 141.062
0.965551 -0.0172028 0.259646 211.724 0.0166396 0.999852 0.00436712 -10.5421 -0.259682 0.000103722 0.965694 142.072
0.966231 -0.0151092 0.257233 211.968 0.0139828 0.999883 0.00620764 -10.5631 -0.257297 -0.00240117 0.966329 143.023
0.968001 -0.0167759 0.250383 212.202 0.0159192 0.999858 0.00544662 -10.5862 -0.250439 -0.00128643 0.968131 143.94
0.972099 -0.0215238 0.233581 212.419 0.0207154 0.999768 0.00591426 -10.6085 -0.233654 -0.000910521 0.972319 144.849
0.979062 -0.0222874 0.202341 212.587 0.0220275 0.999751 0.00353639 -10.6265 -0.20237 0.000994728 0.979309 145.739
0.987758 -0.0194555 0.154774 212.693 0.0193247 0.999811 0.00234982 -10.6433 -0.15479 0.000669899 0.987947 146.609
0.995599 -0.0186503 0.0918406 212.735 0.0183005 0.999822 0.00464867 -10.6595 -0.0919109 -0.00294748 0.995763 147.467
