1 1.19762e-11 1.70464e-10 3.2141e-14 1.19763e-11 1 3.5625e-10 -1.9984e-15 1.70464e-10 3.5625e-10 1 -4.04121e-14
0.999996 0.00287222 0.000683995 0.00387974 -0.00287371 0.999993 0.0021903 -0.184991 -0.000677699 -0.00219226 0.999997 0.808514
0.999973 0.00692121 0.00235506 0.0204547 -0.00692839 0.999971 0.00305014 -0.55232 -0.00233388 -0.00306638 0.999993 2.38989
0.999953 0.00905177 0.00360911 0.0333512 -0.00906275 0.999954 0.00303692 -0.91831 -0.00358146 -0.00306948 0.999989 3.89859
0.999935 0.010024 0.00541111 0.0505932 -0.010063 0.999923 0.00721734 -1.2851 -0.00533835 -0.00727132 0.999959 5.3216
0.999923 0.00903604 0.00854475 0.0624746 -0.00916443 0.999844 0.015107 -1.65575 -0.00840691 -0.0151841 0.999849 6.58458
0.999899 0.00856944 0.0113173 0.091596 -0.00877174 0.9998 0.0179479 -2.02339 -0.0111613 -0.0180453 0.999775 7.76333
0.999854 0.00970544 0.0140366 0.0526946 -0.00988364 0.999871 0.0126816 -2.39491 -0.0139117 -0.0128185 0.999821 8.77105
0.999829 0.00473091 0.0178643 0.0363 -0.00489741 0.999945 0.00928778 -2.76795 -0.0178194 -0.00937368 0.999797 9.64713
0.999732 0.00667103 0.0221681 0.0420154 -0.00681489 0.999956 0.00642061 -3.14255 -0.0221243 -0.00656996 0.999734 10.4353
0.999455 0.00807745 0.0319967 0.0507227 -0.00831272 0.999939 0.0072269 -3.70666 -0.0319363 -0.00748894 0.999462 11.324
0.99921 -0.00102873 0.0397197 0.0902813 0.00065236 0.999955 0.00948754 -4.26808 -0.0397277 -0.00945413 0.999166 11.896
0.998811 0.00574344 0.0484077 0.124405 -0.00600489 0.999968 0.00525723 -5.02168 -0.048376 -0.00554166 0.998814 12.281
0.998359 0.00630259 0.0569247 0.125276 -0.0060705 0.999973 -0.00424909 -6.16058 -0.0569499 0.00389655 0.998369 12.4807
0.998791 0.00507752 0.0489045 0.151509 -0.00438827 0.99989 -0.0141908 -7.27541 -0.0489711 0.013959 0.998703 12.7029
0.999927 0.00457388 0.0111988 0.128123 -0.0043569 0.999804 -0.019324 -8.18743 -0.011285 0.0192738 0.999751 12.9243
0.999312 0.00290502 -0.0369779 0.0778454 -0.00379679 0.999703 -0.0240689 -8.73287 0.036897 0.0241928 0.999026 13.1471
0.996595 0.00449199 -0.0823291 0.002379 -0.00636368 0.999727 -0.022486 -9.09883 0.0822057 0.0229333 0.996351 13.3622
0.990274 0.00683762 -0.138963 -0.102743 -0.00954158 0.999778 -0.0188014 -9.4643 0.138803 0.0199444 0.990119 13.6624
0.977923 0.00812976 -0.208809 -0.263549 -0.0107414 0.999878 -0.0113764 -9.82914 0.208691 0.0133681 0.97789 14.0491
0.956951 0.0136806 -0.289929 -0.491289 -0.0145992 0.999893 -0.0010056 -10.1853 0.289884 0.00519503 0.957048 14.4659
0.926813 0.0201685 -0.374982 -0.803739 -0.018122 0.999795 0.00898359 -10.5398 0.375086 -0.0015307 0.926989 14.9181
0.886429 0.0282593 -0.462002 -1.1719 -0.0194475 0.999527 0.0238248 -10.8927 0.462457 -0.0121342 0.886559 15.4091
0.83461 0.036944 -0.5496 -1.62828 -0.0230438 0.999217 0.0321734 -11.2333 0.550358 -0.0141874 0.834808 15.8372
0.771112 0.0433731 -0.635221 -2.18364 -0.0260969 0.998992 0.0365318 -11.5614 0.636165 -0.0115929 0.771466 16.2579
0.696312 0.0488664 -0.716073 -2.81285 -0.0253917 0.998732 0.0434646 -11.877 0.71729 -0.0120826 0.69667 16.6577
0.613873 0.0482325 -0.78793 -3.55852 -0.0178163 0.998724 0.0472555 -12.1944 0.789204 -0.0149708 0.613949 17.1135
0.523398 0.0501638 -0.85061 -4.41053 -0.0111366 0.998583 0.0520378 -12.4995 0.852016 -0.0177636 0.523215 17.492
0.422406 0.0488576 -0.905089 -5.37226 -0.00495767 0.998656 0.0515947 -12.7964 0.906393 -0.0173067 0.42208 17.8
0.315326 0.046931 -0.947822 -6.44453 0.00382488 0.998705 0.0507229 -13.088 0.948976 -0.0196195 0.314738 18.049
0.210809 0.0580238 -0.975804 -7.60344 0.00700005 0.998122 0.0608631 -13.3734 0.977502 -0.0196612 0.210007 18.2418
0.161979 0.0592847 -0.985012 -8.25299 0.013137 0.997976 0.0622253 -13.5132 0.986707 -0.0230193 0.160873 18.2863
0.117338 0.0612336 -0.991202 -8.90279 0.0158658 0.997854 0.0635227 -13.6569 0.992965 -0.0231798 0.116115 18.3314
0.0764613 0.0603537 -0.995244 -9.59378 0.0156078 0.997972 0.0617182 -13.7953 0.99695 -0.0202527 0.0753642 18.3335
0.011259 0.05492 -0.998427 -10.9924 0.0117381 0.998414 0.0550516 -14.0556 0.999868 -0.0123395 0.0105965 18.2969
-0.0237065 0.0655562 -0.997567 -12.5414 0.0111511 0.997803 0.0653067 -14.3163 0.999657 -0.00957579 -0.0243854 18.2251
-0.0360816 0.0663799 -0.997142 -14.1236 0.0124761 0.997744 0.0659685 -14.575 0.999271 -0.0100601 -0.0368284 18.1372
-0.0316451 0.0600829 -0.997692 -15.8012 0.0312863 0.997762 0.0590948 -14.8118 0.999009 -0.029344 -0.033454 18.0776
-0.020678 0.0597414 -0.998 -17.5535 0.0292388 0.997822 0.0591249 -15.064 0.999359 -0.0279577 -0.0223797 18.0071
-0.0156712 0.04256 -0.998971 -19.3803 0.0324127 0.99859 0.0420353 -15.306 0.999352 -0.0317206 -0.0170286 17.9415
-0.016172 0.0308855 -0.999392 -21.2605 0.0189956 0.999352 0.0305769 -15.5662 0.999689 -0.0184895 -0.0167482 17.8469
-0.0240465 0.045288 -0.998684 -23.2266 0.00346 0.998971 0.0452177 -15.8392 0.999705 -0.00236811 -0.0241785 17.7326
-0.0308986 0.0643214 -0.997451 -25.2945 0.00140713 0.997929 0.0643087 -16.0661 0.999522 0.000583508 -0.0309251 17.6126
-0.0320016 0.0732843 -0.996798 -26.3404 0.00267325 0.997311 0.0732363 -16.1724 0.999484 -0.000321011 -0.0321114 17.5552
-0.0352943 0.071459 -0.996819 -28.4203 0.00312678 0.997443 0.071393 -16.3926 0.999372 -0.000597062 -0.0354275 17.4366
-0.0425208 0.062064 -0.997166 -30.6533 0.0032748 0.998072 0.0619807 -15.9363 0.99909 -0.000630051 -0.042642 17.3255
-0.0482963 0.0570018 -0.997205 -31.7354 0.00328877 0.998374 0.0569094 -15.7839 0.998828 -0.000531065 -0.0484052 17.2592
-0.0549324 0.0543189 -0.997012 -32.8401 0.0025888 0.998524 0.0542586 -15.5409 0.998487 0.000399499 -0.0549919 17.187
-0.0613933 0.0576169 -0.996449 -33.9364 0.00290027 0.998339 0.0575474 -15.3887 0.998109 0.00064306 -0.0614584 17.1056
-0.0681125 0.0628641 -0.995695 -35.0618 0.00198084 0.998019 0.0628754 -15.1617 0.997676 0.00231029 -0.0681021 17.0123
-0.0741559 0.0660268 -0.995058 -36.172 -0.000947029 0.997801 0.0662794 -15.0002 0.997246 0.00585736 -0.0739303 16.913
-0.079205 0.0678517 -0.994546 -37.2983 -0.00358291 0.997655 0.0683492 -14.8124 0.996852 0.00897697 -0.0787762 16.8108
-0.0820654 0.0696479 -0.99419 -38.4057 -0.00818558 0.997474 0.0705536 -14.6622 0.996593 0.013928 -0.0812881 16.7014
-0.0837146 0.070837 -0.993969 -39.5274 -0.0123962 0.997319 0.0721198 -14.4892 0.996413 0.0183589 -0.082612 16.5892
-0.0854195 0.0707118 -0.993833 -40.6292 -0.0138267 0.997298 0.0721467 -14.3463 0.996249 0.0199042 -0.084211 16.4835
-0.0868604 0.069748 -0.993776 -41.7263 -0.014121 0.99736 0.0712338 -14.2094 0.99612 0.0202205 -0.0856461 16.3762
-0.087946 0.0689277 -0.993738 -42.8244 -0.0152484 0.997393 0.0705308 -14.064 0.996009 0.0213558 -0.0866657 16.2652
-0.0889318 0.068414 -0.993685 -43.9235 -0.0175448 0.997376 0.0702383 -13.9438 0.995883 0.0236804 -0.0874981 16.1526
-0.0899525 0.0662054 -0.993743 -45.0211 -0.0215142 0.997426 0.0683982 -13.8049 0.995714 0.0275322 -0.0882966 16.0124
-0.0904938 0.0612748 -0.99401 -46.1246 -0.0269092 0.997591 0.0639453 -13.6998 0.995533 0.0325347 -0.0886269 15.8747
-0.0899126 0.059909 -0.994146 -47.233 -0.0293412 0.997597 0.0627707 -13.5769 0.995517 0.0348133 -0.0879387 15.7358
-0.0882834 0.0635548 -0.994066 -48.347 -0.0303317 0.997328 0.0664572 -13.4808 0.995633 0.0360187 -0.0861198 15.6128
-0.0866833 0.0681142 -0.993905 -49.4435 -0.0313725 0.996978 0.071061 -13.3691 0.995742 0.037341 -0.0842845 15.4598
-0.0854947 0.0670654 -0.994079 -50.5523 -0.0284294 0.997162 0.0697184 -13.2672 0.995933 0.0342216 -0.0833454 15.3321
-0.0836452 0.0664044 -0.994281 -51.6769 -0.0277439 0.997235 0.0689358 -13.1587 0.996109 0.0333513 -0.0815717 15.1924
-0.0801777 0.0672153 -0.994512 -52.7974 -0.0320372 0.997035 0.0699686 -13.065 0.996266 0.0374713 -0.0777866 15.0513
-0.0753572 0.0677518 -0.994852 -53.9258 -0.0374853 0.996791 0.0707233 -12.9629 0.996452 0.0426219 -0.0725757 14.8923
-0.0700822 0.0675869 -0.995249 -55.0311 -0.0414013 0.996645 0.070597 -12.8646 0.996682 0.0461522 -0.0670489 14.7426
-0.0650266 0.066926 -0.995637 -56.1495 -0.0431894 0.996625 0.0698132 -12.752 0.996949 0.0475406 -0.0619166 14.5756
-0.0598096 0.0657282 -0.996043 -57.271 -0.0428718 0.99674 0.0683485 -12.6562 0.997289 0.04679 -0.0567967 14.4448
-0.0549477 0.0658969 -0.996312 -58.4018 -0.0413715 0.996813 0.0682117 -12.5637 0.997632 0.044967 -0.0520463 14.3299
-0.0502229 0.0661898 -0.996542 -59.5394 -0.0405699 0.996843 0.0682544 -12.4705 0.997914 0.0438576 -0.047379 14.2194
-0.0450011 0.0678219 -0.996682 -60.6799 -0.0392825 0.996801 0.0696036 -12.3849 0.998214 0.0422844 -0.0421929 14.1302
-0.0402356 0.0684195 -0.996845 -61.8298 -0.0406303 0.996716 0.0700506 -12.2836 0.998364 0.0433206 -0.0373235 14.0348
-0.0305241 0.0642618 -0.997466 -64.1037 -0.0401911 0.997045 0.0654647 -12.0971 0.998726 0.0420875 -0.0278512 13.882
-0.0264042 0.0589087 -0.997914 -65.2451 -0.0399146 0.997404 0.0599347 -12.0165 0.998854 0.0414139 -0.0239843 13.8244
-0.0232152 0.0573719 -0.998083 -66.404 -0.0398396 0.997506 0.0582654 -11.9327 0.998936 0.0411159 -0.0208716 13.7702
-0.0203454 0.0603682 -0.997969 -67.5939 -0.0397363 0.997338 0.0611402 -11.8438 0.999003 0.0408995 -0.0178925 13.7041
-0.0186919 0.0604329 -0.997997 -68.8035 -0.0394801 0.997348 0.061133 -11.7531 0.999046 0.0405437 -0.0162565 13.6287
-0.0180978 0.059852 -0.998043 -70.0011 -0.04127 0.997311 0.0605565 -11.6731 0.998984 0.0422852 -0.015579 13.5637
-0.0177048 0.0609536 -0.997984 -71.1976 -0.0426775 0.997184 0.0616619 -11.5979 0.998932 0.0436832 -0.0150536 13.4964
-0.0168669 0.0609664 -0.997997 -72.3963 -0.0433704 0.997155 0.0616479 -11.5158 0.998917 0.0443233 -0.0141748 13.4449
-0.0159573 0.0588246 -0.998141 -73.6104 -0.0439474 0.997262 0.0594754 -11.4434 0.998906 0.0448147 -0.0133285 13.4153
-0.0155483 0.0575972 -0.998219 -74.8484 -0.0422951 0.997408 0.0582092 -11.373 0.998984 0.0431248 -0.0130719 13.3856
-0.0154348 0.0576397 -0.998218 -76.0408 -0.0385149 0.997562 0.0581974 -11.3134 0.999139 0.0393445 -0.0131772 13.365
-0.0156055 0.0577732 -0.998208 -77.2349 -0.0365965 0.997627 0.0583118 -11.2561 0.999208 0.0374409 -0.0134542 13.3422
-0.0155843 0.0604548 -0.998049 -78.4288 -0.0358822 0.997494 0.0609814 -11.1908 0.999235 0.0367625 -0.013376 13.3176
-0.0156256 0.0644117 -0.997801 -79.6299 -0.0385189 0.997143 0.0649725 -11.12 0.999136 0.0394494 -0.0130999 13.2863
-0.0152037 0.0646384 -0.997793 -80.8143 -0.0408985 0.997033 0.0652124 -11.055 0.999048 0.0417997 -0.0125149 13.2477
-0.0151282 0.0623117 -0.997942 -81.9909 -0.0418509 0.997142 0.0628962 -10.9876 0.999009 0.0427162 -0.0124772 13.2025
-0.0151479 0.0597955 -0.998096 -83.178 -0.0418977 0.997296 0.0603835 -10.925 0.999007 0.0427326 -0.0126016 13.1723
-0.0154406 0.0592716 -0.998123 -84.4003 -0.0397876 0.997414 0.059845 -10.8632 0.999089 0.0406369 -0.0130424 13.154
-0.0154827 0.0609484 -0.998021 -85.6063 -0.0381747 0.997377 0.0615013 -10.8033 0.999151 0.0390513 -0.0131154 13.1361
-0.0152908 0.0636726 -0.997854 -86.8064 -0.0374614 0.997233 0.0642071 -10.7424 0.999181 0.0383628 -0.0128633 13.1163
-0.0149296 0.0660054 -0.997708 -88.0058 -0.0379302 0.997063 0.0665304 -10.6785 0.999169 0.0388365 -0.0123821 13.0905
-0.0149437 0.0666405 -0.997665 -89.2018 -0.0395405 0.996957 0.0671854 -10.6091 0.999106 0.0404522 -0.0122632 13.0574
-0.0148318 0.064573 -0.997803 -90.4074 -0.0390476 0.997114 0.0651088 -10.5364 0.999127 0.0399275 -0.0122675 13.0302
-0.0147316 0.0629132 -0.99791 -91.5902 -0.0373875 0.997286 0.0634258 -10.4716 0.999192 0.0382437 -0.0123394 13.0018
-0.0147923 0.0637593 -0.997856 -92.7642 -0.0357691 0.997292 0.0642535 -10.4144 0.999251 0.0366429 -0.0124717 12.9658
-0.014757 0.066919 -0.997649 -93.9327 -0.0338033 0.997154 0.0673858 -10.3552 0.99932 0.0347183 -0.0124529 12.9382
-0.0145891 0.0694956 -0.997476 -95.1057 -0.0322956 0.997028 0.0699368 -10.2904 0.999372 0.0332344 -0.0123013 12.91
-0.0143377 0.0708818 -0.997382 -96.2696 -0.0329445 0.996909 0.0713218 -10.2204 0.999354 0.0338808 -0.0119582 12.8747
-0.0141093 0.0728591 -0.997242 -97.4259 -0.0351827 0.996688 0.0733164 -10.1474 0.999281 0.0361201 -0.0114992 12.8303
-0.0141068 0.0721711 -0.997293 -98.5864 -0.0378554 0.996638 0.0726592 -10.0754 0.999184 0.0387779 -0.0113273 12.793
-0.0139333 0.0686527 -0.997543 -99.7549 -0.0404771 0.996784 0.0691658 -9.9947 0.999083 0.0413414 -0.0111096 12.7534
-0.013782 0.0672152 -0.997643 -100.922 -0.042383 0.996802 0.067744 -9.90912 0.999006 0.0432168 -0.0108891 12.721
-0.0138979 0.0655864 -0.99775 -102.087 -0.0418995 0.996932 0.0661163 -9.82595 0.999025 0.0427241 -0.0111072 12.695
-0.0138214 0.0641918 -0.997842 -103.254 -0.0405097 0.997082 0.0647041 -9.74409 0.999084 0.0413165 -0.0111807 12.6711
-0.0139437 0.0661093 -0.997715 -104.419 -0.039975 0.996977 0.0666191 -9.66488 0.999103 0.0408126 -0.0112588 12.6468
-0.0137655 0.0690902 -0.997515 -105.589 -0.0388295 0.99682 0.0695779 -9.58465 0.999151 0.0396908 -0.011039 12.622
-0.0144545 0.0680621 -0.997576 -106.762 -0.0424797 0.996738 0.0686205 -9.50204 0.998993 0.0433687 -0.011516 12.5987
-0.0151152 0.0691836 -0.997489 -107.951 -0.0471613 0.996444 0.0698258 -9.4152 0.998773 0.0480983 -0.0117986 12.5747
-0.0153249 0.0682665 -0.997549 -109.132 -0.0503736 0.996347 0.0689581 -9.33768 0.998613 0.0513069 -0.0118301 12.5453
-0.0154679 0.0648628 -0.997774 -110.32 -0.0510853 0.996539 0.0655745 -9.26009 0.998575 0.0519859 -0.0121008 12.5174
-0.0161899 0.0603719 -0.998045 -111.507 -0.0514084 0.996805 0.0611309 -9.18774 0.998547 0.0522975 -0.0130346 12.492
-0.0169747 0.0596255 -0.998077 -112.706 -0.048141 0.997014 0.0603808 -9.11758 0.998696 0.0490734 -0.0140536 12.4706
-0.0175237 0.0593748 -0.998082 -113.911 -0.0437226 0.997235 0.0600921 -9.05079 0.99889 0.0446918 -0.0148792 12.4517
-0.0181167 0.0606489 -0.997995 -115.125 -0.0425146 0.997209 0.0613729 -8.98127 0.998932 0.0435412 -0.0154877 12.4275
-0.0188644 0.0647997 -0.99772 -116.345 -0.0420646 0.996962 0.0655459 -8.91262 0.998937 0.0432051 -0.0160813 12.4015
-0.0195686 0.0652392 -0.997678 -117.566 -0.0404787 0.996999 0.0659888 -8.83987 0.998989 0.041676 -0.0168691 12.3779
-0.0200409 0.0608892 -0.997943 -118.791 -0.0401854 0.997288 0.0616563 -8.763 0.998991 0.0413384 -0.0175397 12.3569
-0.0207722 0.0568817 -0.998165 -120.02 -0.0403618 0.997519 0.0576849 -8.69205 0.998969 0.041486 -0.0184248 12.3317
-0.0218254 0.0554152 -0.998225 -121.257 -0.0397277 0.997626 0.0562505 -8.62567 0.998972 0.0408849 -0.019572 12.3064
-0.022361 0.0564426 -0.998155 -122.507 -0.0408426 0.99752 0.0573216 -8.56057 0.998915 0.042049 -0.0200002 12.2776
-0.0229786 0.061047 -0.99787 -123.766 -0.0456837 0.997027 0.0620474 -8.49271 0.998692 0.0470122 -0.0201214 12.2431
-0.0233709 0.0648553 -0.997621 -125.025 -0.0516029 0.996485 0.0659903 -8.42379 0.998394 0.0530223 -0.019942 12.2035
-0.023527 0.064434 -0.997645 -126.283 -0.0586698 0.996112 0.0657186 -8.34999 0.998 0.0600778 -0.0196552 12.1623
-0.0233649 0.062274 -0.997785 -127.541 -0.0622446 0.996031 0.0636221 -8.27942 0.997787 0.0635933 -0.0193959 12.1239
-0.0238915 0.060987 -0.997853 -128.801 -0.0641511 0.995987 0.0624089 -8.21084 0.997654 0.0655044 -0.0198832 12.0887
-0.0245082 0.0609363 -0.997841 -130.058 -0.0648184 0.995943 0.0624125 -8.14658 0.997596 0.066208 -0.020459 12.0568
-0.02508 0.0598555 -0.997892 -131.318 -0.0625434 0.996157 0.0613233 -8.08316 0.997727 0.0639495 -0.02124 12.0358
-0.0255901 0.0601913 -0.997859 -132.57 -0.062624 0.996129 0.0616929 -8.01623 0.997709 0.0640686 -0.0217216 11.9886
-0.0263278 0.0652467 -0.997522 -133.838 -0.0624661 0.99581 0.0667835 -7.93719 0.9977 0.0640695 -0.0221418 11.9401
-0.027113 0.0702514 -0.997161 -135.113 -0.0617992 0.995502 0.0718149 -7.84914 0.99772 0.0635709 -0.0226496 11.8815
-0.0273386 0.0683661 -0.997286 -136.374 -0.0617547 0.995637 0.069946 -7.76046 0.997717 0.0634993 -0.0229974 11.8205
-0.0268292 0.0667202 -0.997411 -137.647 -0.0617716 0.995753 0.0682709 -7.66796 0.99773 0.0634434 -0.0225939 11.7634
-0.0257968 0.0668605 -0.997429 -138.906 -0.0611336 0.995788 0.0683317 -7.58699 0.997796 0.0627391 -0.0216007 11.7155
-0.0250291 0.0660907 -0.9975 -140.168 -0.061464 0.995823 0.0675218 -7.50531 0.997795 0.0630003 -0.0208624 11.6671
-0.0243647 0.0674414 -0.997426 -141.424 -0.0611582 0.995753 0.0688222 -7.42872 0.997831 0.0626776 -0.0201366 11.6247
-0.0236309 0.0716804 -0.997148 -142.686 -0.0625007 0.995369 0.0730337 -7.34082 0.997765 0.0640483 -0.0190414 11.5926
-0.0223312 0.0730695 -0.997077 -143.937 -0.063987 0.995176 0.0743634 -7.25533 0.997701 0.0654605 -0.017548 11.5586
-0.0214789 0.0704483 -0.997284 -145.186 -0.0663403 0.995215 0.071731 -7.16943 0.997566 0.0677008 -0.0167025 11.5237
-0.0213409 0.0670291 -0.997523 -146.426 -0.0652644 0.995528 0.0682914 -7.08979 0.99764 0.0665601 -0.0168708 11.4927
-0.021398 0.0653734 -0.997631 -147.669 -0.0624278 0.995825 0.066594 -7.01338 0.99782 0.0637049 -0.0172275 11.4658
-0.0216273 0.0648925 -0.997658 -148.919 -0.0611853 0.995935 0.0661069 -6.93253 0.997892 0.0624717 -0.0175689 11.4495
-0.0218057 0.065009 -0.997646 -150.161 -0.0584101 0.996096 0.0661847 -6.85533 0.998054 0.0597159 -0.0179234 11.4292
-0.0219991 0.0643314 -0.997686 -151.402 -0.0562112 0.996269 0.0654795 -6.78042 0.998177 0.0575216 -0.0183009 11.4086
-0.021791 0.0644121 -0.997685 -152.638 -0.0557818 0.99629 0.0655403 -6.70625 0.998205 0.0570809 -0.0181171 11.3818
-0.0220074 0.0664219 -0.997549 -153.879 -0.0530591 0.996307 0.0675098 -6.62904 0.998349 0.0544148 -0.0184018 11.3592
-0.0222926 0.0681195 -0.997428 -155.115 -0.0506585 0.996317 0.0691758 -6.55251 0.998467 0.0520703 -0.0187596 11.333
-0.0223664 0.0666681 -0.997525 -156.35 -0.0481825 0.996543 0.0676829 -6.47327 0.998588 0.0495771 -0.0190768 11.3105
-0.022998 0.0668077 -0.997501 -157.58 -0.0492914 0.996475 0.0678755 -6.39757 0.99852 0.0507292 -0.0196239 11.2813
-0.0229668 0.0715932 -0.997169 -158.816 -0.0498877 0.996108 0.072666 -6.31869 0.998491 0.0514154 -0.0193057 11.2513
-0.0228277 0.0780094 -0.996691 -160.047 -0.0554865 0.995316 0.0791725 -6.23827 0.998198 0.0571103 -0.0183923 11.2141
-0.021481 0.0785124 -0.996682 -161.277 -0.0600604 0.99501 0.0796752 -6.1518 0.997964 0.0615726 -0.0166584 11.1779
-0.0202162 0.0745081 -0.997016 -162.496 -0.0639214 0.995083 0.0756598 -6.06657 0.99775 0.0652602 -0.0153541 11.1432
-0.018612 0.0693515 -0.997419 -163.709 -0.065733 0.995348 0.0704341 -5.98296 0.997664 0.0668742 -0.0139667 11.1076
-0.0178797 0.0669446 -0.997596 -164.928 -0.0682424 0.995348 0.0680168 -5.8937 0.997509 0.0692945 -0.013228 11.0581
-0.0169205 0.0652108 -0.997728 -166.146 -0.0640036 0.995754 0.0661672 -5.81302 0.997806 0.0649778 -0.0126749 11.0202
-0.0167496 0.0598043 -0.99807 -167.36 -0.0597827 0.996364 0.0607053 -5.73244 0.998071 0.060684 -0.0131135 10.9834
-0.0168766 0.05816 -0.998165 -168.565 -0.0544193 0.996774 0.0589991 -5.66699 0.998376 0.0553152 -0.0136571 10.9657
-0.0178117 0.0587501 -0.998114 -169.76 -0.0509276 0.996923 0.0595888 -5.60544 0.998544 0.0518929 -0.0147649 10.9555
-0.0173544 0.0666381 -0.997626 -170.968 -0.0514825 0.996393 0.0674513 -5.54143 0.998523 0.0525308 -0.0138611 10.9337
-0.0158327 0.0695745 -0.997451 -172.169 -0.0536184 0.996082 0.0703301 -5.47277 0.998436 0.0545953 -0.0120402 10.9143
-0.0139589 0.0662715 -0.997704 -173.369 -0.0542573 0.996281 0.0669361 -5.40095 0.998429 0.055067 -0.0103113 10.8948
-0.0131354 0.0652124 -0.997785 -174.571 -0.0562355 0.996243 0.065852 -5.32943 0.998331 0.0569759 -0.00941879 10.8768
-0.0122555 0.0674423 -0.997648 -175.774 -0.0551917 0.996156 0.0680195 -5.26229 0.998401 0.0558954 -0.00848612 10.8615
-0.0115808 0.0659072 -0.997758 -176.965 -0.0544348 0.996304 0.066443 -5.19458 0.99845 0.0550822 -0.00795035 10.8464
-0.00996469 0.0642728 -0.997883 -178.137 -0.054551 0.996411 0.0647228 -5.12766 0.998461 0.0550804 -0.00642278 10.8331
-0.00838882 0.0658029 -0.997797 -179.285 -0.0563302 0.996217 0.0661723 -5.06644 0.998377 0.0567613 -0.00465039 10.8172
-0.00694248 0.0678072 -0.997674 -180.403 -0.0564786 0.996079 0.0680919 -5.00961 0.99838 0.0568199 -0.0030856 10.806
-0.0065403 0.0693732 -0.997569 -181.49 -0.0571867 0.995932 0.0696343 -4.95263 0.998342 0.0575031 -0.00254646 10.7961
-0.00630442 0.0708385 -0.997468 -182.554 -0.0577609 0.995796 0.0710849 -4.89459 0.998311 0.0580628 -0.00218622 10.7879
-0.00635999 0.0720724 -0.997379 -183.594 -0.0567645 0.995765 0.0723178 -4.83494 0.998367 0.0570757 -0.0022419 10.7803
-0.00611266 0.0712973 -0.997436 -184.602 -0.0570654 0.995805 0.0715304 -4.77521 0.998352 0.0573563 -0.00201841 10.7737
-0.00474368 0.0712493 -0.997447 -185.576 -0.057847 0.995769 0.0714045 -4.71696 0.998314 0.0580381 -0.000602049 10.7646
-0.00317161 0.0713993 -0.997443 -186.524 -0.0586323 0.995718 0.0714624 -4.6612 0.998275 0.058709 0.00102829 10.7587
-0.00377835 0.0699775 -0.997541 -187.458 -0.0577089 0.995871 0.0700789 -4.60915 0.998326 0.0578318 0.000275585 10.7588
-0.00671129 0.0672679 -0.997712 -188.392 -0.055057 0.996197 0.067536 -4.55796 0.998461 0.0553843 -0.0029822 10.7623
-0.0116504 0.0638903 -0.997889 -189.314 -0.054475 0.996434 0.0644332 -4.50568 0.998447 0.0551106 -0.00812845 10.7526
-0.0165893 0.0607384 -0.998016 -190.233 -0.0560803 0.996525 0.0615799 -4.45225 0.998289 0.0569906 -0.0131254 10.7339
-0.0207177 0.0594364 -0.998017 -191.156 -0.0579306 0.996483 0.0605476 -4.3991 0.998106 0.0590701 -0.0172016 10.7111
-0.0236095 0.0602642 -0.997903 -192.068 -0.0598074 0.996309 0.0615829 -4.34541 0.997931 0.0611359 -0.0199181 10.6853
-0.027179 0.0636254 -0.997604 -193.897 -0.0559012 0.996314 0.0650661 -4.23442 0.998066 0.0575357 -0.0235221 10.6411
-0.028503 0.0642052 -0.99753 -194.804 -0.0544177 0.996355 0.0656846 -4.17989 0.998111 0.0561554 -0.0249052 10.6168
-0.0295218 0.0634961 -0.997545 -195.706 -0.054461 0.996396 0.0650347 -4.12562 0.998079 0.0562473 -0.0259573 10.5859
-0.0303141 0.062206 -0.997603 -196.608 -0.0559355 0.996392 0.0638302 -4.06726 0.997974 0.0577363 -0.0267252 10.5588
-0.0303087 0.0615426 -0.997644 -197.51 -0.0599568 0.996193 0.0632746 -4.01164 0.997741 0.0617333 -0.0265035 10.5251
-0.0295415 0.0595999 -0.997785 -198.416 -0.0625222 0.996156 0.0613537 -3.95672 0.997606 0.0641962 -0.0257017 10.4957
-0.0286247 0.0572099 -0.997952 -199.322 -0.0631437 0.996263 0.0589243 -3.90281 0.997594 0.0647011 -0.0249053 10.4652
-0.0280859 0.0542842 -0.99813 -200.235 -0.0628435 0.996453 0.0559613 -3.84951 0.997628 0.0642978 -0.0245749 10.4375
-0.0272741 0.0539367 -0.998172 -201.153 -0.0628427 0.996476 0.0555621 -3.79485 0.997651 0.0642432 -0.0237885 10.412
-0.026736 0.0562475 -0.998059 -202.08 -0.0610506 0.99646 0.0577929 -3.74 0.997777 0.0624773 -0.0232074 10.3882
-0.0267607 0.0587118 -0.997916 -203.014 -0.0604411 0.996352 0.0602406 -3.68583 0.997813 0.0619273 -0.0231145 10.3642
-0.025816 0.0557605 -0.99811 -203.947 -0.0560054 0.996794 0.0571355 -3.63339 0.998097 0.0573746 -0.0226104 10.3415
-0.0259861 0.0507694 -0.998372 -204.886 -0.0531394 0.997227 0.0520944 -3.57906 0.998249 0.0544066 -0.0232162 10.331
-0.0254375 0.0517678 -0.998335 -205.836 -0.0570305 0.996957 0.0531494 -3.51903 0.998048 0.0582875 -0.0224078 10.3119
-0.0240058 0.0551581 -0.998189 -206.802 -0.0594447 0.996631 0.0565017 -3.46773 0.997943 0.0606934 -0.0206461 10.2983
-0.0220589 0.0557548 -0.998201 -207.765 -0.0574456 0.996723 0.0569418 -3.41227 0.998105 0.0585983 -0.0187837 10.2825
-0.0198178 0.0561065 -0.998228 -208.762 -0.0554139 0.996828 0.0571279 -3.33845 0.998267 0.0564479 -0.0166459 10.3129
-0.0180683 0.0609025 -0.99798 -209.757 -0.0568408 0.996466 0.0618393 -3.27375 0.99822 0.0578433 -0.0145427 10.3177
-0.0162453 0.0653316 -0.997731 -210.768 -0.0537166 0.996365 0.0661168 -3.19732 0.998424 0.0546688 -0.0126769 10.3369
-0.0149658 0.066224 -0.997692 -211.773 -0.0527262 0.996364 0.0669267 -3.12393 0.998497 0.0536061 -0.0114196 10.3451
-0.0128495 0.0665612 -0.9977 -212.805 -0.0555682 0.996193 0.0671764 -3.06448 0.998372 0.0563036 -0.00910186 10.3611
-0.00986648 0.0681997 -0.997623 -213.849 -0.0585522 0.99592 0.0686624 -3.01655 0.998236 0.0590905 -0.00583298 10.376
-0.00626331 0.0689449 -0.997601 -214.902 -0.0597903 0.99581 0.0691965 -2.96611 0.998191 0.0600802 -0.00211482 10.3965
-0.0031228 0.0665801 -0.997776 -215.93 -0.0627385 0.995802 0.0666448 -2.90465 0.998025 0.0628071 0.00106745 10.3964
-0.000247616 0.0634782 -0.997983 -216.93 -0.0626498 0.996022 0.063369 -2.83421 0.998036 0.0625392 0.00373027 10.3753
0.00143543 0.0620419 -0.998073 -217.956 -0.0617197 0.996176 0.0618352 -2.77395 0.998093 0.061512 0.00525915 10.3629
0.00305563 0.0642615 -0.997928 -219.013 -0.0621307 0.996017 0.0639482 -2.7201 0.998063 0.0618065 0.00703607 10.3606
0.00424334 0.0675608 -0.997706 -220.058 -0.0643272 0.995667 0.0671491 -2.66363 0.99792 0.0638947 0.00857095 10.3451
0.00564249 0.0678233 -0.997681 -221.105 -0.0646941 0.995632 0.0673181 -2.61825 0.997889 0.0641643 0.0100056 10.3209
0.00643103 0.064617 -0.997889 -222.155 -0.0634398 0.995926 0.064081 -2.57504 0.997965 0.0628938 0.0105041 10.2984
0.00664762 0.0619442 -0.998058 -223.216 -0.0607248 0.996263 0.0614283 -2.52234 0.998132 0.0601985 0.0103843 10.2887
0.00643803 0.0604997 -0.998147 -224.284 -0.0586042 0.996475 0.0600204 -2.50399 0.998261 0.0581092 0.00996087 10.2629
0.00661196 0.0597564 -0.998191 -225.365 -0.0592664 0.996482 0.0592615 -2.46436 0.99822 0.0587674 0.0101302 10.2468
0.00692026 0.05938 -0.998211 -226.472 -0.0586473 0.996541 0.0588741 -2.43369 0.998255 0.058135 0.0103788 10.2264
0.00669324 0.0610994 -0.998109 -227.585 -0.0613198 0.996278 0.0605762 -2.39259 0.998096 0.0607984 0.0104149 10.2092
0.00634116 0.0628401 -0.998003 -228.707 -0.0622098 0.996115 0.0623259 -2.38192 0.998043 0.0616903 0.0102258 10.2155
0.00566655 0.0644823 -0.997903 -229.833 -0.0626196 0.995983 0.0640027 -2.35365 0.998021 0.0621256 0.00968165 10.2195
0.00505491 0.0659628 -0.997809 -230.968 -0.0632802 0.995843 0.0655123 -2.3175 0.997983 0.0628104 0.00920804 10.2216
0.00428376 0.0678319 -0.997687 -232.112 -0.0655586 0.995569 0.0674065 -2.28106 0.99784 0.0651183 0.00871175 10.221
0.00306993 0.0666072 -0.997775 -233.259 -0.0680736 0.995479 0.0662444 -2.23598 0.997676 0.0677188 0.00759024 10.217
0.0020762 0.0623187 -0.998054 -234.408 -0.066666 0.995845 0.0620421 -2.19309 0.997773 0.0664075 0.00622212 10.2165
0.00067683 0.0557128 -0.998447 -235.564 -0.0636657 0.996424 0.0555568 -2.147 0.997971 0.0635292 0.00422141 10.2149
-0.00120625 0.0511189 -0.998692 -236.735 -0.0588879 0.996956 0.0511011 -2.10407 0.998264 0.0588725 0.0018077 10.2194
-0.00332789 0.050798 -0.998703 -237.913 -0.0527579 0.997309 0.0509029 -2.05777 0.998602 0.0528589 -0.00063893 10.2198
-0.00554841 0.0550993 -0.998465 -239.104 -0.0479697 0.997317 0.0553025 -2.0132 0.998833 0.0482029 -0.00289042 10.2177
-0.00758116 0.0576525 -0.998308 -240.296 -0.0457388 0.997272 0.05794 -1.96159 0.998925 0.0461006 -0.00492352 10.2064
-0.00969391 0.056933 -0.998331 -241.495 -0.0436656 0.997401 0.057304 -1.9065 0.998999 0.0441482 -0.00718271 10.1969
-0.0120006 0.0571424 -0.998294 -242.703 -0.0437939 0.997378 0.0576165 -1.85085 0.998969 0.0444106 -0.00946665 10.1834
-0.0140574 0.0588377 -0.998169 -243.912 -0.0429604 0.99731 0.0593922 -1.79939 0.998978 0.0437166 -0.0114919 10.1696
-0.0163085 0.058974 -0.998126 -245.125 -0.0419578 0.997339 0.0596131 -1.74759 0.998986 0.0428514 -0.0137906 10.1537
-0.0185564 0.0574643 -0.998175 -246.347 -0.0419158 0.997425 0.0582004 -1.69193 0.998949 0.0429193 -0.0160999 10.1302
-0.0206626 0.0569144 -0.998165 -247.572 -0.0415824 0.997466 0.0577353 -1.63441 0.998921 0.042699 -0.0182436 10.1042
-0.0231036 0.057965 -0.998051 -248.81 -0.0421303 0.997374 0.058901 -1.57371 0.998845 0.043409 -0.0206009 10.0706
-0.0253063 0.0585998 -0.997961 -250.053 -0.0425255 0.997314 0.0596402 -1.5135 0.998775 0.043948 -0.0227464 10.0368
-0.0277674 0.0593084 -0.997853 -251.299 -0.0437628 0.997209 0.0604879 -1.4516 0.998656 0.0453484 -0.0250944 9.99556
-0.030152 0.0611245 -0.997675 -252.538 -0.0454348 0.997013 0.0624571 -1.3934 0.998512 0.0472124 -0.0272847 9.9394
-0.031746 0.0617329 -0.997588 -253.774 -0.0470353 0.996893 0.0631867 -1.32725 0.998389 0.0489277 -0.0287437 9.88052
-0.0327838 0.0624917 -0.997507 -255.028 -0.0496986 0.996707 0.064075 -1.26275 0.998226 0.0516753 -0.02957 9.82238
-0.0327256 0.0629747 -0.997478 -256.286 -0.0507417 0.996621 0.0645854 -1.20357 0.998175 0.0527273 -0.0294196 9.77283
-0.0327354 0.0617121 -0.997557 -257.535 -0.0495926 0.996762 0.0632903 -1.14033 0.998233 0.0515433 -0.0295689 9.71899
-0.0326486 0.0599414 -0.997668 -258.781 -0.046546 0.997026 0.061426 -1.07368 0.998382 0.0484429 -0.0297615 9.66964
-0.0327239 0.0602046 -0.997649 -260.038 -0.0460084 0.997035 0.0616767 -1.00945 0.998405 0.0479185 -0.029857 9.62888
-0.032819 0.0610501 -0.997595 -261.3 -0.0457601 0.996994 0.0625187 -0.95271 0.998413 0.0477019 -0.0299267 9.59151
-0.0325149 0.0609467 -0.997611 -262.557 -0.0449701 0.997039 0.0623775 -0.909016 0.998459 0.0468908 -0.0296778 9.54702
-0.0320178 0.0614386 -0.997597 -263.811 -0.0446242 0.997026 0.0628356 -0.86536 0.998491 0.0465288 -0.0291809 9.50311
-0.0318247 0.0630596 -0.997502 -265.059 -0.042332 0.997027 0.0643801 -0.8159 0.998597 0.0442751 -0.0290607 9.45955
-0.0320003 0.0650025 -0.997372 -266.32 -0.0376171 0.997098 0.0661916 -0.764098 0.99878 0.0396364 -0.0294622 9.42187
-0.0318969 0.0685282 -0.997139 -267.574 -0.0345333 0.996976 0.0696216 -0.705481 0.998894 0.0366553 -0.0294339 9.37998
-0.0317399 0.0709087 -0.996978 -268.827 -0.0324404 0.996882 0.0719346 -0.645492 0.99897 0.0346256 -0.0293406 9.3377
-0.0317328 0.0698592 -0.997052 -270.066 -0.0326599 0.996949 0.0708915 -0.580995 0.998963 0.0348132 -0.0293544 9.29032
-0.0317194 0.0676869 -0.997202 -271.304 -0.0345777 0.997033 0.0687752 -0.516234 0.998899 0.0366624 -0.0292848 9.24124
-0.0322269 0.0702383 -0.997009 -272.55 -0.0400985 0.996634 0.0715079 -0.45158 0.998676 0.042283 -0.029302 9.17626
-0.0325046 0.0768913 -0.99651 -273.799 -0.0460626 0.995862 0.0783439 -0.387499 0.99841 0.0484484 -0.0288283 9.10379
-0.0325551 0.077116 -0.99649 -275.036 -0.0504152 0.995623 0.078696 -0.316975 0.998198 0.0528002 -0.0285248 9.03667
-0.0323384 0.070069 -0.997018 -276.264 -0.0502342 0.996165 0.0716384 -0.246792 0.998214 0.0524011 -0.0286945 8.9761
-0.0328974 0.0642127 -0.997394 -277.484 -0.0472782 0.996717 0.0657285 -0.166958 0.99834 0.0493173 -0.0297535 8.91969
-0.0330544 0.0632808 -0.997448 -278.711 -0.0419388 0.997027 0.0646439 -0.0845475 0.998573 0.0439686 -0.0303022 8.87282
-0.0320816 0.0650336 -0.997367 -279.947 -0.0384146 0.997063 0.0662495 -0.003192 0.998747 0.0404388 -0.0294892 8.83282
-0.0304038 0.0667231 -0.997308 -281.18 -0.0373951 0.996995 0.0678421 0.0727412 0.998838 0.0393571 -0.0278173 8.78975
-0.029337 0.0691314 -0.997176 -282.418 -0.0386009 0.996783 0.0702398 0.157198 0.998824 0.0405525 -0.0265741 8.75313
-0.0284885 0.0710264 -0.997067 -283.65 -0.0397989 0.996601 0.0721303 0.242781 0.998802 0.0417371 -0.0255649 8.7154
-0.0277207 0.0718172 -0.997032 -284.882 -0.0407934 0.996504 0.0729133 0.320717 0.998783 0.0426936 -0.0246941 8.68243
-0.026929 0.0717674 -0.997058 -286.103 -0.0403777 0.996527 0.0728198 0.394096 0.998822 0.0422199 -0.0239377 8.64623
-0.0267829 0.0697756 -0.997203 -287.323 -0.0407529 0.996655 0.0708318 0.466403 0.99881 0.042536 -0.0238498 8.61051
-0.0265018 0.0686062 -0.997292 -288.542 -0.0405195 0.996749 0.0696456 0.536947 0.998827 0.0422555 -0.0236357 8.57273
-0.0264651 0.0681218 -0.997326 -289.764 -0.0410467 0.99676 0.0691724 0.609008 0.998807 0.0427676 -0.0235832 8.53876
-0.0261455 0.0679054 -0.997349 -290.988 -0.0416839 0.996748 0.0689572 0.681796 0.998789 0.0433763 -0.0232299 8.50515
-0.0259698 0.0684244 -0.997318 -292.209 -0.0422993 0.996686 0.0694825 0.75379 0.998767 0.0439903 -0.0229894 8.46749
-0.0257412 0.0687774 -0.9973 -293.433 -0.0415812 0.996693 0.0698089 0.825198 0.998803 0.0432659 -0.0227962 8.43274
-0.025633 0.0672948 -0.997404 -294.655 -0.0412713 0.99681 0.0683153 0.895378 0.998819 0.0429152 -0.0227739 8.3949
-0.0258074 0.0643384 -0.997594 -295.905 -0.0408453 0.997026 0.0653584 0.993732 0.998832 0.0424338 -0.0231027 8.36071
-0.0262098 0.0615618 -0.997759 -297.093 -0.0418684 0.997158 0.0626246 1.08316 0.998779 0.043416 -0.0235578 8.32772
-0.026378 0.0601587 -0.99784 -298.32 -0.0433155 0.997181 0.061264 1.17855 0.998713 0.044838 -0.0236979 8.29448
-0.0267609 0.0603669 -0.997817 -299.551 -0.0464652 0.997021 0.0615649 1.26837 0.998561 0.0480113 -0.0238763 8.25345
-0.0272755 0.0616061 -0.997728 -300.784 -0.0497016 0.996781 0.0629063 1.3482 0.998392 0.0513045 -0.0241257 8.21288
-0.0275966 0.0626859 -0.997652 -302.013 -0.0532599 0.996522 0.0640881 1.42178 0.998199 0.0549034 -0.024162 8.16972
-0.0280021 0.0630288 -0.997619 -303.255 -0.0550317 0.996399 0.0644965 1.49863 0.998092 0.0567067 -0.0244327 8.13597
-0.0283583 0.0611057 -0.997728 -304.499 -0.0548841 0.996529 0.0625923 1.55981 0.99809 0.0565344 -0.0249062 8.10344
-0.0288432 0.0587128 -0.997858 -305.746 -0.0527615 0.996792 0.0601752 1.61496 0.99819 0.0543841 -0.0256529 8.07421
-0.0296247 0.0581325 -0.997869 -306.996 -0.0496708 0.996988 0.0595559 1.65257 0.998326 0.0513293 -0.026648 8.04645
-0.0304532 0.0604383 -0.997707 -308.247 -0.0475565 0.996952 0.0618442 1.68471 0.998404 0.0493309 -0.0274862 8.01534
-0.0311329 0.0621538 -0.997581 -309.495 -0.0462287 0.996907 0.0635546 1.71054 0.998446 0.0480955 -0.0281633 7.98297
-0.0316816 0.0611645 -0.997625 -310.734 -0.0468987 0.996935 0.0626116 1.74937 0.998397 0.048771 -0.028716 7.94165
-0.0316871 0.0596339 -0.997717 -311.978 -0.048259 0.996963 0.0611215 1.77056 0.998332 0.0500856 -0.028713 7.90386
-0.0310732 0.0591551 -0.997765 -313.22 -0.0486453 0.996975 0.0606232 1.80343 0.998333 0.0504203 -0.0281016 7.86369
-0.0300566 0.0592524 -0.99779 -314.481 -0.0468272 0.997062 0.0606198 1.81481 0.998451 0.0485457 -0.0271936 7.83984
-0.0295668 0.0597509 -0.997775 -315.734 -0.0440778 0.997163 0.0610204 1.84336 0.998591 0.0457839 -0.0268492 7.81015
-0.0291115 0.060853 -0.997722 -316.99 -0.0407016 0.997245 0.0620115 1.8713 0.998747 0.0424141 -0.0265545 7.78254
-0.028699 0.0613911 -0.997701 -318.242 -0.0386631 0.997297 0.0624784 1.90951 0.99884 0.0403673 -0.0262478 7.74992
-0.0281179 0.0615235 -0.99771 -319.541 -0.0377223 0.997328 0.0625631 1.94882 0.998893 0.0393951 -0.0257219 7.71575
-0.0275565 0.0607554 -0.997772 -320.754 -0.0376649 0.997379 0.0617718 1.99247 0.99891 0.0392832 -0.025196 7.67947
-0.0265371 0.0615419 -0.997752 -322.006 -0.0389457 0.997282 0.0625488 2.03546 0.998889 0.040518 -0.0240682 7.64052
-0.025124 0.0636747 -0.997654 -323.269 -0.0413345 0.99705 0.064677 2.07567 0.99883 0.0428625 -0.0224179 7.60175
-0.0233737 0.0646153 -0.997637 -324.529 -0.0432169 0.996911 0.0655809 2.12456 0.998792 0.0446476 -0.0205091 7.56322
-0.0215992 0.0654004 -0.997625 -325.796 -0.0459655 0.996738 0.0663374 2.17411 0.99871 0.0472892 -0.0185226 7.52701
-0.0200928 0.0677027 -0.997503 -327.058 -0.0484293 0.996467 0.068608 2.23041 0.998625 0.0496869 -0.0167431 7.49052
-0.0194976 0.0715688 -0.997245 -328.344 -0.0506093 0.996085 0.072475 2.28937 0.998528 0.051883 -0.0157993 7.45611
-0.01938 0.0750619 -0.996991 -329.587 -0.0529671 0.9957 0.0759944 2.35419 0.998408 0.0542805 -0.0153209 7.42133
-0.0195238 0.0767618 -0.996858 -330.848 -0.0566613 0.995361 0.0777562 2.42226 0.998203 0.0580014 -0.0150838 7.3849
-0.0194696 0.0784766 -0.996726 -332.11 -0.0618765 0.994909 0.0795422 2.49333 0.997894 0.0632225 -0.0145146 7.34733
-0.0196763 0.0788356 -0.996693 -333.369 -0.0666028 0.994569 0.0799824 2.5648 0.997586 0.0679564 -0.0143188 7.3096
-0.0196432 0.0729869 -0.997139 -334.616 -0.0677432 0.994943 0.0741607 2.6352 0.997509 0.0690061 -0.0145995 7.27475
-0.019662 0.0659014 -0.997632 -335.86 -0.0678659 0.995436 0.0670938 2.70143 0.997501 0.0690244 -0.0150998 7.24226
-0.0203034 0.064782 -0.997693 -337.112 -0.0692565 0.99541 0.0660432 2.76427 0.997392 0.0704376 -0.0157236 7.20852
-0.020274 0.0687238 -0.99743 -338.365 -0.0683972 0.995202 0.0699606 2.82399 0.997452 0.0696398 -0.0154763 7.17871
-0.0200742 0.0685775 -0.997444 -339.609 -0.0686325 0.995197 0.0698043 2.88721 0.99744 0.0698583 -0.0152711 7.14778
-0.0200529 0.0709138 -0.997281 -340.848 -0.0688592 0.995015 0.0721373 2.95351 0.997425 0.0701185 -0.0150699 7.11479
-0.0202813 0.0745779 -0.997009 -342.084 -0.0683586 0.994777 0.0758016 3.01826 0.997455 0.0696915 -0.0150773 7.08426
-0.0203856 0.0764626 -0.996864 -343.309 -0.0672885 0.994706 0.0776731 3.08578 0.997525 0.0686609 -0.0151326 7.05394
-0.0206465 0.0770693 -0.996812 -344.523 -0.0678818 0.994616 0.0783055 3.15238 0.99748 0.0692821 -0.0153038 7.02416
-0.020797 0.0753633 -0.996939 -345.721 -0.0691822 0.994656 0.0766339 3.21827 0.997387 0.0705642 -0.015472 6.9913
-0.0209018 0.0726057 -0.997142 -346.908 -0.0710771 0.994728 0.0739198 3.28248 0.997252 0.0724189 -0.015631 6.95732
-0.0210209 0.0726456 -0.997136 -348.081 -0.0717761 0.994673 0.0739793 3.34617 0.997199 0.0731257 -0.0156947 6.92348
-0.0210649 0.0754329 -0.996928 -349.24 -0.071922 0.994452 0.0767653 3.40914 0.997188 0.0733181 -0.0155227 6.89124
-0.0213768 0.0783232 -0.996699 -350.385 -0.0705277 0.994325 0.0796494 3.47255 0.997281 0.0719975 -0.0157316 6.86042
-0.0216033 0.0806291 -0.99651 -351.51 -0.0678942 0.994323 0.0819241 3.53856 0.997459 0.0694271 -0.0160064 6.83235
-0.022098 0.0835819 -0.996256 -352.618 -0.0677933 0.99408 0.0849031 3.6065 0.997455 0.0694156 -0.0163008 6.80116
-0.0227992 0.0861373 -0.996022 -353.708 -0.0675973 0.993869 0.0874983 3.67471 0.997452 0.0693233 -0.0168367 6.76839
-0.0234851 0.0814815 -0.996398 -354.782 -0.0673974 0.994277 0.0828966 3.73923 0.99745 0.0691015 -0.0178591 6.7359
-0.0241457 0.0701995 -0.997241 -355.834 -0.0682275 0.99509 0.0717001 3.79945 0.997378 0.0697705 -0.0192376 6.69994
-0.0249029 0.0583838 -0.997984 -356.878 -0.0697924 0.995756 0.059995 3.85383 0.997251 0.0711457 -0.0207224 6.6633
-0.0257276 0.0530621 -0.99826 -357.919 -0.0700932 0.996037 0.0547504 3.90097 0.997209 0.0713798 -0.0219063 6.62678
-0.0264444 0.0565416 -0.99805 -358.963 -0.0708865 0.99578 0.0582912 3.94529 0.997134 0.0722897 -0.0223248 6.58962
-0.0270359 0.0633883 -0.997623 -360.001 -0.0706759 0.995369 0.0651605 3.99216 0.997133 0.0722695 -0.0224306 6.55243
-0.0277172 0.0691734 -0.99722 -361.033 -0.0713059 0.994925 0.0709961 4.04168 0.997069 0.0730754 -0.0226441 6.51532
-0.0277859 0.0721938 -0.997004 -362.046 -0.0723857 0.994625 0.0740389 4.09675 0.99699 0.074226 -0.0224108 6.47691
-0.0275075 0.0745767 -0.996836 -363.041 -0.0762944 0.994148 0.076481 4.15375 0.996706 0.0781568 -0.0216568 6.43569
-0.0262858 0.0758489 -0.996773 -364.015 -0.0800068 0.993759 0.0777295 4.20734 0.996448 0.0817918 -0.0200533 6.39553
-0.0243316 0.0750032 -0.996886 -364.949 -0.0830543 0.993583 0.0767818 4.26136 0.996248 0.0846639 -0.0179461 6.36778
-0.0210727 0.0723316 -0.997158 -365.856 -0.0851922 0.993622 0.0738755 4.31512 0.996142 0.0865069 -0.0147762 6.34508
-0.0170582 0.0694164 -0.997442 -366.742 -0.086895 0.99371 0.0706427 4.36364 0.996071 0.0878777 -0.0109189 6.32493
-0.0114699 0.0664363 -0.997725 -367.601 -0.0865357 0.993981 0.0671818 4.40699 0.996183 0.0871093 -0.00565171 6.31496
-0.00349196 0.0638023 -0.997956 -368.438 -0.0874957 0.994116 0.0638629 4.44655 0.996159 0.0875399 0.00211102 6.30707
0.00931414 0.0606827 -0.998114 -369.245 -0.0872506 0.994399 0.0596427 4.48126 0.996143 0.0865305 0.0145566 6.3165
0.0264161 0.0596418 -0.99787 -370.026 -0.0872625 0.994546 0.057133 4.51271 0.995835 0.0855674 0.0314765 6.33438
0.048218 0.0595948 -0.997057 -370.781 -0.0853499 0.994813 0.0553332 4.53928 0.995184 0.0824307 0.0530543 6.38396
0.073627 0.060799 -0.995431 -371.506 -0.0818676 0.995139 0.0547259 4.56373 0.99392 0.0774642 0.0782467 6.4548
0.101819 0.0624657 -0.99284 -372.193 -0.0787339 0.995402 0.0545525 4.58779 0.991682 0.0726156 0.106269 6.53468
0.166624 0.0696338 -0.983559 -373.502 -0.0725345 0.995666 0.0582031 4.63704 0.983349 0.0616439 0.170952 6.76783
0.239504 0.0764541 -0.967881 -374.725 -0.0647851 0.995931 0.0626387 4.68245 0.968732 0.0477021 0.243482 7.10935
0.322167 0.0742278 -0.943768 -375.844 -0.0604973 0.996498 0.0577235 4.7299 0.944748 0.0384988 0.32553 7.51928
0.367044 0.073863 -0.927266 -376.363 -0.0606486 0.996622 0.0553808 4.75521 0.928224 0.0359102 0.370284 7.74189
