1 1.19763e-11 1.70464e-10 5.55111e-17 1.19763e-11 1 3.5625e-10 0 1.70464e-10 3.5625e-10 1 2.22045e-16
0.999754 -0.0080102 0.0206713 0.0541807 0.00800831 0.999968 0.000174444 -0.0200812 -0.020672 -8.85798e-06 0.999786 0.879235
0.999901 -0.0140506 0.000504162 0.0697684 0.014053 0.999888 -0.00509479 -0.0344022 -0.00043252 0.00510137 0.999987 1.82433
0.99936 -0.00884888 -0.0346539 0.0349382 0.00867917 0.99995 -0.00504468 -0.05404 0.0346968 0.00474069 0.999387 2.51677
0.997237 -0.00450796 -0.0741536 -0.030863 0.00401261 0.999969 -0.0068277 -0.0708538 0.0741821 0.00651129 0.997224 3.24715
0.993338 -0.00732914 -0.115005 -0.12313 0.00675202 0.999963 -0.00540698 -0.085179 0.115041 0.00459444 0.99335 4.0219
0.988853 -0.00473132 -0.148821 -0.271424 0.00421114 0.999984 -0.00381028 -0.104355 0.148837 0.0031411 0.988857 4.82831
0.984582 -0.00488431 -0.174855 -0.441034 0.00414308 0.999981 -0.00460392 -0.123056 0.174874 0.00380849 0.984583 5.68309
0.981204 -0.00817602 -0.192802 -0.622388 0.00656866 0.999938 -0.00897463 -0.139892 0.192863 0.00753949 0.981197 6.58694
0.978032 -0.00786601 -0.208306 -0.834805 0.00520747 0.999898 -0.013308 -0.160426 0.20839 0.0119309 0.977973 7.54838
0.974445 -0.0179421 -0.22391 -1.05287 0.014605 0.999756 -0.0165511 -0.187051 0.224152 0.0128579 0.974469 8.55498
0.970381 -0.0147765 -0.241127 -1.31795 0.00962766 0.9997 -0.0225173 -0.21944 0.241388 0.0195289 0.970232 9.60761
0.965998 -0.013826 -0.258178 -1.60092 0.00693571 0.999595 -0.0275799 -0.273656 0.258454 0.0248515 0.965704 10.6997
0.961395 -0.0166012 -0.274673 -1.9029 0.00799167 0.999442 -0.0324343 -0.327927 0.275058 0.028987 0.960991 11.8293
0.956795 -0.0164272 -0.290299 -2.24733 0.00478174 0.999157 -0.0407793 -0.386295 0.290724 0.0376293 0.956067 13.0013
0.95371 -0.0184829 -0.300158 -2.62093 0.00161928 0.998411 -0.0563342 -0.442032 0.300723 0.0532405 0.952225 14.2169
0.951174 -0.0179842 -0.308132 -3.02473 -0.00504506 0.997262 -0.0737789 -0.519018 0.308615 0.071731 0.948478 15.4771
0.948193 -0.0153812 -0.317321 -3.47158 -0.0130072 0.99611 -0.0871505 -0.630815 0.317428 0.086763 0.944305 16.7949
0.944906 -0.012224 -0.327113 -3.95102 -0.0211499 0.994935 -0.098274 -0.769005 0.326657 0.0997781 0.939861 18.1139
0.941412 -0.0080758 -0.33716 -4.46663 -0.0282631 0.994308 -0.102732 -0.923399 0.336071 0.106242 0.935825 19.4975
0.936868 -0.0075193 -0.349602 -5.00232 -0.0294695 0.994514 -0.100363 -1.09105 0.348439 0.10433 0.931507 20.9243
0.931099 -0.00694884 -0.364699 -5.57559 -0.0300374 0.994962 -0.0956449 -1.26005 0.363527 0.10001 0.9262 22.3896
0.924286 -0.00152434 -0.381697 -6.21501 -0.0331749 0.995887 -0.0843108 -1.43896 0.380255 0.0905901 0.920434 23.8785
0.916801 0.00348662 -0.39933 -6.89367 -0.0379648 0.996194 -0.0784635 -1.60697 0.397536 0.0870958 0.913444 25.3849
0.908864 0.00326854 -0.417081 -7.60633 -0.0387532 0.996305 -0.0766397 -1.76197 0.415289 0.0858182 0.905632 26.9144
0.904883 0.00460814 -0.425635 -7.98219 -0.0402168 0.996394 -0.0747117 -1.83986 0.423756 0.084723 0.901805 27.6887
0.897202 0.00400336 -0.441603 -8.75708 -0.0382014 0.996914 -0.068576 -1.99023 0.439966 0.0783964 0.894586 29.2614
0.889627 0.00652417 -0.456641 -9.5807 -0.0373265 0.997591 -0.0584665 -2.13002 0.45516 0.0690582 0.887728 30.8642
0.882564 0.00476447 -0.470168 -10.4443 -0.034988 0.997842 -0.0555652 -2.25826 0.468888 0.06549 0.880826 32.4921
0.879358 0.00539833 -0.476131 -10.895 -0.0352284 0.997933 -0.0537483 -2.31948 0.474857 0.0640373 0.87773 33.317
0.876405 0.0044446 -0.481554 -11.3541 -0.0336562 0.998078 -0.0520406 -2.38108 0.480397 0.0618159 0.87487 34.1521
0.873738 0.00315567 -0.486387 -11.8249 -0.0324657 0.998127 -0.051845 -2.44386 0.485313 0.0610898 0.872204 34.997
0.871601 0.00216716 -0.490212 -12.3023 -0.0319671 0.998113 -0.0524253 -2.50533 0.489173 0.0613646 0.870025 35.8444
0.869749 0.00252515 -0.493488 -13.2883 -0.0322997 0.998134 -0.0518192 -2.63809 0.492437 0.0610092 0.868207 37.6162
0.869414 0.00187386 -0.49408 -14.2895 -0.0303751 0.998304 -0.0496637 -2.77514 0.493149 0.058186 0.867997 39.4271
0.868773 1.96643e-05 -0.49521 -14.808 -0.0285815 0.998335 -0.0501023 -2.84176 0.494385 0.0576814 0.867327 40.3431
0.867693 -0.00258007 -0.497094 -15.3346 -0.0261242 0.998368 -0.0507824 -2.90914 0.496414 0.0570497 0.866209 41.2652
0.866109 -0.00315282 -0.499846 -15.8674 -0.0247012 0.998488 -0.0490991 -2.97659 0.499245 0.0548719 0.864722 42.1904
0.864027 -0.00213553 -0.503441 -16.4055 -0.0236476 0.998715 -0.0448213 -3.04362 0.50289 0.050632 0.862866 43.1146
0.861212 -0.00251556 -0.508239 -16.9452 -0.0211271 0.998946 -0.0407442 -3.1089 0.507806 0.045827 0.860251 44.0351
0.857317 -0.00232274 -0.514784 -17.4925 -0.020298 0.99906 -0.038312 -3.17307 0.514389 0.0432946 0.856464 44.9497
0.852081 -0.00580495 -0.523377 -18.0467 -0.0181624 0.999008 -0.0406495 -3.23564 0.523094 0.0441424 0.851131 45.8569
0.845979 -0.00982191 -0.533125 -18.6194 -0.0161719 0.998898 -0.0440651 -3.29854 0.53297 0.0458998 0.844888 46.7661
0.839803 -0.0103353 -0.542793 -19.2123 -0.0160177 0.998912 -0.0438028 -3.35651 0.542655 0.04548 0.838724 47.6623
0.83395 -0.00690796 -0.551798 -19.8228 -0.0172763 0.999105 -0.038618 -3.41024 0.55157 0.0417385 0.833083 48.5507
0.828712 -0.00160584 -0.559674 -20.4338 -0.0205063 0.999237 -0.0332308 -3.46527 0.5593 0.0390155 0.828047 49.4334
0.824474 -0.00142081 -0.565898 -21.057 -0.021837 0.999172 -0.0343237 -3.51714 0.565478 0.0406565 0.823761 50.2968
0.820883 -0.00430657 -0.57108 -21.6751 -0.0222318 0.998973 -0.0394898 -3.57473 0.570664 0.0451126 0.819944 51.1581
0.817964 -0.00641238 -0.575233 -22.2986 -0.0249715 0.998599 -0.0466406 -3.63503 0.574727 0.0525148 0.816659 52.0118
0.81458 -0.00693314 -0.580009 -22.9253 -0.0249219 0.998587 -0.0469375 -3.69662 0.579515 0.0526893 0.813257 52.8739
0.811107 -0.00617406 -0.584865 -23.5601 -0.0243609 0.99872 -0.0443273 -3.76156 0.58439 0.050202 0.809919 53.7342
0.807862 -0.00279969 -0.589364 -24.2013 -0.0243917 0.998973 -0.03818 -3.82252 0.588866 0.0452197 0.806965 54.5969
0.804763 -0.00107241 -0.593595 -24.8457 -0.0245564 0.999082 -0.0350972 -3.8757 0.593088 0.0428215 0.803998 55.4567
0.80164 -0.000716807 -0.597807 -25.4948 -0.0255765 0.999043 -0.0354952 -3.92143 0.59726 0.0437442 0.800854 56.3134
0.798095 -0.00190662 -0.602529 -26.1483 -0.0256941 0.998978 -0.0371949 -3.97158 0.601984 0.0451665 0.79723 57.1703
0.794043 -0.00449012 -0.607845 -26.809 -0.0246916 0.998909 -0.0396343 -4.0193 0.607359 0.04648 0.793066 58.0151
0.789638 -0.00588399 -0.613545 -27.4825 -0.0238154 0.998907 -0.0402303 -4.07062 0.613111 0.0463792 0.788634 58.8646
0.785123 -0.00569829 -0.619313 -28.1597 -0.0235569 0.998959 -0.0390552 -4.12609 0.618891 0.0452522 0.784172 59.6958
0.780153 -0.00523078 -0.625567 -28.845 -0.0239325 0.998984 -0.0381997 -4.18729 0.625131 0.0447729 0.779235 60.5311
0.774757 -0.0065275 -0.632225 -29.5412 -0.0236716 0.998946 -0.039322 -4.24826 0.631815 0.0454308 0.773787 61.3609
0.769223 -0.00810874 -0.63893 -30.245 -0.0229943 0.99892 -0.0403608 -4.30839 0.638567 0.0457382 0.768206 62.1921
0.763546 -0.00912752 -0.645688 -30.9578 -0.0227302 0.998901 -0.0409997 -4.36913 0.645353 0.0459818 0.762499 63.0178
0.757811 -0.0105098 -0.65239 -31.6783 -0.0222484 0.998873 -0.0419351 -4.43169 0.652095 0.0462935 0.756722 63.8405
0.751598 -0.0125318 -0.659502 -32.4174 -0.0214244 0.998828 -0.0433958 -4.49539 0.659273 0.0467456 0.750449 64.6696
0.74534 -0.0132177 -0.666553 -33.1606 -0.0206356 0.998867 -0.0428823 -4.55824 0.666365 0.0457166 0.744223 65.4899
0.739035 -0.0135369 -0.673531 -33.9024 -0.0196637 0.998939 -0.0416532 -4.62179 0.67338 0.0440272 0.737985 66.2939
0.732543 -0.013498 -0.680587 -34.6737 -0.019273 0.998991 -0.0405571 -4.69083 0.680448 0.0428267 0.731544 67.0945
0.726076 -0.015436 -0.687442 -35.4526 -0.017872 0.998987 -0.0413079 -4.75947 0.687383 0.0422787 0.725064 67.891
0.719491 -0.0170822 -0.694292 -36.2506 -0.0177557 0.998918 -0.0429773 -4.83498 0.694275 0.0432494 0.718409 68.682
0.707877 -0.0155886 -0.706164 -37.8752 -0.0197217 0.99893 -0.041821 -4.98138 0.706061 0.0435309 0.706812 70.262
0.702843 -0.0150363 -0.711187 -38.6925 -0.0208797 0.99891 -0.0417542 -5.05786 0.711039 0.044196 0.701762 71.0526
0.697899 -0.0160974 -0.716015 -39.5189 -0.0207924 0.998871 -0.0427229 -5.13733 0.715894 0.0447039 0.696776 71.839
0.692649 -0.0178025 -0.721055 -40.3516 -0.0214703 0.998743 -0.045283 -5.21417 0.720955 0.0468465 0.691396 72.6231
0.687532 -0.020307 -0.72587 -41.1928 -0.0211282 0.998626 -0.0479499 -5.29236 0.725846 0.0483034 0.686159 73.4057
0.682418 -0.0211437 -0.730657 -42.0471 -0.021541 0.998566 -0.0490152 -5.3695 0.730645 0.0491879 0.680983 74.1846
0.677418 -0.0202918 -0.735318 -42.9145 -0.0214254 0.998651 -0.047297 -5.44397 0.735286 0.0477944 0.676069 74.9579
0.672242 -0.0200462 -0.740061 -43.7838 -0.0209892 0.998715 -0.0461182 -5.52705 0.740034 0.0465358 0.670957 75.7356
0.667116 -0.0212421 -0.744651 -44.6583 -0.0199325 0.998726 -0.046347 -5.60232 0.744687 0.0457616 0.665843 76.5097
0.662209 -0.0221648 -0.748991 -45.5383 -0.0191289 0.998737 -0.046468 -5.67712 0.749075 0.0450989 0.660949 77.2778
0.657692 -0.0232386 -0.752929 -46.4323 -0.0180077 0.998753 -0.0465557 -5.7518 0.753072 0.0441778 0.656453 78.0513
0.653799 -0.0238256 -0.756293 -47.334 -0.0171033 0.998783 -0.0462502 -5.82484 0.756475 0.0431734 0.652596 78.8248
0.649816 -0.0259303 -0.759649 -48.239 -0.0145525 0.99881 -0.0465424 -5.89842 0.759953 0.0412988 0.648665 79.5962
0.645509 -0.0306692 -0.763137 -49.1522 -0.0111693 0.998707 -0.0495841 -5.97852 0.763671 0.0405306 0.644332 80.3613
0.640457 -0.0354895 -0.767173 -50.076 -0.00685873 0.998628 -0.0519224 -6.06436 0.767963 0.0385159 0.639335 81.1292
0.633965 -0.0393573 -0.77236 -51.0016 -0.00163804 0.998634 -0.0522321 -6.1534 0.77336 0.0343785 0.633034 81.8906
0.625504 -0.042666 -0.779053 -51.9408 0.00293722 0.998625 -0.0523329 -6.24048 0.780215 0.0304462 0.62477 82.6467
0.616297 -0.0442673 -0.786269 -52.8957 0.00631046 0.998664 -0.051279 -6.32682 0.787489 0.0266414 0.615753 83.3966
0.607344 -0.0424892 -0.793302 -53.8665 0.00668987 0.998807 -0.0483743 -6.41201 0.794411 0.0240728 0.606904 84.1349
0.598199 -0.0420398 -0.800244 -54.8487 0.00632043 0.998839 -0.0477481 -6.49594 0.801323 0.023505 0.59777 84.8619
0.588564 -0.043998 -0.807253 -55.8416 0.005492 0.998713 -0.0504291 -6.57787 0.808432 0.0252473 0.588047 85.5773
0.578477 -0.0457728 -0.814413 -56.8446 0.0061903 0.998642 -0.0517301 -6.66071 0.815675 0.0248832 0.577975 86.2849
0.568499 -0.0474455 -0.821314 -57.8592 0.00643129 0.998561 -0.0532331 -6.74772 0.822659 0.0249808 0.567987 86.9837
0.558199 -0.0482677 -0.828302 -58.8809 0.00899574 0.9986 -0.0521292 -6.83733 0.829659 0.0216472 0.557851 87.6763
0.547628 -0.0482313 -0.835331 -59.9165 0.010468 0.998654 -0.0507988 -6.92835 0.836657 0.0190746 0.547395 88.3591
0.537129 -0.0484212 -0.842109 -60.9641 0.0107306 0.998662 -0.0505786 -7.01508 0.843432 0.0181309 0.536931 89.0272
0.526713 -0.0496383 -0.848592 -62.0219 0.0103153 0.998593 -0.0520099 -7.10298 0.849981 0.0186408 0.526484 89.6838
0.516492 -0.0504485 -0.854805 -63.0954 0.00898705 0.998527 -0.0535005 -7.1928 0.856245 0.0199504 0.516185 90.3289
0.506467 -0.0511064 -0.860743 -64.1713 0.00765584 0.998469 -0.0547791 -7.28391 0.862225 0.0211541 0.506083 90.9595
0.496655 -0.0510568 -0.866445 -65.2682 0.00678652 0.998466 -0.0549462 -7.37481 0.867922 0.0214091 0.496239 91.5851
0.487756 -0.0491068 -0.871598 -66.3733 0.00582533 0.998577 -0.0530011 -7.46567 0.872961 0.0207743 0.487348 92.2009
0.479607 -0.0470054 -0.876224 -67.4867 0.00614955 0.99872 -0.0502108 -7.55519 0.877462 0.0186931 0.479282 92.8094
0.471932 -0.0473256 -0.880364 -68.6065 0.00642676 0.998716 -0.0502427 -7.64359 0.881612 0.0180533 0.47163 93.4083
0.464232 -0.0505598 -0.884269 -69.7287 0.00832206 0.998574 -0.0527264 -7.73132 0.885675 0.0171184 0.463991 93.9987
0.457092 -0.0538699 -0.887787 -70.8583 0.0109974 0.99843 -0.0549214 -7.82005 0.889352 0.0153408 0.456967 94.5834
0.450858 -0.0566813 -0.890794 -71.9916 0.0120279 0.998277 -0.0574327 -7.91415 0.892515 0.0151796 0.450763 95.1581
0.445296 -0.06019 -0.893358 -73.1306 0.0138246 0.998081 -0.0603549 -8.01191 0.895277 0.0145255 0.445274 95.7283
0.440436 -0.0611829 -0.895697 -74.2625 0.0164841 0.998058 -0.0600694 -8.11009 0.897633 0.011692 0.44059 96.2881
0.436156 -0.0585899 -0.897962 -75.4027 0.0178072 0.998245 -0.0564839 -8.20952 0.899695 0.00864566 0.436434 96.8445
0.432213 -0.0565396 -0.899997 -76.5802 0.0211231 0.998393 -0.0525769 -8.30801 0.901524 0.00371369 0.432713 97.4151
0.428845 -0.0558798 -0.901648 -77.6761 0.0228107 0.998437 -0.051029 -8.39673 0.90309 0.00131627 0.429449 97.9397
0.425912 -0.0562438 -0.903015 -78.8072 0.0244544 0.998417 -0.0506519 -8.48698 0.904434 -0.000509444 0.426613 98.4755
0.423285 -0.0552364 -0.904311 -79.9353 0.0262915 0.998468 -0.0486813 -8.57492 0.905615 -0.00316968 0.424089 99.0067
0.420922 -0.054206 -0.905476 -81.0631 0.0277344 0.998515 -0.0468831 -8.66199 0.906673 -0.00537875 0.4218 99.5329
0.418667 -0.0552625 -0.906457 -82.1801 0.030379 0.99844 -0.0468392 -8.74144 0.907632 -0.00792726 0.419693 100.057
0.41603 -0.0555315 -0.907654 -83.2801 0.0324628 0.998404 -0.0462042 -8.828 0.908771 -0.0102426 0.417169 100.563
0.413407 -0.0547541 -0.908899 -84.3708 0.0357078 0.998397 -0.0439042 -8.91461 0.909846 -0.0143045 0.414699 101.063
0.411232 -0.0540687 -0.909926 -85.4619 0.0375087 0.998398 -0.0423741 -8.99653 0.910759 -0.0167045 0.412601 101.554
0.409303 -0.0547943 -0.910752 -86.5468 0.0397918 0.998317 -0.0421796 -9.07269 0.911531 -0.0189762 0.410794 102.033
0.40792 -0.0562215 -0.911285 -87.6204 0.0410825 0.998222 -0.0431952 -9.14951 0.912093 -0.0198177 0.409504 102.509
0.407274 -0.0574136 -0.9115 -88.6828 0.0412123 0.998161 -0.0444579 -9.2276 0.912376 -0.0194585 0.408891 102.977
0.407593 -0.0579514 -0.911323 -89.7402 0.0401783 0.998156 -0.0455033 -9.30589 0.91228 -0.0180686 0.409169 103.428
0.409655 -0.0577658 -0.91041 -90.7863 0.0379973 0.998207 -0.046239 -9.38358 0.911449 -0.0156511 0.411116 103.874
0.413915 -0.057771 -0.90848 -91.8228 0.0356433 0.998247 -0.0472399 -9.46262 0.909617 -0.0128279 0.415249 104.327
0.419059 -0.0580605 -0.906101 -92.8503 0.0339684 0.998257 -0.0482558 -9.54042 0.907324 -0.0105568 0.4203 104.784
0.42486 -0.0582126 -0.903386 -93.8705 0.033289 0.99826 -0.0486704 -9.60931 0.904647 -0.00939476 0.426058 105.256
0.431814 -0.0570946 -0.900154 -94.8824 0.0322541 0.998334 -0.0478493 -9.68029 0.901386 -0.00837171 0.432935 105.733
0.439985 -0.0554909 -0.896289 -95.8862 0.0306551 0.998435 -0.0467665 -9.74908 0.897482 -0.00689918 0.440998 106.216
0.448845 -0.0551755 -0.891904 -96.8816 0.0302683 0.998458 -0.0465349 -9.81891 0.893097 -0.0061094 0.449823 106.71
0.458354 -0.0547039 -0.887084 -97.8684 0.0295935 0.99849 -0.0462831 -9.88676 0.888277 -0.00503785 0.459281 107.211
0.468177 -0.0551241 -0.881914 -98.8429 0.0285159 0.998475 -0.0472717 -9.95809 0.883174 -0.00301704 0.469035 107.719
0.478692 -0.0567894 -0.876144 -99.8058 0.02678 0.998386 -0.0500812 -10.0267 0.877574 0.000510293 0.47944 108.24
0.490094 -0.0574627 -0.869774 -100.755 0.0249701 0.998341 -0.0518867 -10.0936 0.871312 0.00371105 0.490715 108.779
0.502336 -0.05599 -0.862858 -101.7 0.0229246 0.998413 -0.0514399 -10.1557 0.864368 0.00605944 0.502823 109.333
0.51521 -0.0531555 -0.855414 -102.636 0.0212831 0.998561 -0.049232 -10.2166 0.8568 0.007159 0.515599 109.9
0.527775 -0.0508167 -0.847863 -103.56 0.0203956 0.998679 -0.0471601 -10.2764 0.849139 0.00759722 0.528114 110.48
0.539687 -0.0504039 -0.840355 -104.475 0.020775 0.998699 -0.0465593 -10.3255 0.841609 0.00766912 0.540033 111.065
0.551244 -0.0509488 -0.832787 -105.378 0.0209941 0.998665 -0.0472005 -10.3773 0.83408 0.00853542 0.551577 111.659
0.562429 -0.0517523 -0.825224 -106.259 0.021376 0.998616 -0.0480574 -10.4273 0.826569 0.0093889 0.562757 112.256
0.573517 -0.053129 -0.817469 -107.124 0.0231514 0.998547 -0.0486552 -10.4838 0.818866 0.00897901 0.573914 112.86
0.584307 -0.0536682 -0.809756 -107.976 0.0241716 0.998519 -0.048737 -10.5389 0.811172 0.00890429 0.584739 113.472
0.595181 -0.051216 -0.801958 -108.816 0.0230414 0.998644 -0.0466768 -10.5997 0.803261 0.00930296 0.595554 114.087
0.605264 -0.0484412 -0.794549 -109.641 0.0232941 0.998797 -0.0431488 -10.6555 0.795684 0.00760816 0.605665 114.711
0.615348 -0.0466776 -0.786873 -110.448 0.0219338 0.998873 -0.0421009 -10.7145 0.787951 0.00864758 0.615678 115.333
0.625611 -0.0460318 -0.778776 -111.243 0.0199975 0.998876 -0.0429769 -10.7697 0.779879 0.0113132 0.625828 115.96
0.635275 -0.0458613 -0.770923 -112.022 0.0183267 0.998849 -0.0443183 -10.8275 0.772069 0.0140258 0.635384 116.59
0.644632 -0.0455626 -0.763134 -112.785 0.0181048 0.998852 -0.0443426 -10.8844 0.764279 0.0147683 0.644717 117.226
0.653929 -0.043555 -0.755301 -113.542 0.0179591 0.998954 -0.0420567 -10.9407 0.756342 0.0139376 0.654027 117.859
0.662789 -0.0415659 -0.747652 -114.285 0.0177195 0.999049 -0.0398341 -10.9969 0.748596 0.0131536 0.662895 118.495
0.671133 -0.0409619 -0.740205 -115.015 0.0183221 0.999084 -0.0386755 -11.0507 0.741111 0.0123943 0.671269 119.133
0.679007 -0.0404149 -0.733019 -115.731 0.0172534 0.999086 -0.0391024 -11.1043 0.733929 0.0139037 0.679084 119.773
0.68663 -0.0393402 -0.725942 -116.434 0.016544 0.999122 -0.0384962 -11.1556 0.726819 0.0144227 0.686678 120.414
0.694051 -0.0371652 -0.718966 -117.123 0.0159197 0.999215 -0.036284 -11.2038 0.71975 0.0137372 0.694098 121.057
0.701959 -0.0341544 -0.711398 -117.79 0.014903 0.999335 -0.0332731 -11.2426 0.712061 0.0127543 0.702001 121.689
0.70952 -0.0319735 -0.703959 -118.446 0.0134061 0.999402 -0.0318804 -11.2851 0.704557 0.0131825 0.709525 122.324
0.717465 -0.0317896 -0.695869 -119.079 0.0132068 0.999399 -0.0320393 -11.3261 0.69647 0.0137969 0.717454 122.948
0.72569 -0.0289604 -0.687412 -119.702 0.0105753 0.999465 -0.0309429 -11.3678 0.687941 0.0151854 0.725608 123.578
0.734817 -0.0258078 -0.677774 -120.305 0.0094602 0.999569 -0.0278045 -11.4058 0.678199 0.0140194 0.734744 124.211
0.744327 -0.022132 -0.667448 -120.896 0.00771939 0.999669 -0.0245396 -11.4425 0.667771 0.0131132 0.744252 124.857
0.754753 -0.0203938 -0.655691 -121.473 0.00611715 0.999692 -0.0240518 -11.4777 0.65598 0.0141423 0.754646 125.506
0.764701 -0.0196025 -0.644088 -122.023 0.00465687 0.999679 -0.0248959 -11.5109 0.644369 0.0160385 0.764547 126.144
0.774603 -0.0201804 -0.632125 -122.564 0.00457804 0.999644 -0.0263033 -11.543 0.632431 0.0174808 0.77442 126.794
0.794839 -0.0183472 -0.606542 -123.611 0.00402513 0.99968 -0.0249645 -11.6082 0.606807 0.0174014 0.794659 128.115
0.814858 -0.0149236 -0.579468 -124.609 0.00409895 0.999792 -0.0199845 -11.6702 0.579646 0.0139093 0.81475 129.464
0.83237 -0.0129699 -0.554069 -125.557 0.00531622 0.999867 -0.0154189 -11.7356 0.554195 0.00988868 0.832328 130.849
0.846459 -0.0135157 -0.532282 -126.456 0.00745974 0.999881 -0.0135261 -11.8081 0.532402 0.00747857 0.846459 132.259
0.860018 -0.0110049 -0.510145 -127.326 0.00528633 0.999906 -0.0126582 -11.8648 0.510237 0.00818952 0.859995 133.694
0.872361 -0.0103437 -0.488754 -128.166 0.00496699 0.999912 -0.0122962 -11.9179 0.488838 0.00829904 0.872335 135.163
0.88201 -0.0126098 -0.471062 -128.98 0.00685665 0.99988 -0.0139273 -11.9502 0.471181 0.00905408 0.88199 136.67
0.888738 -0.0102415 -0.458302 -129.799 0.00630721 0.999929 -0.0101141 -11.9762 0.458373 0.00609818 0.888739 138.221
0.895269 -0.00310999 -0.445515 -130.625 0.00215284 0.999994 -0.00265445 -11.9994 0.44552 0.00141732 0.895271 139.817
0.90183 0.00126562 -0.432089 -131.443 -0.000728227 0.999999 0.00140915 -12.0124 0.432091 -0.000956148 0.90183 141.462
0.90857 0.00265766 -0.417724 -132.254 5.30822e-06 0.99998 0.00637366 -12.0193 0.417733 -0.00579313 0.908551 143.168
0.915819 0.00180468 -0.401586 -133.054 0.00117063 0.999974 0.0071634 -12.0227 0.401589 -0.00703049 0.915793 144.929
0.923746 -0.00241959 -0.382998 -133.832 0.00489341 0.999973 0.005485 -12.025 0.382974 -0.00694091 0.923733 146.748
0.933369 -0.00259191 -0.358908 -134.589 0.00355721 0.999992 0.00202922 -12.0371 0.358899 -0.00317072 0.933371 148.626
0.946079 0.00530193 -0.323893 -135.286 -0.00334096 0.999973 0.00661012 -12.061 0.323919 -0.00517158 0.946071 150.585
0.959268 0.0100817 -0.282318 -135.912 -0.00781379 0.999927 0.00915806 -12.0754 0.28239 -0.00657905 0.959277 152.613
0.971037 0.0117623 -0.23864 -136.447 -0.00900955 0.99988 0.0126226 -12.0932 0.23876 -0.0101069 0.971026 154.717
0.980922 0.0157022 -0.193769 -136.902 -0.0119964 0.999722 0.0202836 -12.098 0.194033 -0.0175721 0.980838 156.886
0.988745 0.0194142 -0.148348 -137.267 -0.0160264 0.999583 0.0239985 -12.0886 0.148752 -0.0213509 0.988644 159.125
0.991847 0.0185354 -0.126083 -137.415 -0.0159259 0.999638 0.0216739 -12.0801 0.126439 -0.0194892 0.991783 160.268
0.99432 0.0183433 -0.104843 -137.536 -0.016294 0.99966 0.0203701 -12.0652 0.105181 -0.0185461 0.99428 161.425
0.996307 0.0169664 -0.0841671 -137.639 -0.015153 0.99964 0.0221385 -12.0515 0.0845125 -0.0207813 0.996206 162.601
0.998901 0.0178565 -0.0433356 -137.77 -0.0167714 0.99954 0.0252761 -12.0173 0.0437669 -0.0245215 0.998741 165
0.999566 0.0189688 -0.022535 -137.802 -0.0183825 0.999494 0.0259496 -11.9995 0.0230159 -0.0255241 0.999409 166.228
0.99981 0.0194102 -0.00163239 -137.812 -0.0193595 0.999452 0.0268335 -11.9852 0.00215235 -0.0267968 0.999639 167.452
0.999587 0.021493 0.0190853 -137.798 -0.0219817 0.999426 0.02578 -11.9724 -0.0185203 -0.0261889 0.999485 168.692
0.998961 0.022794 0.0394624 -137.76 -0.0237843 0.999409 0.0248089 -11.9608 -0.0388736 -0.0257217 0.998913 169.938
0.997983 0.0227321 0.0592705 -137.693 -0.0240857 0.999463 0.0222244 -11.9517 -0.0587335 -0.0236072 0.997995 171.19
0.996596 0.0248798 0.0785936 -137.603 -0.0265145 0.999452 0.0198251 -11.9419 -0.0780572 -0.0218415 0.99671 172.461
0.994869 0.0249369 0.0980525 -137.488 -0.0268326 0.999477 0.0180628 -11.9371 -0.0975508 -0.0206011 0.995017 173.74
0.99278 0.0251548 0.117286 -137.342 -0.0270906 0.999521 0.0149402 -11.9431 -0.116854 -0.0180096 0.992986 175.019
0.990339 0.0262899 0.136155 -137.176 -0.0278592 0.999565 0.00963305 -11.9503 -0.135842 -0.0133332 0.990641 176.307
0.987625 0.0277097 0.154369 -136.98 -0.0285562 0.999587 0.0032683 -11.965 -0.154215 -0.00763604 0.988008 177.606
0.984619 0.0298031 0.172153 -136.765 -0.0298578 0.999552 -0.00227227 -11.9838 -0.172143 -0.00290278 0.985068 178.911
0.977574 0.034351 0.207773 -136.257 -0.033116 0.999407 -0.00942041 -12.0426 -0.207973 0.00232853 0.978132 181.545
0.973673 0.0339805 0.225404 -135.962 -0.0327531 0.999421 -0.00918368 -12.0826 -0.225586 0.00155921 0.974222 182.88
0.965142 0.0326489 0.259682 -135.291 -0.0299421 0.999448 -0.0143735 -12.1685 -0.260008 0.00609709 0.965587 185.551
0.960556 0.0333809 0.276075 -134.921 -0.0291931 0.999388 -0.019266 -12.2152 -0.276549 0.0104466 0.960943 186.888
0.949969 0.0378993 0.310036 -134.118 -0.0334572 0.999247 -0.0196349 -12.3157 -0.310547 0.00827957 0.950522 189.577
0.943902 0.0416723 0.327584 -133.677 -0.0361343 0.999083 -0.0229768 -12.3638 -0.328242 0.00985078 0.944542 190.928
0.93773 0.0425724 0.344746 -133.204 -0.0355967 0.999014 -0.0265423 -12.4157 -0.345535 0.0126177 0.938321 192.272
0.93129 0.0436519 0.361655 -132.704 -0.0354524 0.998942 -0.0292802 -12.4735 -0.36255 0.0144468 0.931852 193.619
0.924396 0.0441532 0.37887 -132.176 -0.0340295 0.998863 -0.0333789 -12.5392 -0.379913 0.0179626 0.924848 194.968
0.916569 0.0466853 0.397143 -131.621 -0.03357 0.998639 -0.0399165 -12.6128 -0.398466 0.0232541 0.916888 196.301
0.907064 0.0499974 0.418013 -131.035 -0.0348534 0.998433 -0.04379 -12.6947 -0.419547 0.0251511 0.907385 197.647
0.895871 0.0530942 0.441131 -130.412 -0.0370782 0.998305 -0.0448551 -12.7831 -0.442765 0.023828 0.896321 198.974
0.883007 0.0579988 0.465763 -129.756 -0.0404824 0.998049 -0.0475337 -12.8757 -0.467611 0.0231173 0.883632 200.306
0.869333 0.0618831 0.490337 -129.061 -0.0424778 0.997814 -0.0506192 -12.973 -0.492398 0.0231765 0.870062 201.617
0.855062 0.0657078 0.514345 -128.325 -0.0440673 0.997558 -0.0541796 -13.0777 -0.516649 0.0236611 0.85587 202.908
0.840394 0.0670996 0.537807 -127.547 -0.0435947 0.99746 -0.0563261 -13.1825 -0.540221 0.0238905 0.841184 204.19
0.825168 0.0684833 0.56072 -126.731 -0.0432265 0.997369 -0.0582001 -13.2946 -0.56323 0.0237869 0.825957 205.446
0.809425 0.0703839 0.58299 -125.88 -0.0412718 0.997155 -0.0630838 -13.4134 -0.585771 0.0270005 0.810027 206.684
0.793555 0.0726658 0.604145 -124.994 -0.0391401 0.996884 -0.0684927 -13.5373 -0.607239 0.0307063 0.793925 207.898
0.777712 0.074542 0.624186 -124.069 -0.0376043 0.996683 -0.0721732 -13.6703 -0.627496 0.0326578 0.777935 209.09
0.761812 0.0760651 0.643317 -123.116 -0.0361587 0.996527 -0.0750094 -13.8093 -0.646788 0.0338816 0.761916 210.266
0.746315 0.0763897 0.661195 -122.129 -0.0339956 0.99647 -0.076753 -13.9531 -0.664724 0.0348042 0.746278 211.424
0.731189 0.0770162 0.677814 -121.112 -0.0322545 0.996398 -0.0784209 -14.0987 -0.681412 0.0354779 0.731039 212.554
0.716494 0.0777793 0.693243 -120.073 -0.0296529 0.996262 -0.0811294 -14.2463 -0.696963 0.0375721 0.716123 213.663
0.701866 0.0791592 0.707897 -119.004 -0.0271963 0.996059 -0.0844178 -14.3972 -0.711789 0.0399979 0.701253 214.748
0.687314 0.0810311 0.721827 -117.911 -0.0243741 0.995771 -0.088575 -14.5546 -0.725951 0.0432849 0.686383 215.82
0.672341 0.0832307 0.735548 -116.798 -0.0230406 0.99553 -0.0915883 -14.7179 -0.739883 0.0446311 0.671253 216.868
0.657112 0.0839609 0.749102 -115.657 -0.0218451 0.995481 -0.0924131 -14.8897 -0.753476 0.0443616 0.655977 217.895
0.640903 0.0850592 0.762895 -114.501 -0.0221509 0.995477 -0.0923822 -15.06 -0.767302 0.0423092 0.639888 218.899
0.623725 0.0860337 0.776895 -113.327 -0.0241943 0.995573 -0.090826 -15.2293 -0.78127 0.037854 0.623045 219.882
0.60602 0.0870936 0.790667 -112.14 -0.0267884 0.995659 -0.0891414 -15.3987 -0.794998 0.0328408 0.605722 220.829
0.588341 0.0884689 0.803759 -110.946 -0.0295791 0.995686 -0.0879427 -15.5659 -0.808072 0.0279659 0.58842 221.745
0.57079 0.0913652 0.815997 -109.742 -0.0300313 0.995448 -0.0904511 -15.7325 -0.820547 0.0271231 0.570935 222.622
0.552815 0.0950467 0.827866 -108.535 -0.0319238 0.99516 -0.0929363 -15.8986 -0.832692 0.0249479 0.553173 223.465
0.533866 0.0952362 0.840189 -107.307 -0.0325133 0.995214 -0.0921492 -16.0668 -0.844944 0.021878 0.534407 224.281
0.513424 0.0942652 0.852942 -106.071 -0.0329122 0.99538 -0.0901958 -16.2328 -0.857504 0.0182365 0.514155 225.055
0.492281 0.0924665 0.865511 -104.83 -0.0332856 0.995614 -0.087434 -16.3948 -0.8698 0.014233 0.493199 225.798
0.471096 0.091264 0.877348 -103.583 -0.0333863 0.995765 -0.0856552 -16.5541 -0.88145 0.0110605 0.472149 226.502
0.449783 0.0899501 0.888597 -102.33 -0.0326211 0.995906 -0.0843009 -16.7091 -0.892542 0.00893008 0.450876 227.163
0.428665 0.0896088 0.899009 -101.071 -0.031666 0.995948 -0.0841723 -16.8614 -0.902909 0.00761373 0.429766 227.793
0.408017 0.0887384 0.908651 -99.8146 -0.0291652 0.996024 -0.084175 -17.0112 -0.912508 0.00784385 0.408983 228.383
0.387206 0.089209 0.917667 -98.5491 -0.0266526 0.995975 -0.0855756 -17.1616 -0.921608 0.00867709 0.388025 228.935
0.366657 0.0886747 0.926121 -97.2875 -0.0226999 0.996004 -0.086379 -17.3106 -0.930079 0.0106486 0.367205 229.454
0.345936 0.0866898 0.934245 -96.0257 -0.0203263 0.996181 -0.0849105 -17.4558 -0.938038 0.0103839 0.346377 229.936
0.325303 0.0858668 0.941703 -94.7653 -0.0195202 0.996266 -0.084099 -17.6019 -0.945408 0.00897541 0.325765 230.394
0.305397 0.0904669 0.947918 -93.5117 -0.0191822 0.995859 -0.0888622 -17.749 -0.952032 0.00895509 0.305868 230.819
0.286058 0.0997708 0.953004 -92.2741 -0.0200026 0.99497 -0.0981602 -17.9027 -0.958004 0.0090169 0.286614 231.208
0.266852 0.108134 0.957652 -91.0401 -0.0216851 0.994107 -0.106208 -18.0604 -0.963494 0.00757505 0.267624 231.573
0.247031 0.111626 0.962557 -89.8071 -0.0242719 0.993744 -0.109014 -18.2251 -0.968704 0.00356662 0.248195 231.913
0.2269 0.112763 0.967368 -88.5775 -0.0268599 0.993621 -0.109523 -18.3936 -0.973548 -0.00113258 0.228481 232.223
0.206877 0.113146 0.971802 -87.3564 -0.030272 0.993555 -0.109234 -18.559 -0.977899 -0.00682025 0.208969 232.508
0.187395 0.113145 0.975747 -86.1384 -0.0321106 0.993519 -0.109039 -18.7242 -0.98176 -0.0108985 0.189813 232.764
0.168344 0.112246 0.979317 -84.9236 -0.0318471 0.993596 -0.108408 -18.8878 -0.985214 -0.0129386 0.17084 232.993
0.149539 0.111724 0.982423 -83.7128 -0.0316205 0.993628 -0.108185 -19.0486 -0.98825 -0.0148868 0.152119 233.199
0.131171 0.112424 0.984964 -82.5097 -0.0301304 0.993542 -0.109391 -19.209 -0.990902 -0.0153285 0.133712 233.373
0.111784 0.115377 0.987012 -81.3171 -0.0332629 0.993115 -0.112324 -19.3698 -0.993176 -0.0202749 0.114852 233.532
0.0925454 0.117116 0.988797 -80.1318 -0.0337347 0.992857 -0.11444 -19.5276 -0.995137 -0.0227658 0.0958353 233.665
0.0753281 0.114561 0.990556 -78.953 -0.0338641 0.993099 -0.11228 -19.687 -0.996584 -0.0250865 0.0786879 233.774
0.0600304 0.110194 0.992096 -77.7781 -0.0313674 0.993605 -0.108464 -19.8473 -0.997704 -0.0246083 0.063103 233.86
0.045705 0.106235 0.99329 -76.5971 -0.0305118 0.994014 -0.104909 -20.0032 -0.998489 -0.0255122 0.0486728 233.929
0.0332341 0.102881 0.994138 -75.4682 -0.0284556 0.994382 -0.101955 -20.1504 -0.999043 -0.0249004 0.035975 233.979
0.02258 0.102634 0.994463 -74.3374 -0.0276361 0.9944 -0.102 -20.295 -0.999363 -0.0251799 0.02529 234.018
0.00711642 0.107023 0.994231 -72.1143 -0.0286288 0.99387 -0.10678 -20.5793 -0.999565 -0.0277037 0.0101367 234.07
-0.00419388 0.118896 0.992898 -69.9512 -0.0285793 0.992487 -0.118967 -20.8751 -0.999583 -0.0288753 -0.000764409 234.094
-0.008972 0.123338 0.992324 -68.8815 -0.0296135 0.991896 -0.123552 -21.0208 -0.999521 -0.0304947 -0.00524684 234.099
-0.0127112 0.114916 0.993294 -67.8108 -0.0295388 0.992897 -0.115248 -21.1677 -0.999483 -0.0308057 -0.00922648 234.097
-0.0152254 0.103993 0.994461 -66.7444 -0.028456 0.994129 -0.104394 -21.3062 -0.999479 -0.0298878 -0.0121768 234.09
-0.0165002 0.100636 0.994786 -65.6953 -0.0272839 0.994506 -0.10106 -21.4353 -0.999492 -0.0288092 -0.0136638 234.082
-0.016591 0.102264 0.994619 -64.6588 -0.0279295 0.99432 -0.102699 -21.5617 -0.999472 -0.0294831 -0.0136406 234.077
-0.0160762 0.105747 0.994263 -63.6313 -0.0274292 0.993971 -0.106159 -21.6885 -0.999494 -0.0289785 -0.0130788 234.073
-0.014548 0.108023 0.994042 -62.6125 -0.0294356 0.99367 -0.108413 -21.818 -0.999461 -0.0308374 -0.0112762 234.073
-0.012607 0.108618 0.994004 -61.596 -0.0319057 0.993533 -0.108972 -21.9485 -0.999411 -0.0330882 -0.00905994 234.076
-0.00936038 0.110221 0.993863 -60.5882 -0.0327238 0.99334 -0.110471 -22.0761 -0.999421 -0.033557 -0.0056912 234.081
-0.0058541 0.110999 0.993803 -59.5852 -0.0353475 0.993176 -0.111137 -22.2049 -0.999358 -0.035779 -0.00189063 234.093
-0.00112466 0.113437 0.993545 -58.5896 -0.0367538 0.992869 -0.113402 -22.3345 -0.999324 -0.036644 0.00305261 234.109
0.00492835 0.112802 0.993605 -57.59 -0.0383704 0.992907 -0.112532 -22.4645 -0.999251 -0.0375704 0.00922164 234.13
0.01166 0.109901 0.993874 -56.593 -0.0375214 0.99329 -0.109397 -22.5944 -0.999228 -0.0360159 0.0157054 234.154
0.0191743 0.109927 0.993755 -55.6126 -0.0354265 0.993388 -0.109203 -22.723 -0.999188 -0.0331114 0.0229419 234.183
0.0265786 0.11087 0.993479 -54.6313 -0.0344327 0.993342 -0.109934 -22.8488 -0.999054 -0.0312863 0.0302192 234.221
0.0336 0.110685 0.993287 -53.6495 -0.034713 0.993378 -0.109521 -22.976 -0.998832 -0.0308001 0.0372197 234.267
0.040326 0.109381 0.993182 -52.6695 -0.036086 0.993501 -0.107951 -23.1039 -0.998535 -0.0314867 0.044011 234.321
0.0470411 0.107961 0.993042 -51.6918 -0.0370849 0.993645 -0.10627 -23.2296 -0.998204 -0.0318278 0.0507459 234.381
0.0538402 0.105298 0.992982 -50.7175 -0.0373327 0.993942 -0.103375 -23.353 -0.997852 -0.0315049 0.057445 234.447
0.0608597 0.106565 0.992441 -49.7524 -0.0371441 0.993838 -0.104437 -23.4779 -0.997455 -0.0305073 0.0644429 234.521
0.067782 0.108346 0.9918 -48.79 -0.0372216 0.993669 -0.106006 -23.5977 -0.997006 -0.0297311 0.0713856 234.601
0.0746412 0.110376 0.991083 -47.8287 -0.0369629 0.993479 -0.107859 -23.7182 -0.996525 -0.0285825 0.0782342 234.685
0.0812207 0.111497 0.99044 -46.8694 -0.0391074 0.993314 -0.108613 -23.8418 -0.995929 -0.0299119 0.085038 234.779
0.0877187 0.112992 0.989716 -45.9147 -0.0409743 0.993114 -0.109749 -23.9657 -0.995302 -0.0309259 0.0917445 234.881
0.0946535 0.112434 0.989141 -44.9604 -0.0418703 0.993172 -0.108886 -24.0894 -0.994629 -0.0311092 0.0987149 234.987
0.107395 0.108327 0.988297 -43.0566 -0.0436042 0.993603 -0.10417 -24.3358 -0.99326 -0.0319065 0.111432 235.221
0.114095 0.107849 0.987599 -42.1097 -0.0432448 0.993687 -0.103518 -24.4546 -0.992528 -0.0308977 0.118038 235.348
0.120995 0.108749 0.986678 -41.1668 -0.0435087 0.993607 -0.104177 -24.5705 -0.991699 -0.0303242 0.124952 235.479
0.128276 0.109404 0.985685 -40.2266 -0.04158 0.993616 -0.104873 -24.6872 -0.990866 -0.0275321 0.132006 235.615
0.137188 0.111188 0.984285 -39.2912 -0.0400785 0.993489 -0.106642 -24.8056 -0.989734 -0.0248188 0.140751 235.758
0.146659 0.113581 0.982645 -38.3606 -0.0401121 0.993252 -0.10882 -24.9222 -0.988374 -0.0234565 0.150225 235.911
0.156337 0.114613 0.981031 -37.4365 -0.040405 0.993155 -0.109591 -25.0356 -0.986877 -0.0225054 0.159898 236.072
0.164274 0.113956 0.97981 -36.5165 -0.0426152 0.993197 -0.108368 -25.1504 -0.985494 -0.0239528 0.168013 236.243
0.169695 0.112362 0.97907 -35.5959 -0.0442997 0.993344 -0.106322 -25.2648 -0.9845 -0.0253301 0.173544 236.421
0.173534 0.112132 0.978423 -34.6718 -0.0469443 0.993309 -0.105512 -25.3786 -0.983708 -0.0276215 0.177637 236.603
0.176242 0.114705 0.977641 -33.7445 -0.0474819 0.993022 -0.10795 -25.49 -0.983201 -0.0273949 0.180459 236.786
0.179136 0.11591 0.976972 -32.8112 -0.0470737 0.992908 -0.10917 -25.6026 -0.982698 -0.0264334 0.183322 236.971
0.182185 0.116047 0.976392 -31.8721 -0.0463081 0.992922 -0.109371 -25.7165 -0.982173 -0.0252891 0.18627 237.159
0.185396 0.114956 0.975917 -30.928 -0.0446095 0.993094 -0.108505 -25.8331 -0.981651 -0.0234187 0.189244 237.349
0.189024 0.116124 0.975082 -29.9809 -0.0438139 0.992992 -0.109763 -25.952 -0.980995 -0.0219743 0.192787 237.542
0.192539 0.116576 0.97434 -29.03 -0.0436867 0.992952 -0.11017 -26.0741 -0.980316 -0.0213536 0.196275 237.739
0.196288 0.115196 0.973756 -28.0779 -0.0434901 0.993121 -0.10872 -26.2 -0.979581 -0.0210082 0.199948 237.945
0.199995 0.11096 0.973494 -27.1205 -0.0411431 0.993641 -0.104804 -26.3238 -0.978933 -0.0190923 0.203288 238.152
0.204227 0.109446 0.972786 -26.1642 -0.0406432 0.993822 -0.10328 -26.4524 -0.97808 -0.0184446 0.207413 238.361
0.216276 0.11278 0.969796 -24.2477 -0.0381699 0.993523 -0.107027 -26.6951 -0.975586 -0.0138696 0.21918 238.792
0.222471 0.112559 0.96842 -23.2884 -0.0379311 0.99356 -0.106768 -26.8181 -0.974201 -0.0129805 0.225308 239.015
0.229685 0.111209 0.966891 -22.3264 -0.0373416 0.993726 -0.105425 -26.9405 -0.972549 -0.0118906 0.232396 239.249
0.238246 0.11015 0.964938 -21.3629 -0.0365136 0.993861 -0.104436 -27.0613 -0.970518 -0.0103518 0.240806 239.49
0.247754 0.109895 0.96257 -20.4201 -0.034385 0.993917 -0.104623 -27.1824 -0.968213 -0.00717704 0.250026 239.738
0.258753 0.111175 0.959524 -19.4733 -0.0315619 0.993797 -0.106635 -27.3034 -0.965428 -0.00269221 0.260657 239.999
0.270045 0.110181 0.956523 -18.5276 -0.0303682 0.993911 -0.105914 -27.4226 -0.962369 -0.000446302 0.271747 240.269
0.281088 0.107754 0.953613 -17.5859 -0.0314673 0.994177 -0.103062 -27.5442 -0.959166 -0.00103804 0.282842 240.558
0.29184 0.106502 0.950519 -16.651 -0.0317561 0.994312 -0.101659 -27.6642 -0.95594 -0.000516554 0.293562 240.855
0.30268 0.108349 0.946914 -15.7165 -0.0345995 0.994112 -0.10269 -27.7835 -0.952464 -0.00168056 0.304646 241.163
0.313104 0.110478 0.943271 -14.7877 -0.0359189 0.993878 -0.104483 -27.9021 -0.94904 -0.00116728 0.315155 241.484
0.323637 0.111719 0.939563 -13.8654 -0.0381775 0.993738 -0.105011 -28.0228 -0.945411 -0.00188484 0.325875 241.811
0.333613 0.111125 0.936138 -12.9442 -0.0406579 0.9938 -0.103481 -28.1455 -0.941833 -0.00353884 0.336063 242.152
0.342456 0.110289 0.933038 -12.0278 -0.0423245 0.993889 -0.101947 -28.2667 -0.93858 -0.00457791 0.345031 242.498
0.350434 0.10877 0.93025 -11.1123 -0.0428724 0.994055 -0.10008 -28.3862 -0.935606 -0.00481083 0.353014 242.853
0.358309 0.107849 0.927353 -10.2022 -0.0432927 0.994156 -0.0988904 -28.5052 -0.932599 -0.00471423 0.360884 243.217
0.366174 0.106519 0.92443 -9.29703 -0.0446264 0.994294 -0.0968921 -28.6227 -0.929476 -0.00577464 0.368838 243.59
0.374002 0.106789 0.921259 -8.39843 -0.0462272 0.99426 -0.0964846 -28.7383 -0.926275 -0.0065018 0.376792 243.967
0.381873 0.108034 0.917879 -7.50411 -0.0468517 0.994131 -0.0975161 -28.855 -0.923027 -0.00576542 0.384693 244.352
0.38995 0.109775 0.914269 -6.61587 -0.0476761 0.993944 -0.0990071 -28.9684 -0.919601 -0.00498091 0.392823 244.741
0.397962 0.109107 0.910891 -5.73669 -0.0487867 0.994015 -0.0977489 -29.0834 -0.916104 -0.00553904 0.400903 245.139
0.406594 0.107192 0.907299 -4.8639 -0.0481803 0.994227 -0.0958707 -29.1959 -0.912338 -0.00473348 0.409411 245.543
0.415369 0.10618 0.903435 -4.00089 -0.0489163 0.994334 -0.0943729 -29.3058 -0.908337 -0.00499311 0.41821 245.95
0.423856 0.102159 0.89995 -3.1383 -0.0483927 0.994754 -0.090129 -29.4136 -0.904436 -0.00534925 0.426576 246.366
0.432472 0.0993495 0.896157 -2.27928 -0.0491877 0.99503 -0.0865736 -29.5182 -0.900305 -0.00663932 0.435209 246.794
0.44109 0.0996404 0.891915 -1.44517 -0.0516281 0.994989 -0.0856231 -29.6185 -0.895977 -0.00828039 0.444024 247.224
0.44943 0.100763 0.887615 -0.608991 -0.052652 0.994879 -0.0862799 -29.7175 -0.891763 -0.0079579 0.452433 247.661
0.45758 0.098787 0.883664 0.218328 -0.0541054 0.995061 -0.0832235 -29.8129 -0.887521 -0.00972959 0.460665 248.106
0.465803 0.0981733 0.879426 1.04535 -0.0555864 0.99511 -0.0816453 -29.9107 -0.883141 -0.0108535 0.468982 248.561
0.474212 0.0984522 0.874888 1.85925 -0.0560892 0.995088 -0.0815765 -30.0043 -0.878622 -0.0103872 0.477405 249.018
0.48258 0.0984124 0.870305 2.67098 -0.0562045 0.995099 -0.0813587 -30.095 -0.874047 -0.00965297 0.485746 249.481
0.499148 0.0981703 0.860938 4.27192 -0.0569693 0.99513 -0.0804426 -30.2745 -0.864642 -0.00889432 0.502309 250.429
0.506995 0.0963701 0.856545 5.06951 -0.0569139 0.995304 -0.0782943 -30.3632 -0.860068 -0.00905455 0.510099 250.915
0.513375 0.0940467 0.852996 5.86499 -0.0575275 0.995512 -0.0751369 -30.4506 -0.856234 -0.0104973 0.516481 251.41
0.518605 0.0919252 0.850058 6.6574 -0.0575855 0.995701 -0.0725432 -30.5354 -0.853073 -0.0113297 0.521669 251.91
0.52242 0.090227 0.847901 7.45074 -0.0591806 0.995825 -0.0695048 -30.6179 -0.850632 -0.0138685 0.525579 252.416
0.525682 0.0872398 0.846196 8.23513 -0.0598848 0.996055 -0.0654875 -30.7078 -0.848571 -0.0162487 0.528833 252.948
0.52815 0.0849965 0.844887 9.01696 -0.0597492 0.996232 -0.0628719 -30.8014 -0.847047 -0.0172756 0.531238 253.495
0.530069 0.0830575 0.843877 9.80162 -0.0596197 0.996379 -0.060618 -30.8879 -0.845856 -0.01818 0.533101 254.032
0.531608 0.0840087 0.842814 10.5837 -0.0603619 0.996297 -0.0612338 -30.9749 -0.844837 -0.0183214 0.53471 254.573
0.533178 0.0859192 0.841629 11.3695 -0.0603145 0.996158 -0.0634849 -31.0576 -0.84385 -0.0169137 0.536312 255.107
0.535014 0.0865159 0.840402 12.1562 -0.0591251 0.996138 -0.0649083 -31.143 -0.842772 -0.014962 0.538063 255.643
0.536706 0.085185 0.839458 12.9533 -0.059276 0.996239 -0.0631965 -31.2265 -0.841684 -0.0158418 0.539737 256.177
0.538312 0.0815971 0.838786 13.7491 -0.0562279 0.996561 -0.0608598 -31.3114 -0.840868 -0.0144016 0.541049 256.711
0.5398 0.0789024 0.838087 14.5484 -0.054663 0.996782 -0.0586352 -31.3919 -0.840017 -0.0141611 0.542376 257.244
0.540872 0.0757949 0.837683 15.3464 -0.0546308 0.996994 -0.0549358 -31.4676 -0.839329 -0.0160501 0.543387 257.781
0.542098 0.0727815 0.837158 16.1492 -0.0547312 0.997185 -0.0512532 -31.5397 -0.838531 -0.0180344 0.544555 258.322
0.542594 0.0715917 0.836939 16.9528 -0.0542755 0.997267 -0.050119 -31.6105 -0.83824 -0.018231 0.544997 258.864
