1 0 0 0 0 1 0 0 0 0 1 0
0.999975 -0.00136313 -0.00700099 -0.0113042 0.00133669 0.999992 -0.00377983 -0.00720591 0.00700608 0.00377037 0.999968 1.36782
0.999863 -0.000133396 -0.0165766 -0.0428797 3.8206e-05 0.999984 -0.00574263 -0.0181493 0.0165771 0.00574121 0.999846 2.81089
0.999784 -0.0012464 -0.0207245 -0.0600266 0.00112399 0.999982 -0.00591682 -0.0279484 0.0207315 0.00589225 0.999768 3.5517
0.999544 0.00311187 -0.0300478 -0.117385 -0.00334781 0.999964 -0.00780509 -0.0460777 0.0300225 0.00790213 0.999518 5.07896
0.999248 0.0025856 -0.0386997 -0.184959 -0.00272262 0.99999 -0.00348825 -0.0644402 0.0386903 0.00359099 0.999245 6.6695
0.99911 0.00217896 -0.0421283 -0.221513 -0.00221504 0.999997 -0.000809562 -0.0742167 0.0421264 0.000902157 0.999112 7.48613
0.998988 0.00358968 -0.0448343 -0.265451 -0.00365175 0.999992 -0.00130261 -0.0847981 0.0448293 0.00146501 0.998994 8.30248
0.998886 0.00299538 -0.0471014 -0.307049 -0.00306804 0.999994 -0.00147054 -0.0918161 0.0470967 0.00161341 0.998889 9.12673
0.998799 1.2382e-05 -0.0490053 -0.346192 -0.000117489 0.999998 -0.00214193 -0.0977913 0.0490051 0.00214512 0.998796 9.96135
0.998704 7.36843e-05 -0.0508904 -0.392299 -0.000138966 0.999999 -0.00127925 -0.107286 0.0508903 0.00128467 0.998703 10.7957
0.998629 -0.00139138 -0.0523341 -0.437869 0.00131803 0.999998 -0.00143601 -0.11796 0.052336 0.00136506 0.998629 11.6437
0.998437 0.00124321 -0.0558712 -0.540737 -0.00160577 0.999978 -0.00644494 -0.137345 0.055862 0.00652458 0.998417 13.3765
0.998325 0.00528991 -0.0576131 -0.601278 -0.00576214 0.999951 -0.00803348 -0.149279 0.0575678 0.008352 0.998307 14.2557
0.998259 0.00624517 -0.058646 -0.661163 -0.00670812 0.999948 -0.00770033 -0.16338 0.0585949 0.00808033 0.998249 15.1512
0.998182 0.00538367 -0.0600283 -0.718872 -0.00576976 0.999964 -0.00626043 -0.17731 0.0599924 0.0065954 0.998177 16.0433
0.998078 0.00599465 -0.0616824 -0.776369 -0.00630165 0.999969 -0.00478376 -0.189588 0.0616518 0.00516327 0.998084 16.9363
0.998028 0.00546863 -0.0625322 -0.836422 -0.0057683 0.999973 -0.00461277 -0.203814 0.0625052 0.00496437 0.998032 17.847
0.997916 0.00521277 -0.064314 -0.895734 -0.00557629 0.999969 -0.00547409 -0.217084 0.0642835 0.00582132 0.997915 18.7509
0.997851 0.00370863 -0.0654189 -0.955686 -0.00412078 0.999972 -0.00616626 -0.229543 0.0653943 0.00642259 0.997839 19.664
0.997816 0.00365382 -0.0659592 -1.01978 -0.00395793 0.999982 -0.00448037 -0.240538 0.0659416 0.00473165 0.997812 20.5983
0.997806 0.00501862 -0.0660181 -1.08777 -0.00510245 0.999986 -0.0011012 -0.252419 0.0660116 0.00143564 0.997818 21.5255
0.997858 0.0060522 -0.0651435 -1.153 -0.00588881 0.999979 0.00269982 -0.262445 0.0651585 -0.00231042 0.997872 22.4561
0.997956 0.00498089 -0.0637101 -1.21295 -0.00463448 0.999974 0.00558398 -0.269345 0.0637362 -0.00527731 0.997953 23.3964
0.998064 0.00495781 -0.0619968 -1.2767 -0.00457243 0.999969 0.00635649 -0.273995 0.0620264 -0.00606071 0.998056 24.3396
0.99815 0.00522157 -0.0605677 -1.3366 -0.00501927 0.999981 0.00349174 -0.280051 0.0605848 -0.00318128 0.998158 25.2848
0.998199 0.0063763 -0.0596456 -1.3961 -0.00647184 0.999978 -0.00140884 -0.287441 0.0596353 0.00179232 0.998219 26.2201
0.998276 0.00544095 -0.0584339 -1.45673 -0.00570229 0.999974 -0.00430659 -0.295723 0.0584089 0.00463237 0.998282 27.1737
0.998323 0.00281862 -0.0578274 -1.51299 -0.00301473 0.99999 -0.00330424 -0.305675 0.0578175 0.00347303 0.998321 28.1471
0.998325 0.000978557 -0.0578541 -1.57174 -0.00087803 0.999998 0.00176299 -0.317133 0.0578557 -0.00170924 0.998323 29.1342
0.998285 -0.00273551 -0.0584749 -1.62995 0.00304999 0.999981 0.00528941 -0.328868 0.0584594 -0.00545869 0.998275 30.1173
0.998161 -0.010514 -0.0596948 -1.67745 0.0108153 0.99993 0.00472581 -0.336006 0.0596409 -0.00536274 0.998205 31.0918
0.998048 -0.0126158 -0.0611596 -1.73628 0.0126818 0.999919 0.000691219 -0.34243 0.061146 -0.00146548 0.998128 32.076
0.997969 -0.012336 -0.0624893 -1.80264 0.0121568 0.999921 -0.00324809 -0.351407 0.0625244 0.00248183 0.99804 33.0535
0.997842 -0.0111004 -0.0647093 -1.86858 0.0108671 0.999933 -0.0039549 -0.362702 0.0647488 0.00324316 0.997896 34.0359
0.997795 -0.0111319 -0.065428 -1.93855 0.0109831 0.999936 -0.00263453 -0.375427 0.0654532 0.00191012 0.997854 35.0405
0.997745 -0.00797198 -0.0666394 -2.01154 0.00800322 0.999968 0.000201913 -0.388783 0.0666356 -0.000734787 0.997777 36.035
0.997658 -0.00790667 -0.0679403 -2.08185 0.00802678 0.999967 0.00149511 -0.39939 0.0679262 -0.00203695 0.997688 37.0456
0.997587 -0.00665708 -0.0691121 -2.15174 0.00695682 0.999967 0.00409721 -0.407569 0.0690826 -0.00456812 0.9976 38.0472
0.997591 -0.00687341 -0.0690289 -2.22247 0.0073906 0.999946 0.00723975 -0.416695 0.0689754 -0.00773247 0.997588 39.0387
0.997581 -0.000958939 -0.0695016 -2.30451 0.00162274 0.999954 0.00949499 -0.422016 0.0694893 -0.00958481 0.997537 40.0382
0.997576 -0.0010316 -0.069584 -2.37939 0.0016608 0.999958 0.00898508 -0.429988 0.0695719 -0.00907886 0.997536 41.0412
0.997592 -0.00105388 -0.069343 -2.45535 0.00155988 0.999973 0.00724344 -0.433399 0.0693334 -0.00733416 0.997567 42.0635
0.997599 0.00131252 -0.0692491 -2.53445 -0.000966119 0.999987 0.0050355 -0.440111 0.0692548 -0.00495651 0.997587 43.056
0.997527 0.00120318 -0.0702733 -2.60626 -0.000844503 0.999986 0.0051335 -0.450307 0.0702786 -0.00506146 0.997515 44.0564
0.997431 -0.000840595 -0.0716319 -2.67563 0.00129281 0.99998 0.00626685 -0.45637 0.0716252 -0.00634336 0.997411 45.0363
0.997369 -0.000502555 -0.0724887 -2.75186 0.00103785 0.999972 0.0073471 -0.463644 0.072483 -0.007403 0.997342 46.0146
0.997357 0.00193574 -0.0726317 -2.83067 -0.00165711 0.999991 0.0038962 -0.475601 0.0726386 -0.00376555 0.997351 46.9834
0.997309 0.00250755 -0.0732648 -2.9085 -0.00253811 0.999997 -0.000323958 -0.483957 0.0732637 0.00050904 0.997312 47.9297
0.997256 0.00333333 -0.0739558 -2.98561 -0.00346707 0.999993 -0.0016801 -0.493209 0.0739497 0.0019319 0.99726 48.8967
0.997247 0.00180902 -0.0741318 -3.05608 -0.00166111 0.999997 0.00205684 -0.507474 0.0741352 -0.00192803 0.997246 49.874
0.997233 -0.000141034 -0.0743383 -3.12637 0.000532118 0.999986 0.0052411 -0.519486 0.0743365 -0.00526615 0.997219 50.842
0.997231 -0.00197627 -0.0743352 -3.20326 0.00242591 0.999979 0.00595914 -0.530231 0.0743219 -0.00612297 0.997216 51.8079
0.997216 -0.00504679 -0.0743905 -3.27427 0.00541935 0.999974 0.00480705 -0.539811 0.0743643 -0.00519682 0.997218 52.7705
0.997173 -0.00763049 -0.0747569 -3.34763 0.00791369 0.999963 0.00349273 -0.549321 0.0747274 -0.00407445 0.997196 53.7374
0.997089 -0.00914371 -0.0757022 -3.41959 0.00952721 0.999944 0.00470628 -0.559004 0.0756549 -0.00541381 0.997119 54.6816
0.996962 -0.012208 -0.0769257 -3.49074 0.0129273 0.999877 0.00885873 -0.56706 0.0768081 -0.00982625 0.996997 55.6314
0.996898 -0.0131814 -0.0775988 -3.56436 0.0142966 0.999802 0.0138327 -0.570829 0.0774011 -0.0148991 0.996889 56.5889
0.996878 -0.011493 -0.0781135 -3.64699 0.0127819 0.99979 0.0160209 -0.573476 0.077913 -0.0169694 0.996816 57.563
0.99676 -0.0102633 -0.0797752 -3.72773 0.0112555 0.999865 0.011997 -0.577555 0.0796413 -0.012856 0.996741 58.517
0.996683 -0.00883872 -0.0809027 -3.80881 0.00922152 0.999948 0.00435911 -0.581561 0.08086 -0.0050907 0.996712 59.4188
0.996619 -0.0071921 -0.0818498 -3.88585 0.00717883 0.999974 -0.000456455 -0.589958 0.081851 -0.000132674 0.996645 60.3109
0.996561 -0.00231395 -0.0828312 -3.96968 0.00236358 0.999997 0.000501101 -0.601619 0.0828298 -0.000695156 0.996563 61.2183
0.9965 0.000479857 -0.0835967 -4.05384 -0.000240394 0.999996 0.00287455 -0.616467 0.0835977 -0.00284439 0.996496 62.1059
0.996398 0.00297387 -0.0847459 -4.13744 -0.00261227 0.999987 0.00437746 -0.630334 0.0847578 -0.00414032 0.996393 63.0157
0.996303 0.00358646 -0.0858342 -4.21709 -0.00324112 0.999986 0.00416229 -0.639988 0.0858479 -0.0038687 0.996301 63.9035
0.996161 0.00526928 -0.0873796 -4.29661 -0.0048459 0.999975 0.0050567 -0.651049 0.0874041 -0.00461386 0.996162 64.7428
0.996033 0.00614012 -0.0887717 -4.37908 -0.00566038 0.999968 0.0056549 -0.663423 0.0888036 -0.00512999 0.996036 65.588
0.995898 0.00608405 -0.0902817 -4.45535 -0.0055561 0.999966 0.00609802 -0.673683 0.0903158 -0.00557139 0.995898 66.4065
0.995639 0.00865438 -0.0928843 -4.61188 -0.00776805 0.999921 0.0098996 -0.688035 0.0929626 -0.0091349 0.995628 68.0065
0.995305 0.0133578 -0.0958655 -4.77436 -0.0118851 0.999803 0.0159164 -0.701056 0.0960592 -0.0147023 0.995267 69.56
0.994989 0.0162652 -0.0986563 -4.93391 -0.0158986 0.999863 0.00450146 -0.718146 0.098716 -0.00291041 0.995111 71.0383
0.994803 0.0162919 -0.100508 -5.07781 -0.0166413 0.999858 -0.0026386 -0.731139 0.100451 0.00429747 0.994933 72.4181
0.994553 0.0193844 -0.10241 -5.22474 -0.0191524 0.999811 0.00324819 -0.75977 0.102454 -0.0012691 0.994737 73.7253
0.994632 0.00801208 -0.103169 -5.35067 -0.0085921 0.99995 -0.00517887 -0.785436 0.103122 0.00603751 0.99465 74.9938
0.995086 0.00648684 -0.098799 -5.47753 -0.0075379 0.999919 -0.0102688 -0.808633 0.0987244 0.0109631 0.995054 76.2155
0.995901 0.0099394 -0.0898986 -5.59227 -0.0103679 0.999937 -0.00430063 -0.831359 0.0898502 0.00521506 0.995942 77.369
0.997105 0.00188772 -0.0760078 -5.65925 -0.00163013 0.999993 0.00345088 -0.856468 0.0760137 -0.00331699 0.997101 78.4469
0.998694 0.0106475 -0.0499659 -5.72243 -0.0105237 0.999941 0.00273958 -0.871974 0.0499921 -0.00221017 0.998747 79.4442
0.999851 0.0140529 -0.0100215 -5.73136 -0.0140158 0.999895 0.00375861 -0.882208 0.0100733 -0.00361759 0.999943 80.4337
0.998917 0.00954732 0.0455381 -5.66204 -0.00984783 0.999931 0.00637915 -0.898149 -0.045474 -0.0068207 0.998942 81.3705
0.99323 0.00897447 0.115815 -5.52987 -0.0100098 0.999915 0.0083614 -0.910817 -0.11573 -0.00946409 0.993236 82.2536
0.979262 0.00886225 0.202405 -5.32204 -0.0107992 0.999906 0.00846731 -0.921832 -0.20231 -0.0104775 0.979265 83.1081
0.95251 0.011789 0.30428 -5.03353 -0.0135891 0.9999 0.00379859 -0.942822 -0.304205 -0.00775307 0.952575 83.8782
0.908715 0.0123781 0.417232 -4.65985 -0.0135736 0.999908 -0.0001018 -0.956316 -0.417195 -0.00557083 0.9088 84.5901
0.846335 0.0107096 0.532543 -4.20058 -0.0100283 0.999941 -0.00417186 -0.969161 -0.532557 -0.0018097 0.846392 85.2243
0.769125 0.00892307 0.639036 -3.67181 -0.0082086 0.999958 -0.00408312 -0.991538 -0.639046 -0.00210516 0.769166 85.7532
0.681141 0.00726388 0.732116 -3.06679 -0.00888428 0.999959 -0.00165565 -1.00387 -0.732098 -0.00537659 0.681178 86.2116
0.587771 0.00355705 0.80902 -2.4061 -0.00040804 0.999992 -0.00410025 -1.01618 -0.809027 0.00207989 0.587767 86.5631
0.541252 0.00560988 0.840841 -2.06828 -0.0026953 0.999984 -0.00493667 -1.02426 -0.840856 0.000405661 0.541259 86.6837
0.493354 0.00861752 0.869786 -1.72744 -0.00674428 0.999959 -0.00608178 -1.0333 -0.869803 -0.00286562 0.493391 86.8144
0.40525 0.00807874 0.91417 -1.01814 -0.000444135 0.999963 -0.00864003 -1.04888 -0.914206 0.00309536 0.405239 87.0509
0.330856 -0.00319556 0.943676 -0.276112 0.0188783 0.999817 -0.00323311 -1.05464 -0.943492 0.0188847 0.330855 87.2159
0.266792 0.00829304 0.963719 0.469656 0.00504384 0.999937 -0.010001 -1.07553 -0.963741 0.00752903 0.266733 87.4039
0.212341 0.0143552 0.97709 1.25703 0.0015126 0.999886 -0.0150188 -1.10805 -0.977194 0.00466705 0.212295 87.5505
0.168598 0.0219259 0.985441 2.10049 0.015623 0.999568 -0.0249131 -1.11887 -0.985561 0.0195958 0.168182 87.6526
0.131257 0.0296244 0.990906 2.98585 0.0153654 0.999373 -0.0319128 -1.13106 -0.991229 0.0194144 0.13072 87.7636
0.101385 0.0218352 0.994608 3.93191 0.0135906 0.999635 -0.0233309 -1.17528 -0.994754 0.0158827 0.101051 87.8627
0.0760649 0.0186817 0.996928 4.92495 0.0196235 0.999603 -0.0202291 -1.20405 -0.99691 0.0211019 0.0756681 87.9277
0.0580343 0.0199026 0.998116 5.95958 0.02515 0.999455 -0.0213916 -1.22986 -0.997998 0.0263441 0.0575021 87.9675
0.0467236 0.0211918 0.998683 7.08104 0.0282566 0.999347 -0.0225279 -1.25952 -0.998508 0.029272 0.0460943 88.0104
0.0407675 0.0218439 0.99893 7.67247 0.0288163 0.999319 -0.0230284 -1.27506 -0.998753 0.0297242 0.0401103 88.0301
0.0335025 0.0218149 0.999201 8.91001 0.0336744 0.999169 -0.0229433 -1.30972 -0.998871 0.0344161 0.0327401 88.0647
0.0279448 0.0207012 0.999395 10.2265 0.0365659 0.999095 -0.0217175 -1.34755 -0.99894 0.0371507 0.0271626 88.1022
0.0280941 0.019963 0.999406 11.6125 0.044838 0.998769 -0.0212107 -1.38556 -0.998599 0.0454072 0.0271644 88.1298
0.0345115 0.0197994 0.999208 13.0656 0.0492353 0.998556 -0.0214871 -1.42484 -0.998191 0.0499379 0.0334869 88.172
0.0428478 0.0177631 0.998924 14.6085 0.0513316 0.998482 -0.0199571 -1.46299 -0.997762 0.0521315 0.041871 88.231
0.0513524 0.014081 0.998581 16.1637 0.0481094 0.998705 -0.0165568 -1.50134 -0.997521 0.0488914 0.0506085 88.3086
0.0594533 0.013963 0.998133 17.7424 0.0443937 0.998876 -0.0166177 -1.54129 -0.997243 0.0452988 0.0587666 88.4179
0.0639806 0.0232369 0.997681 19.3465 0.0368885 0.998991 -0.0256331 -1.58987 -0.997269 0.0384429 0.0630589 88.5377
0.0635701 0.0259284 0.99764 21.0222 0.0318327 0.999101 -0.0279948 -1.64843 -0.99747 0.0335372 0.0626876 88.6678
0.0633253 0.0228474 0.997731 22.6971 0.0299764 0.999243 -0.0247847 -1.71558 -0.997543 0.0314779 0.0625925 88.7871
0.0637751 0.0225282 0.99771 24.4024 0.0257591 0.999375 -0.0242123 -1.78298 -0.997632 0.0272442 0.0631549 88.9131
0.0627966 0.0244482 0.997727 26.0355 0.020089 0.999466 -0.0257552 -1.84651 -0.997824 0.0216607 0.062272 89.0351
0.0602535 0.0241315 0.997891 26.8456 0.0171827 0.999535 -0.0252087 -1.87655 -0.998035 0.0186654 0.0598108 89.0902
0.0563548 0.0228446 0.998149 27.6422 0.0146906 0.999611 -0.0237075 -1.90726 -0.998303 0.0159994 0.0559973 89.1395
0.0513191 0.020438 0.998473 28.4473 0.0125696 0.999698 -0.0211091 -1.93696 -0.998603 0.0136338 0.0510468 89.1845
0.0448168 0.0185588 0.998823 29.2439 0.01074 0.999761 -0.0190581 -1.96395 -0.998937 0.0115815 0.0446067 89.2261
0.0372526 0.0187053 0.999131 30.0724 0.0104132 0.999763 -0.0191054 -1.99271 -0.999252 0.0111159 0.037049 89.267
0.028613 0.019674 0.999397 30.8976 0.0100447 0.99975 -0.0199685 -2.02095 -0.99954 0.01061 0.0284083 89.2973
0.0185657 0.0200454 0.999627 31.7 0.0103609 0.999741 -0.0202401 -2.04703 -0.999774 0.0107328 0.0183532 89.3161
0.00857561 0.0189989 0.999783 32.4923 0.0112989 0.999754 -0.0190952 -2.07442 -0.999899 0.0114602 0.00835883 89.3217
-0.00193991 0.0179636 0.999837 33.2891 0.010272 0.999786 -0.0179427 -2.10256 -0.999945 0.0102356 -0.00212402 89.3193
-0.0129898 0.0170597 0.99977 34.0926 0.0115944 0.99979 -0.0169093 -2.12894 -0.999848 0.0113721 -0.0131848 89.3078
-0.0240724 0.017459 0.999558 34.9037 0.0117322 0.999784 -0.0171804 -2.15491 -0.999641 0.0113134 -0.024272 89.2913
-0.0351165 0.0181367 0.999219 35.6864 0.0121185 0.99977 -0.0177208 -2.17976 -0.99931 0.0114867 -0.0353282 89.2648
-0.0456659 0.0192127 0.998772 36.459 0.0117596 0.999756 -0.018694 -2.20388 -0.998888 0.0108915 -0.0458807 89.2286
-0.0654277 0.0209696 0.997637 37.9983 0.0135359 0.999706 -0.0201254 -2.25559 -0.997766 0.0121872 -0.0656923 89.1301
-0.0844497 0.0217251 0.996191 39.5106 0.0146678 0.999681 -0.0205578 -2.31119 -0.99632 0.0128758 -0.0847414 89.0104
-0.100457 0.0201163 0.994738 40.9725 0.0177649 0.999672 -0.018422 -2.36043 -0.994783 0.0158208 -0.100781 88.8676
-0.109041 0.016905 0.993893 42.3958 0.0235613 0.999618 -0.0144175 -2.40733 -0.993758 0.0218453 -0.109398 88.7052
-0.113214 0.014916 0.993459 43.7891 0.0253934 0.999604 -0.0121144 -2.44971 -0.993246 0.0238558 -0.113548 88.5408
-0.113092 0.0163634 0.99345 45.1361 0.0268303 0.99955 -0.0134096 -2.49336 -0.993222 0.025138 -0.11348 88.384
-0.104831 0.0184229 0.994319 46.3908 0.0274963 0.9995 -0.0156199 -2.5381 -0.99411 0.0257026 -0.105285 88.2549
-0.0856287 0.0189356 0.996147 47.559 0.0258306 0.999526 -0.0167794 -2.58215 -0.995992 0.0242943 -0.0860772 88.1638
-0.0548142 0.0204764 0.998287 48.6593 0.0239841 0.999528 -0.0191849 -2.62659 -0.998208 0.0228914 -0.0552795 88.1184
-0.00889471 0.0259955 0.999622 49.7007 0.020551 0.999456 -0.0258083 -2.67083 -0.999749 0.0203137 -0.0094241 88.1276
0.0525172 0.0271444 0.998251 50.7167 0.0165275 0.99947 -0.028047 -2.71347 -0.998483 0.0179715 0.0520407 88.204
0.133132 0.0209657 0.990877 51.7215 0.013454 0.999646 -0.0229589 -2.7549 -0.991007 0.0163878 0.132803 88.355
0.227116 0.0132033 0.973778 52.6945 0.00646317 0.999866 -0.0150644 -2.79529 -0.973846 0.00971505 0.227 88.6127
0.334212 0.0111506 0.942432 53.6618 0.00217484 0.999918 -0.012602 -2.8306 -0.942496 0.00626137 0.33416 88.9687
0.393047 0.0114563 0.919447 54.1546 0.00437437 0.999888 -0.0143286 -2.84725 -0.919508 0.0096538 0.392953 89.1802
0.453042 0.0146908 0.891368 54.5562 0.0055002 0.999799 -0.0192733 -2.86448 -0.891472 0.0136343 0.452871 89.4184
0.512435 0.0177443 0.858543 54.9386 0.00692646 0.999669 -0.0247953 -2.87931 -0.858698 0.0186526 0.512142 89.6908
0.570453 0.0221771 0.821031 55.313 0.00325845 0.999566 -0.0292635 -2.89214 -0.821324 0.0193688 0.570133 90.0011
0.625814 0.0250719 0.779569 55.6353 -0.000504126 0.999496 -0.0317403 -2.90373 -0.779972 0.0194705 0.625512 90.3307
0.67798 0.0258082 0.734627 55.9394 -0.00160694 0.999433 -0.033628 -2.91908 -0.735079 0.0216186 0.677637 90.6789
0.726561 0.0237925 0.68669 56.2336 -0.00178668 0.999462 -0.0327391 -2.9363 -0.6871 0.02256 0.726212 91.0519
0.771527 0.0203835 0.63587 56.4729 -0.00377661 0.999616 -0.0274614 -2.95251 -0.636186 0.0187858 0.771307 91.4331
0.81268 0.0151527 0.582513 56.6984 -0.0038 0.999778 -0.0207054 -2.96604 -0.582698 0.0146133 0.812558 91.8405
0.849421 0.0123782 0.527571 56.8801 -0.00575914 0.999883 -0.0141873 -2.97744 -0.527684 0.00901264 0.849393 92.2593
0.880747 0.00857878 0.473509 57.0587 -0.00612436 0.999959 -0.00672515 -2.98878 -0.473547 0.00302322 0.880763 92.7012
0.906285 0.00877547 0.422576 57.2421 -0.00907804 0.999958 -0.00129637 -3.00317 -0.422569 -0.00266128 0.906327 93.1599
0.926057 0.0106236 0.377235 57.3664 -0.0122732 0.999923 0.00196927 -3.01479 -0.377185 -0.00645354 0.926115 93.6003
0.941282 0.016562 0.337216 57.4551 -0.0191751 0.999806 0.00441963 -3.02108 -0.337078 -0.0106263 0.941417 94.0492
0.962254 0.0228101 0.271196 57.6554 -0.024639 0.999691 0.00334056 -3.02153 -0.271036 -0.00989646 0.962518 94.9896
0.972444 0.0144371 0.232689 57.8807 -0.0158376 0.999866 0.00415141 -3.03094 -0.232598 -0.00772225 0.972542 95.977
0.977332 0.0241775 0.210327 58.0735 -0.0256244 0.999663 0.00415671 -3.03244 -0.210155 -0.00945198 0.977622 97.0031
0.978403 0.0318713 0.204233 58.18 -0.033182 0.999445 0.00299587 -3.03453 -0.204024 -0.00970805 0.978918 97.558
0.978872 0.0394687 0.200629 58.3814 -0.0396269 0.999209 -0.00322892 -3.04828 -0.200598 -0.00478959 0.979662 98.618
0.977655 0.0366421 0.206999 58.5975 -0.0346697 0.999312 -0.0131495 -3.0597 -0.207339 0.00567904 0.978253 99.6919
0.975613 0.0421474 0.215413 58.8489 -0.0392598 0.999073 -0.0176682 -3.07524 -0.215958 0.0087802 0.976363 100.846
0.973154 0.0425709 0.226183 59.1225 -0.0415788 0.999093 -0.00915066 -3.0994 -0.226368 -0.000499431 0.974042 102.074
0.97171 0.0355609 0.233486 59.4316 -0.0368197 0.999321 0.00103312 -3.11924 -0.233291 -0.00960077 0.97236 103.331
0.971143 0.0308508 0.236492 59.5858 -0.0321464 0.999482 0.00162324 -3.12455 -0.23632 -0.00917876 0.971632 103.958
0.971351 0.026671 0.236148 59.9036 -0.0253855 0.999642 -0.00848296 -3.14144 -0.23629 0.00224518 0.97168 105.241
0.971477 0.0289796 0.235355 60.0629 -0.0261561 0.999544 -0.0151105 -3.1507 -0.235686 0.00852351 0.971792 105.913
0.972043 0.031879 0.232629 60.221 -0.0282449 0.999422 -0.0189369 -3.159 -0.233098 0.0118369 0.972381 106.595
0.972661 0.0303262 0.230242 60.3869 -0.0276965 0.999509 -0.0146454 -3.16959 -0.230573 0.00786807 0.973023 107.304
0.973101 0.0263004 0.228873 60.5575 -0.0253988 0.999654 -0.00688428 -3.18406 -0.228975 0.000885989 0.973432 108.028
0.97396 0.0301916 0.224701 60.8775 -0.0306183 0.99953 -0.00158631 -3.21118 -0.224643 -0.00533496 0.974426 109.481
0.975133 0.036756 0.218549 61.1929 -0.0350822 0.999318 -0.0115356 -3.22782 -0.218824 0.00358156 0.975758 110.962
0.976071 0.0354189 0.214547 61.3597 -0.0330917 0.999348 -0.0144301 -3.24002 -0.214918 0.00698511 0.976607 111.735
0.977753 0.0294044 0.20769 61.6858 -0.027771 0.999556 -0.0107766 -3.27077 -0.207914 0.00476909 0.978135 113.291
0.978513 0.0250877 0.204652 62.0283 -0.024422 0.999685 -0.00577821 -3.29866 -0.204732 0.000656047 0.978818 114.923
0.978745 0.0198381 0.204117 62.204 -0.0192918 0.999803 -0.00466645 -3.30983 -0.204169 0.000629494 0.978935 115.744
0.978828 0.0206802 0.203635 62.365 -0.020493 0.999785 -0.00302832 -3.32237 -0.203654 -0.0012089 0.979042 116.552
0.978302 0.0318455 0.204724 62.6769 -0.0307952 0.999491 -0.00831515 -3.34486 -0.204885 0.0018302 0.978784 118.178
0.977786 0.0407168 0.205611 62.8399 -0.0395283 0.99917 -0.00988624 -3.35738 -0.205843 0.00153916 0.978584 119.035
0.976091 0.0491509 0.211731 63.1667 -0.0487261 0.998786 -0.0072265 -3.39073 -0.211829 -0.00326311 0.977301 120.712
0.97556 0.0496435 0.214054 63.3513 -0.0490266 0.998764 -0.00819304 -3.40722 -0.214196 -0.00250152 0.976788 121.558
0.975221 0.0417448 0.217258 63.7268 -0.040639 0.999128 -0.00955711 -3.4418 -0.217467 0.000491145 0.976067 123.226
0.975411 0.0350473 0.217588 63.9217 -0.0334385 0.999379 -0.0110724 -3.46305 -0.217841 0.00352431 0.975978 124.058
0.975135 0.0345328 0.218906 64.1095 -0.0329241 0.999397 -0.0109939 -3.48492 -0.219154 0.00351328 0.975684 124.904
0.974251 0.039319 0.222011 64.4745 -0.0397567 0.999206 -0.00249868 -3.51545 -0.221933 -0.00639209 0.975041 126.608
0.973904 0.042776 0.222891 64.6522 -0.0442728 0.999018 0.0017207 -3.53349 -0.222599 -0.0115438 0.974842 127.428
0.973924 0.0378879 0.223687 65.0266 -0.0345037 0.999224 -0.0190199 -3.57152 -0.224233 0.0108059 0.974476 129.05
0.974408 0.0327346 0.22239 65.4088 -0.0292428 0.999392 -0.018977 -3.61326 -0.222876 0.011988 0.974773 130.706
0.974833 0.0261735 0.221394 65.5944 -0.0272544 0.999627 0.00182848 -3.63419 -0.221263 -0.00781642 0.975183 131.54
0.975056 0.0227301 0.220792 65.7818 -0.0271383 0.999488 0.0169521 -3.65351 -0.220294 -0.0225212 0.975174 132.406
0.97512 0.0271367 0.220011 65.9599 -0.0303631 0.999475 0.0112961 -3.66231 -0.219589 -0.0176953 0.975432 133.253
0.975319 0.0353551 0.217952 66.1303 -0.0351872 0.99937 -0.00465256 -3.66842 -0.217979 -0.00313139 0.975948 134.066
0.975603 0.0356235 0.216631 66.3047 -0.033723 0.999353 -0.0124646 -3.67634 -0.216935 0.00485508 0.976174 134.862
0.976208 0.0315174 0.214533 66.4812 -0.029374 0.999482 -0.0131728 -3.69773 -0.214837 0.00655776 0.976628 135.654
0.977639 0.0307551 0.208029 66.8146 -0.0287061 0.999505 -0.0128619 -3.73864 -0.208322 0.0066026 0.978038 137.256
0.979069 0.0369124 0.200154 67.1326 -0.034739 0.999293 -0.0143611 -3.7828 -0.200543 0.0071073 0.979659 138.864
0.979478 0.0446466 0.196543 67.4291 -0.0430074 0.998995 -0.0126022 -3.82364 -0.196908 0.00389077 0.980414 140.482
0.980136 0.0409605 0.194051 67.7365 -0.0402389 0.999161 -0.0076604 -3.86459 -0.194202 -0.000300175 0.980962 142.083
0.980745 0.0391849 0.191322 67.892 -0.0378444 0.999227 -0.0106569 -3.88511 -0.191592 0.00321124 0.981469 142.897
0.981814 0.0344868 0.186684 68.0413 -0.0323501 0.999372 -0.0144809 -3.90468 -0.187067 0.00817834 0.982313 143.675
0.983154 0.0316053 0.180027 68.1839 -0.029285 0.99945 -0.0155325 -3.92169 -0.180419 0.00999871 0.983539 144.451
0.984312 0.0300116 0.173868 68.3164 -0.0286868 0.999537 -0.0101276 -3.93941 -0.174091 0.00498102 0.984717 145.239
0.986092 0.0247345 0.164348 68.5755 -0.0263428 0.999624 0.00761365 -3.9659 -0.164098 -0.0118371 0.986373 146.837
0.987216 0.0342947 0.155654 68.7959 -0.0356316 0.999348 0.00580595 -3.98241 -0.155354 -0.0112779 0.987795 148.419
0.989379 0.0317599 0.14185 69.0144 -0.030688 0.999482 -0.0097386 -3.99674 -0.142085 0.00528209 0.98984 149.966
0.991111 0.0376063 0.127611 69.2152 -0.0372592 0.999293 -0.00510716 -4.02757 -0.127713 0.000307078 0.991811 151.596
0.992937 0.0458943 0.109409 69.3766 -0.0448187 0.99892 -0.0122711 -4.05874 -0.109854 0.00728087 0.993921 153.208
0.9939 0.0445829 0.100876 69.4594 -0.043321 0.998954 -0.014667 -4.07303 -0.101424 0.0102075 0.994791 154.027
0.99467 0.0446625 0.0929305 69.5247 -0.0437502 0.998972 -0.011832 -4.08745 -0.0933634 0.00770322 0.995602 154.823
0.995211 0.0474705 0.0854526 69.5794 -0.0472537 0.998873 -0.00455864 -4.10387 -0.0855726 0.000498858 0.996332 155.637
0.995692 0.0509636 0.077461 69.6264 -0.0512064 0.998687 0.00114946 -4.11564 -0.0773008 -0.00511101 0.996995 156.448
0.996304 0.0497833 0.0699994 69.6762 -0.0502206 0.998728 0.00450026 -4.12409 -0.0696863 -0.00799904 0.997537 157.261
0.996669 0.0506192 0.0639469 69.7188 -0.0511541 0.998668 0.00675456 -4.13059 -0.0635198 -0.0100032 0.99793 158.083
0.996957 0.0498971 0.0598941 69.7598 -0.0502876 0.998722 0.00503013 -4.1389 -0.0595666 -0.00802676 0.998192 158.908
0.996968 0.0547925 0.0552424 69.7938 -0.0548553 0.998494 -0.000379418 -4.14804 -0.05518 -0.00265207 0.998473 159.74
0.996833 0.060759 0.0513025 69.8215 -0.0604789 0.998145 -0.00699623 -4.15913 -0.0516324 0.00387136 0.998659 160.556
0.996909 0.0620101 0.0482329 69.8516 -0.0616358 0.998056 -0.00921153 -4.1693 -0.0487103 0.00621019 0.998794 161.387
0.996933 0.0637741 0.0453522 69.8827 -0.0636993 0.997964 -0.00309448 -4.18061 -0.0454572 0.000196089 0.998966 162.232
0.996867 0.0659135 0.0437172 69.9068 -0.0662968 0.997773 0.00737634 -4.18812 -0.0431336 -0.0102515 0.999017 163.075
0.996931 0.0670335 0.0404338 69.9318 -0.0676748 0.997599 0.0147036 -4.19554 -0.0393511 -0.0173948 0.999074 163.909
0.997345 0.0636859 0.0353171 69.9581 -0.064131 0.997874 0.011615 -4.20185 -0.0345023 -0.0138491 0.999309 164.726
0.998247 0.0513202 0.029492 69.9916 -0.0513955 0.998677 0.00180234 -4.2075 -0.0293604 -0.00331494 0.999563 165.531
0.998546 0.0491043 0.0222573 70.012 -0.0490538 0.998792 -0.00280975 -4.20777 -0.0223684 0.00171386 0.999748 166.347
0.998674 0.0508687 0.0078765 70.017 -0.0509086 0.998691 0.00494666 -4.22426 -0.00761456 -0.00534108 0.999957 168.002
0.999311 0.036737 -0.00536943 70.0186 -0.0366666 0.999247 0.0126648 -4.22574 0.00583065 -0.0124591 0.999905 169.651
0.999409 0.0293082 -0.0179472 69.9893 -0.029203 0.999555 0.00609492 -4.23767 0.0181179 -0.00556721 0.99982 171.292
0.999427 0.0103271 -0.0322385 69.961 -0.0105884 0.999912 -0.0079434 -4.24767 0.0321537 0.0082802 0.999449 172.94
0.999154 0.0140092 -0.0386772 69.9194 -0.0140401 0.999901 -0.000528844 -4.25496 0.038666 0.00107143 0.999252 173.752
0.998741 0.0246449 -0.0436966 69.8596 -0.0241114 0.999629 0.0126947 -4.25879 0.0439932 -0.0116251 0.998964 174.571
0.998403 0.0294876 -0.0481932 69.8031 -0.0285263 0.999383 0.020515 -4.26411 0.0487684 -0.0191074 0.998627 175.424
0.998231 0.0289678 -0.0519285 69.7535 -0.0280918 0.999452 0.0175196 -4.26342 0.0524075 -0.0160299 0.998497 176.272
0.998073 0.0306943 -0.0539209 69.6994 -0.0303739 0.999516 0.00675173 -4.26152 0.054102 -0.00510093 0.998522 177.112
0.997529 0.0414105 -0.0567539 69.6302 -0.0416159 0.999131 -0.00244124 -4.26334 0.0566035 0.00479708 0.998385 177.96
0.997461 0.0399659 -0.0589439 69.5723 -0.0403876 0.999166 -0.00597943 -4.27134 0.0586558 0.00834485 0.998243 178.804
0.997526 0.0345065 -0.0612452 69.5275 -0.0346451 0.999399 -0.00120243 -4.28073 0.0611669 0.00332131 0.998122 179.676
0.997538 0.0346624 -0.0609685 69.4713 -0.0342597 0.999384 0.00763744 -4.28794 0.0611957 -0.00552987 0.99811 180.56
0.99749 0.0365894 -0.0606261 69.4083 -0.0358505 0.99927 0.0132307 -4.29331 0.0610659 -0.011024 0.998073 181.388
0.997391 0.0366372 -0.0621969 69.3475 -0.0359258 0.999276 0.0125182 -4.29762 0.0626105 -0.010251 0.997985 182.221
0.997367 0.0330215 -0.0645579 69.2905 -0.0328636 0.999454 0.00350664 -4.30319 0.0646384 -0.0013758 0.997908 183.089
0.997509 0.0223749 -0.0668913 69.2435 -0.0229621 0.999704 -0.00802209 -4.31282 0.066692 0.00953807 0.997728 183.936
0.997541 0.0121247 -0.069026 69.1964 -0.012988 0.999843 -0.0120716 -4.32372 0.0688688 0.0129384 0.997542 184.769
0.997446 0.0149362 -0.0698515 69.1274 -0.0154928 0.999852 -0.00743299 -4.33723 0.0697302 0.0084962 0.99753 185.626
0.997249 0.0210004 -0.0710807 69.0551 -0.0208103 0.999778 0.00341364 -4.35144 0.0711366 -0.00192504 0.997465 186.474
0.99713 0.0220744 -0.0724197 68.9883 -0.0216275 0.999742 0.00694848 -4.36647 0.0725544 -0.00536227 0.99735 187.322
0.997089 0.0208627 -0.0733322 68.9252 -0.0206911 0.999781 0.00309964 -4.37517 0.0733809 -0.00157329 0.997303 188.178
0.997098 0.0209894 -0.073179 68.8605 -0.021273 0.999769 -0.00309739 -4.38197 0.073097 0.00464513 0.997314 189.018
0.996899 0.0277729 -0.0736293 68.7846 -0.0281005 0.999599 -0.00341661 -4.39168 0.0735049 0.00547504 0.99728 189.843
0.996813 0.0306095 -0.0736609 68.7115 -0.0307029 0.999529 -0.000135646 -4.40538 0.073622 0.00239682 0.997283 190.676
0.99663 0.0344429 -0.0744509 68.6399 -0.0342972 0.999406 0.00323526 -4.41784 0.0745181 -0.000670897 0.997219 191.497
0.996492 0.0376657 -0.074735 68.5686 -0.0373238 0.999285 0.00596631 -4.42558 0.0749064 -0.00315598 0.997186 192.323
0.996335 0.0405828 -0.0753018 68.4981 -0.0402707 0.999173 0.00566006 -4.43474 0.0754692 -0.00260687 0.997145 193.152
0.996381 0.0383756 -0.0758379 68.4346 -0.0383238 0.999263 0.00213885 -4.44854 0.0758641 0.000775285 0.997118 193.966
0.996224 0.0406316 -0.0767231 68.3628 -0.0410008 0.999154 -0.00324218 -4.45779 0.0765265 0.00637565 0.997047 194.77
0.996084 0.041831 -0.0778892 68.2892 -0.0421948 0.999105 -0.00303088 -4.46402 0.0776926 0.00630553 0.996957 195.578
0.995935 0.0423804 -0.0794862 68.2182 -0.0419809 0.999096 0.00669068 -4.47095 0.0796979 -0.00332658 0.996814 196.374
0.995885 0.0407115 -0.0809623 68.1545 -0.0395531 0.999092 0.0158605 -4.48147 0.0815344 -0.0125929 0.996591 197.173
0.996063 0.0347659 -0.0815491 68.093 -0.0334362 0.999286 0.0176157 -4.48879 0.0821033 -0.0148197 0.996514 197.952
0.996051 0.032963 -0.0824353 68.03 -0.0321845 0.999424 0.0107551 -4.49161 0.0827423 -0.0080595 0.996538 198.705
0.996045 0.03428 -0.0819769 67.963 -0.033933 0.999408 0.0056231 -4.49252 0.0821212 -0.00281914 0.996618 199.446
0.996113 0.0337511 -0.0813655 67.898 -0.0338944 0.999425 -0.000380262 -4.50333 0.0813059 0.00313662 0.996684 200.167
0.996222 0.0308163 -0.0811962 67.8421 -0.0312274 0.999505 -0.00379791 -4.51909 0.081039 0.00631911 0.996691 200.851
0.996534 0.0272234 -0.0786031 67.7916 -0.027977 0.999572 -0.00850164 -4.53284 0.0783381 0.0106713 0.99687 201.516
0.997258 0.0271984 -0.0688276 67.6914 -0.0276244 0.999605 -0.00524437 -4.55213 0.0686577 0.00713131 0.997615 202.862
0.997663 0.0383781 -0.0565263 67.5905 -0.0379674 0.999244 0.00832261 -4.57845 0.0568029 -0.00615701 0.998366 204.221
0.998343 0.037559 -0.0435972 67.5268 -0.0376567 0.99929 -0.00142126 -4.59725 0.0435128 0.00306063 0.999048 205.496
0.998728 0.0408765 -0.0295201 67.4802 -0.0413572 0.999019 -0.0158612 -4.61601 0.0288428 0.0170619 0.999438 206.778
0.999192 0.0369095 -0.0159155 67.4589 -0.0370636 0.999268 -0.00950193 -4.64574 0.0155532 0.0100841 0.999828 208.094
0.999707 0.023867 -0.0039128 67.4662 -0.0238765 0.999712 -0.00241063 -4.67818 0.00385414 0.00250335 0.999989 209.371
0.999592 0.0285705 0.000485497 67.4589 -0.0285704 0.999592 -6.45695e-05 -4.69401 -0.000487144 5.06722e-05 1 210.639
0.999578 0.0290332 -0.000400469 67.4561 -0.0290309 0.999567 0.0048579 -4.706 0.000541336 -0.00484423 0.999988 211.933
0.999242 0.0389215 -0.000258657 67.435 -0.038921 0.999241 0.0017927 -4.71974 0.000328235 -0.00178128 0.999998 213.209
0.999126 0.0416553 -0.00354599 67.4146 -0.041705 0.999013 -0.0153201 -4.74139 0.00290433 0.0154546 0.999876 214.483
0.999217 0.0380525 -0.0108495 67.4023 -0.038201 0.999174 -0.0138321 -4.75819 0.0103142 0.0142357 0.999845 215.798
0.999011 0.040519 -0.0183171 67.3629 -0.0402835 0.999103 0.0130481 -4.77775 0.0188294 -0.0122973 0.999747 217.179
0.99917 0.0341097 -0.0222621 67.3544 -0.0336075 0.999181 0.0225564 -4.7836 0.0230132 -0.0217895 0.999498 217.887
0.999152 0.0326214 -0.0251141 67.3366 -0.0321093 0.999273 0.0205298 -4.78166 0.0257656 -0.019706 0.999474 218.572
0.998874 0.0351991 -0.0317994 67.2794 -0.0350304 0.999369 0.00584649 -4.78057 0.0319851 -0.00472596 0.999477 219.928
0.999052 0.0269527 -0.0341889 67.2687 -0.0269392 0.999637 0.000856389 -4.77536 0.0341996 6.54458e-05 0.999415 220.614
0.999256 0.0122384 -0.0365736 67.2346 -0.011877 0.999879 0.0100825 -4.78236 0.0366926 -0.00964063 0.99928 222.017
0.999217 0.00667419 -0.0390074 67.1845 -0.0062859 0.99993 0.0100684 -4.79442 0.0390718 -0.00981534 0.999188 223.423
0.99913 -0.00792113 -0.0409571 67.1448 0.00810013 0.999958 0.00420653 -4.79867 0.0409221 -0.00453463 0.999152 224.828
0.999078 -0.00909552 -0.0419586 67.1163 0.0094091 0.999929 0.00728207 -4.80283 0.0418894 -0.00767015 0.999093 225.527
0.999045 -0.0100435 -0.0425342 67.0839 0.0105472 0.999877 0.0116346 -4.8065 0.0424121 -0.0120721 0.999027 226.204
0.999005 -0.0108254 -0.043265 67.0531 0.0114654 0.999828 0.0145714 -4.81109 0.0430998 -0.015053 0.998957 226.894
0.998966 -0.0122085 -0.0437849 67.0227 0.0127521 0.999845 0.0121582 -4.81662 0.0436297 -0.012704 0.998967 227.586
0.998937 -0.0151892 -0.0435294 66.9946 0.015418 0.999869 0.00492671 -4.82276 0.0434489 -0.00559261 0.99904 228.248
0.998904 -0.0160286 -0.0439741 66.9376 0.0156043 0.999828 -0.00997415 -4.83299 0.0441264 0.00927703 0.998983 229.595
0.998944 -0.0144833 -0.0435978 66.8693 0.0143858 0.999893 -0.00254917 -4.85435 0.04363 0.00191929 0.999046 230.907
0.998872 -0.0164079 -0.0445635 66.8148 0.0168757 0.999806 0.01014 -4.87568 0.0443885 -0.0108806 0.998955 232.186
0.998717 -0.0169313 -0.0477255 66.7535 0.0177209 0.999712 0.0161698 -4.88624 0.047438 -0.0169948 0.99873 233.384
0.997768 -0.0279981 -0.0606287 66.6946 0.0288765 0.99949 0.0136607 -4.89396 0.0602153 -0.015381 0.998067 234.516
0.995816 -0.0317643 -0.0856881 66.5989 0.0324016 0.999457 0.0060566 -4.90417 0.0854491 -0.00880768 0.996304 235.59
0.991276 -0.0366112 -0.126617 66.4636 0.0374341 0.999291 0.00412465 -4.91189 0.126376 -0.00882845 0.991943 236.598
0.983191 -0.034142 -0.179362 66.2659 0.036327 0.9993 0.00891033 -4.92507 0.178932 -0.0152762 0.983743 237.58
0.968472 -0.0338788 -0.246809 66.0061 0.0361592 0.999335 0.00471156 -4.94348 0.246486 -0.0134874 0.969053 238.5
0.94405 -0.0259333 -0.328782 65.6579 0.0262973 0.999649 -0.00334016 -4.9574 0.328753 -0.00549281 0.9444 239.366
0.907678 -0.0109058 -0.419525 65.2296 0.00918403 0.999939 -0.00612351 -4.97003 0.419567 0.00170524 0.907723 240.137
0.856952 0.0141552 -0.515202 64.7164 -0.0189938 0.999811 -0.00412314 -4.99381 0.515046 0.013319 0.857059 240.841
0.790496 0.0304467 -0.61171 64.1326 -0.0358402 0.999352 0.0034255 -5.00012 0.611417 0.019216 0.791075 241.515
0.713649 0.0499357 -0.698721 63.4861 -0.0444654 0.998674 0.025957 -4.9922 0.699091 0.0125447 0.714923 242.094
0.673033 0.0618518 -0.737022 63.1366 -0.049316 0.998032 0.0387217 -4.98195 0.737967 0.010286 0.674759 242.346
0.631031 0.0704567 -0.772551 62.7798 -0.053043 0.997455 0.0476416 -4.96831 0.773942 0.0109151 0.633162 242.554
0.540358 0.0771918 -0.837887 62.037 -0.0516794 0.996948 0.0585172 -4.93727 0.839847 0.0116813 0.542698 242.944
0.488848 0.0751803 -0.869124 61.673 -0.0440167 0.997136 0.0614959 -4.92018 0.871258 0.0081938 0.490757 243.094
0.385619 0.06173 -0.920591 60.8911 -0.0261115 0.99809 0.055989 -4.8722 0.922288 0.00244758 0.386495 243.364
0.281293 0.0544087 -0.958078 60.0517 -0.0207801 0.998503 0.0506034 -4.8216 0.959397 0.00567455 0.282002 243.532
0.185937 0.0560852 -0.98096 59.1224 -0.0190649 0.998388 0.053468 -4.77751 0.982377 0.00876025 0.186706 243.641
0.102583 0.0541344 -0.99325 58.1591 -0.0149314 0.998489 0.0528779 -4.73247 0.994612 0.00940631 0.103236 243.68
0.0669386 0.052746 -0.996362 57.6655 -0.0134379 0.998559 0.0519595 -4.71116 0.997667 0.00991089 0.0675509 243.672
0.0124828 0.0480074 -0.998769 56.6275 -0.0135488 0.998763 0.0478378 -4.66086 0.99983 0.012935 0.0131178 243.644
-0.0287206 0.0450974 -0.99857 55.5404 -0.0171935 0.998812 0.0456028 -4.61423 0.99944 0.0184786 -0.0279111 243.569
-0.0540851 0.0420413 -0.997651 54.3988 -0.0220951 0.998818 0.0432883 -4.56871 0.998292 0.0243845 -0.0530923 243.471
-0.0658602 0.0404837 -0.997007 52.6301 -0.0223654 0.998866 0.0420366 -4.50492 0.997578 0.025067 -0.06488 243.321
-0.0666909 0.0413012 -0.996919 51.3819 -0.0218564 0.998843 0.0428431 -4.4594 0.997534 0.0246463 -0.065711 243.221
-0.0646557 0.039465 -0.997127 50.0227 -0.0192828 0.998982 0.0407887 -4.40781 0.997721 0.0218647 -0.0638288 243.125
-0.0636122 0.0366362 -0.997302 49.3253 -0.0166612 0.999148 0.0377667 -4.3818 0.997836 0.0190187 -0.0629475 243.087
-0.0615021 0.0348188 -0.997499 47.8457 -0.0165756 0.999218 0.0359008 -4.32611 0.997969 0.0187421 -0.0608769 242.994
-0.0602313 0.0346563 -0.997583 47.0774 -0.0167787 0.999221 0.0357263 -4.30052 0.998043 0.0188899 -0.0596029 242.945
-0.0587882 0.0355951 -0.997636 46.2621 -0.0151488 0.999217 0.0365442 -4.27339 0.998156 0.0172614 -0.0582029 242.898
-0.0572327 0.0359369 -0.997714 45.4453 -0.0125183 0.999248 0.0367103 -4.24533 0.998282 0.0145907 -0.0567398 242.853
-0.0553832 0.0358434 -0.997822 44.6115 -0.00954286 0.999291 0.0364259 -4.21909 0.99842 0.0115394 -0.0550019 242.808
-0.0541365 0.036272 -0.997875 43.761 -0.00863071 0.999286 0.0367915 -4.19065 0.998496 0.0106041 -0.0537848 242.761
-0.0529992 0.0385726 -0.997849 42.8773 -0.00784436 0.999207 0.0390418 -4.15914 0.998564 0.00989667 -0.0526546 242.713
-0.0521602 0.043156 -0.997706 41.9808 -0.00607383 0.999034 0.043531 -4.12847 0.99862 0.00833048 -0.0518476 242.666
-0.0510413 0.0478239 -0.997551 41.0831 -0.00493283 0.998829 0.0481375 -4.0984 0.998684 0.00737775 -0.0507456 242.617
-0.0506435 0.048752 -0.997526 40.1733 -0.00434585 0.998788 0.0490343 -4.06682 0.998707 0.00681836 -0.0503702 242.566
-0.0528205 0.0413514 -0.997747 38.4058 -0.00359881 0.999128 0.0415991 -4.00831 0.998598 0.00578799 -0.0526256 242.465
-0.0571206 0.0455542 -0.997327 36.6638 0.00110203 0.998961 0.0455657 -3.95321 0.998367 0.00150365 -0.0571115 242.361
-0.0604528 0.0516856 -0.996832 35.7771 0.00306877 0.998663 0.0515945 -3.92589 0.998166 5.99784e-05 -0.0605306 242.307
-0.0633839 0.0558889 -0.996423 34.8892 0.00521854 0.998436 0.0556698 -3.89324 0.997976 -0.0016713 -0.0635764 242.251
-0.0660905 0.0556366 -0.996261 34.0268 0.00721503 0.998445 0.0552799 -3.85665 0.997788 -0.00353458 -0.0663891 242.191
-0.0687996 0.0539593 -0.99617 33.1534 0.00738851 0.998536 0.0535772 -3.82052 0.997603 -0.00367412 -0.0690975 242.125
-0.0716429 0.0509186 -0.99613 32.2931 0.00534467 0.998701 0.0506656 -3.78653 0.997416 -0.00169416 -0.071822 242.053
-0.0739323 0.0491121 -0.996053 31.4148 0.00412946 0.998793 0.0489407 -3.7516 0.997255 -0.000494858 -0.0740459 241.981
-0.0755673 0.0486609 -0.995953 30.5542 0.00428784 0.998815 0.0484754 -3.72027 0.997131 -0.000607337 -0.0756864 241.908
-0.0769012 0.0472856 -0.995917 29.6985 -8.92802e-06 0.998875 0.0474267 -3.69311 0.997039 0.00365606 -0.0768142 241.83
-0.0783239 0.0403857 -0.99611 27.9749 -0.00666194 0.999136 0.0410322 -3.638 0.996906 0.00984983 -0.0779871 241.673
-0.0775025 0.0394154 -0.996213 27.1163 -0.00836983 0.999157 0.040183 -3.6118 0.996957 0.0114524 -0.0771073 241.601
-0.0757203 0.0397421 -0.996337 26.2705 -0.00896033 0.999138 0.0405348 -3.59075 0.997089 0.0119968 -0.0752989 241.529
-0.0738046 0.0395325 -0.996489 25.4268 -0.0079348 0.999159 0.0402262 -3.56946 0.997241 0.0108758 -0.0734288 241.461
-0.0718158 0.0408873 -0.99658 24.5882 -0.00676715 0.999116 0.0414791 -3.54594 0.997395 0.00972286 -0.0714757 241.4
-0.0698959 0.0419979 -0.99667 23.7583 -0.00456934 0.999089 0.0424203 -3.52454 0.997544 0.00751913 -0.0696403 241.343
-0.0682231 0.044196 -0.996691 22.9276 0.000629734 0.99902 0.0442561 -3.50246 0.99767 0.00239164 -0.0681841 241.293
-0.0662691 0.0442939 -0.996818 22.1024 0.00579365 0.999014 0.0440063 -3.47701 0.997785 -0.00285895 -0.0664604 241.246
-0.0643688 0.0425104 -0.99702 21.2862 0.0047688 0.999094 0.042291 -3.45323 0.997915 -0.00203238 -0.0645132 241.191
-0.0624647 0.0419383 -0.997166 20.4577 0.00467174 0.999118 0.0417277 -3.43103 0.998036 -0.00205199 -0.0626055 241.133
