1 0 0 0 0 1 0 0 0 0 1 0
0.999999 0.000812811 0.00150528 -0.00707274 -0.000805901 0.999989 -0.00458551 -0.0027264 -0.00150899 0.00458429 0.999988 0.954931
0.999996 -0.0013459 0.00246275 -0.00807558 0.00135927 0.999984 -0.00543698 -0.00188131 -0.0024554 0.0054403 0.999982 1.90594
0.999993 -0.00294368 0.00249406 -0.00880814 0.00294724 0.999995 -0.00142457 -0.002617 -0.00248985 0.00143191 0.999996 2.86011
0.999985 -0.00529962 0.00170157 -0.00849974 0.00529175 0.999975 0.00459186 -0.00499142 -0.00172586 -0.00458278 0.999988 3.80765
0.999961 -0.00885644 0.000471846 -0.00820028 0.00885416 0.99995 0.00462978 -0.00261568 -0.000512826 -0.00462542 0.999989 4.74141
0.999934 -0.0114474 -0.000564203 -0.00748907 0.0114484 0.999933 0.0017669 -0.0003225 0.000543939 -0.00177324 0.999998 5.67141
0.999928 -0.0119656 -0.00124073 -0.0125341 0.0119635 0.999927 -0.00167799 -0.00013111 0.00126072 0.00166302 0.999998 6.59875
0.99993 -0.0116318 -0.00196693 -0.0193275 0.0116273 0.99993 -0.00224624 -0.000766678 0.00199292 0.00222322 0.999996 7.52307
0.999933 -0.0111955 -0.00290103 -0.0272319 0.0111946 0.999937 -0.000324687 -0.00257447 0.00290449 0.000292189 0.999996 8.44493
0.999927 -0.0111954 -0.00457826 -0.0426489 0.0112143 0.999929 0.00411699 -0.00253151 0.00453184 -0.00416803 0.999981 10.285
0.999908 -0.012596 -0.00501145 -0.0504369 0.012621 0.999908 0.00498326 0.000276704 0.00494822 -0.00504605 0.999975 11.2036
0.999902 -0.0127992 -0.00574802 -0.0614883 0.0128276 0.999906 0.00492888 0.00334033 0.00568439 -0.00500213 0.999971 12.1131
0.999876 -0.0136358 -0.00790246 -0.0847646 0.0136485 0.999906 0.00154399 0.0077685 0.00788066 -0.00165165 0.999968 13.9212
0.999835 -0.0145253 -0.0109167 -0.112004 0.0145221 0.999894 -0.000374944 0.00859758 0.010921 0.000216349 0.99994 15.7134
0.999834 -0.0117319 -0.0139673 -0.150446 0.0117167 0.999931 -0.00116936 0.00493724 0.01398 0.00100552 0.999902 17.4893
0.99979 -0.0117305 -0.0167745 -0.189112 0.0117482 0.999931 0.000955258 0.00314485 0.0167622 -0.00115213 0.999859 19.2573
0.999771 -0.0114043 -0.0180917 -0.211754 0.0114334 0.999933 0.00150755 0.00354557 0.0180734 -0.00171406 0.999835 20.1416
0.999725 -0.0124704 -0.019848 -0.231026 0.012498 0.999921 0.00126668 0.00420452 0.0198306 -0.00151439 0.999802 21.0341
0.999692 -0.0125998 -0.0213813 -0.253159 0.0126199 0.99992 0.000806123 0.00482851 0.0213694 -0.0010757 0.999771 21.9072
0.99967 -0.0125859 -0.0223864 -0.276547 0.0126147 0.99992 0.00114268 0.00674783 0.0223702 -0.0014247 0.999749 22.7594
0.999648 -0.0123831 -0.0234647 -0.301202 0.0124587 0.999918 0.00307816 0.00886581 0.0234247 -0.00336941 0.99972 23.6243
0.999617 -0.0135557 -0.0241458 -0.326459 0.0136974 0.99989 0.00571222 0.0119053 0.0240657 -0.00604076 0.999692 24.474
0.999598 -0.0134904 -0.0249301 -0.352038 0.0136758 0.99988 0.00727958 0.0147354 0.0248289 -0.00761759 0.999663 25.3208
0.999593 -0.0128211 -0.0254922 -0.379257 0.0129798 0.999897 0.00607236 0.0169748 0.0254117 -0.00640077 0.999657 26.1527
0.999592 -0.0111723 -0.0262994 -0.407239 0.0112683 0.99993 0.00350349 0.0188551 0.0262584 -0.0037984 0.999648 26.9794
0.999573 -0.0109088 -0.0270977 -0.433251 0.0109594 0.999938 0.00172 0.0225064 0.0270773 -0.00201624 0.999631 27.7849
0.999553 -0.0101559 -0.0281277 -0.459609 0.0101982 0.999947 0.0013618 0.0235155 0.0281124 -0.00164805 0.999603 28.5569
0.999512 -0.0105312 -0.0294161 -0.482995 0.0105619 0.999944 0.000888064 0.022764 0.0294051 -0.00119832 0.999567 29.3323
0.999391 -0.0102538 -0.0333436 -0.542835 0.0102617 0.999947 6.58364e-05 0.0199087 0.0333411 -0.000407959 0.999444 30.8757
0.999248 -0.0103822 -0.0373537 -0.605295 0.0105171 0.999939 0.00341802 0.0213242 0.0373159 -0.00380831 0.999296 32.3852
0.999121 -0.00799796 -0.041151 -0.673612 0.0082174 0.999953 0.00516621 0.0236719 0.0411077 -0.00549982 0.99914 33.8515
0.999061 -0.00549048 -0.0429741 -0.712457 0.00567884 0.999975 0.00426234 0.0275505 0.0429496 -0.00450239 0.999067 34.5504
0.998927 -0.00352152 -0.0461729 -0.789085 0.00374516 0.999982 0.00475787 0.0334029 0.0461553 -0.00492569 0.998922 35.9456
0.998884 0.000822423 -0.0472167 -0.868459 -0.000482861 0.999974 0.00720253 0.0367691 0.0472214 -0.00717169 0.998859 37.3173
0.999001 0.00565095 -0.044318 -0.94445 -0.00556681 0.999982 0.00202153 0.038682 0.0443287 -0.0017728 0.999015 38.6359
0.999203 0.00731242 -0.0392343 -1.00222 -0.00728205 0.999973 0.000916862 0.0457392 0.03924 -0.000630425 0.99923 39.9132
0.99935 0.0163204 -0.0321321 -1.06478 -0.016095 0.999844 0.00726111 0.042458 0.0322456 -0.00673923 0.999457 41.1408
0.999431 0.0251367 -0.0225088 -1.11009 -0.0249508 0.999653 0.00849972 0.0486916 0.0227146 -0.00793327 0.999711 42.3356
0.999382 0.0336952 -0.00998676 -1.14072 -0.0335783 0.999368 0.0116568 0.0577302 0.0103732 -0.0113143 0.999882 43.4739
0.999173 0.0404169 0.00449069 -1.15363 -0.0404664 0.999114 0.0115472 0.0593 -0.00402001 -0.0117194 0.999923 44.5156
0.998595 0.049177 0.0197497 -1.15283 -0.0493499 0.998747 0.00836497 0.0651654 -0.0193136 -0.00932787 0.99977 45.4813
0.998034 0.0515412 0.0356566 -1.12829 -0.0517509 0.998648 0.00498268 0.0689151 -0.0353516 -0.00681815 0.999352 46.3326
0.997297 0.0524262 0.0514722 -1.08437 -0.0528581 0.998577 0.00706488 0.0710803 -0.0510286 -0.00976651 0.998649 47.1106
0.994896 0.0640411 0.0779831 -1.02129 -0.0647572 0.997879 0.0066862 0.0719571 -0.0773895 -0.011702 0.996932 48.1161
0.992094 0.0608975 0.109728 -0.917884 -0.0613787 0.998114 0.00100975 0.0680649 -0.109459 -0.0077367 0.993961 48.9238
0.985824 0.0651097 0.154631 -0.787823 -0.0648829 0.997872 -0.00651831 0.0618746 -0.154727 -0.00360702 0.987951 49.6979
0.975867 0.0636078 0.208896 -0.603983 -0.0630554 0.997967 -0.00931007 0.0561134 -0.209064 -0.00408665 0.977893 50.4491
0.959784 0.0671213 0.272597 -0.370712 -0.0655306 0.997739 -0.0149461 0.0488856 -0.272983 -0.00351841 0.962012 51.1621
0.943896 0.0710738 0.322504 -0.178427 -0.0692798 0.997451 -0.0170533 0.0385144 -0.322894 -0.00624642 0.946415 51.6343
0.910133 0.0720418 0.408004 0.182905 -0.0691703 0.997366 -0.0218082 0.0151146 -0.408501 -0.00837335 0.91272 52.3359
0.877773 0.0685885 0.474141 0.486322 -0.0624047 0.997636 -0.0287873 -0.0023985 -0.474995 -0.00431994 0.879978 52.7814
0.836155 0.0724218 0.543691 0.834635 -0.0613589 0.997373 -0.0384887 -0.0183788 -0.54505 -0.00117774 0.838402 53.2257
0.783872 0.0794018 0.615824 1.24134 -0.0653603 0.996832 -0.0453313 -0.0419702 -0.617473 -0.00471649 0.786578 53.6958
0.720693 0.0846573 0.688066 1.72608 -0.0684603 0.996355 -0.0508816 -0.0724221 -0.689865 -0.0104351 0.723862 54.1536
0.644983 0.080762 0.759917 2.3163 -0.0617138 0.996657 -0.0535422 -0.111378 -0.761701 -0.0123635 0.647811 54.5817
0.55613 0.0800177 0.827234 3.00663 -0.0559319 0.996701 -0.0588085 -0.150497 -0.829211 -0.0135636 0.558771 54.976
0.459113 0.0770958 0.885026 3.81554 -0.0508896 0.996874 -0.0604397 -0.200523 -0.886919 -0.01729 0.461601 55.3415
0.360048 0.0747995 0.92993 4.72287 -0.053482 0.996796 -0.0594709 -0.245803 -0.931399 -0.0283222 0.362895 55.6783
0.264482 0.0718365 0.961711 5.69346 -0.0400242 0.99718 -0.0634788 -0.298597 -0.96356 -0.0217027 0.266611 55.894
0.178464 0.0649166 0.981803 6.73527 -0.0175435 0.997873 -0.0627902 -0.35615 -0.98379 -0.00601854 0.179223 56.0092
0.107156 0.0672747 0.991964 7.80957 -0.0051684 0.997732 -0.0671076 -0.413261 -0.994229 0.00206409 0.10726 56.0759
0.0527765 0.0638237 0.996565 8.94643 0.00924576 0.997881 -0.0643977 -0.482615 -0.998564 0.0126127 0.0520746 56.1042
0.0166576 0.0646849 0.997767 10.1203 0.0168925 0.997745 -0.0649655 -0.538349 -0.999719 0.017937 0.0155273 56.1053
-0.00828624 0.0651431 0.997842 11.3261 0.0182849 0.997719 -0.0649833 -0.610647 -0.999798 0.017707 -0.00945847 56.0853
-0.0234385 0.0700858 0.997266 12.6009 0.0272095 0.997215 -0.0694427 -0.681135 -0.999355 0.0255075 -0.0252802 56.0395
-0.0317008 0.0666437 0.997273 13.9286 0.0250089 0.997515 -0.0658649 -0.757326 -0.999184 0.0228527 -0.0332887 55.991
-0.0354058 0.0542078 0.997902 15.3408 0.0243683 0.998278 -0.0533636 -0.833186 -0.999076 0.0224278 -0.0366657 55.9432
-0.0354972 0.0539172 0.997914 16.8121 0.0304532 0.998138 -0.052846 -0.911012 -0.998906 0.0285138 -0.0370731 55.888
-0.0325381 0.0694065 0.997058 18.27 0.032415 0.997134 -0.068354 -0.981445 -0.998945 0.0300955 -0.0346947 55.8373
-0.0284224 0.0659176 0.99742 19.7019 0.0324671 0.997358 -0.0649883 -1.05304 -0.999069 0.0305363 -0.0304875 55.7959
-0.0233079 0.0576199 0.998066 21.1967 0.0301399 0.997924 -0.0569079 -1.14489 -0.999274 0.0287553 -0.0249962 55.7611
-0.0167689 0.0686505 0.9975 22.6541 0.039643 0.996901 -0.0679428 -1.22717 -0.999073 0.0384046 -0.0194384 55.7156
-0.0113603 0.0656419 0.997779 24.1369 0.0291821 0.99744 -0.0652874 -1.31343 -0.99951 0.0283756 -0.0132468 55.7155
-0.00308384 0.0629662 0.998011 25.6566 0.0379015 0.997306 -0.0628046 -1.41496 -0.999277 0.0376325 -0.00546205 55.6952
0.003478 0.0683259 0.997657 27.1799 0.0341369 0.997073 -0.0684049 -1.50352 -0.999411 0.0342949 0.00113538 55.709
0.0108729 0.0646688 0.997848 28.7713 0.0375385 0.997177 -0.0650344 -1.60737 -0.999236 0.0381648 0.00841468 55.7281
0.0180044 0.0660296 0.997655 30.3131 0.0449915 0.996753 -0.0667818 -1.70617 -0.998825 0.0460884 0.0149751 55.7396
0.0242252 0.0646095 0.997617 31.8205 0.0469952 0.996733 -0.0656934 -1.79625 -0.998601 0.0484746 0.0211098 55.7693
0.0310041 0.0638897 0.997475 33.3928 0.0475138 0.996733 -0.065319 -1.89415 -0.998389 0.049419 0.0278671 55.8098
0.036682 0.0656364 0.997169 34.8915 0.0465042 0.996648 -0.0673128 -1.98666 -0.998244 0.0488417 0.0335067 55.8628
0.0415119 0.0656012 0.996982 36.3795 0.0425514 0.996821 -0.0673623 -2.07938 -0.998232 0.0452193 0.0385885 55.9363
0.0476656 0.0675046 0.99658 37.9013 0.0382311 0.996859 -0.0693521 -2.17693 -0.998131 0.0414061 0.0449351 56.0122
0.0545165 0.073134 0.995831 39.4261 0.0375434 0.996459 -0.0752354 -2.27872 -0.997807 0.0414885 0.0515778 56.0932
0.0600816 0.0747027 0.995394 40.9557 0.0277065 0.996687 -0.0764721 -2.38252 -0.997809 0.0321734 0.0578128 56.2066
0.0677059 0.0763019 0.994783 42.5003 0.0293139 0.996489 -0.0784278 -2.49715 -0.997275 0.034471 0.0652315 56.3086
0.0754686 0.0752327 0.994306 44.1319 0.0245907 0.996706 -0.0772807 -2.6103 -0.996845 0.030283 0.07337 56.4423
0.0853199 0.0788488 0.993229 45.6266 0.0216689 0.996481 -0.0809684 -2.72248 -0.996118 0.0284304 0.0833112 56.5846
0.0988742 0.0921802 0.990821 47.2482 0.0182742 0.995364 -0.0944264 -2.84798 -0.994932 0.0274428 0.0967313 56.7499
0.113185 0.0933986 0.989174 48.9156 0.0102489 0.995409 -0.09516 -2.99338 -0.993521 0.0209086 0.111708 56.9532
0.128039 0.088308 0.98783 50.5495 0.00987288 0.995865 -0.0903061 -3.13461 -0.99172 0.0213154 0.126638 57.1724
0.142427 0.0755602 0.986917 52.0802 0.00488206 0.997016 -0.077038 -3.25904 -0.989793 0.0157905 0.141633 57.4119
0.157141 0.0747286 0.984745 53.6625 0.00453889 0.997068 -0.076388 -3.38354 -0.987566 0.0164733 0.156341 57.6715
0.16832 0.0849977 0.982061 55.1879 0.00368613 0.996214 -0.0868544 -3.50161 -0.985725 0.0182394 0.16737 57.9428
0.173269 0.0879585 0.980939 55.9102 0.00235043 0.995964 -0.089721 -3.56658 -0.984872 0.0178515 0.172363 58.0836
0.178491 0.0873399 0.980057 56.7489 -0.00018481 0.996056 -0.0887319 -3.63778 -0.983941 0.0156568 0.177804 58.2388
0.18374 0.0844678 0.979339 57.5022 0.00372499 0.996234 -0.0866239 -3.70184 -0.982968 0.0195643 0.182733 58.382
0.188206 0.0777991 0.979043 58.2472 0.00443111 0.99678 -0.0800604 -3.76096 -0.98212 0.0194061 0.187255 58.5295
0.19154 0.0716967 0.978863 59.0042 0.0024811 0.99729 -0.0735319 -3.82283 -0.981482 0.016513 0.190843 58.6849
0.194723 0.068423 0.978469 59.7465 -0.00123599 0.99758 -0.0695135 -3.87898 -0.980857 0.0123265 0.194337 58.8448
0.197941 0.068495 0.977818 60.4726 -0.00281522 0.997591 -0.0693102 -3.93165 -0.98021 0.0109665 0.197657 58.9981
0.2012 0.0750727 0.976669 61.8764 -0.00891936 0.997158 -0.0748101 -4.03356 -0.97951 0.00634053 0.201298 59.3088
0.205369 0.0846171 0.97502 63.2154 -0.010814 0.996391 -0.084194 -4.13965 -0.978625 0.00674698 0.205542 59.6049
0.208675 0.0866802 0.974136 64.5583 -0.012396 0.996219 -0.0859897 -4.24696 -0.977906 0.00586857 0.208961 59.8983
0.209105 0.083648 0.974309 65.2422 -0.0123355 0.996481 -0.0829041 -4.30478 -0.977815 0.00531707 0.209401 60.0489
0.209757 0.0810605 0.974388 65.9301 -0.0123309 0.996698 -0.080262 -4.36315 -0.977676 0.00482039 0.210063 60.2029
0.209609 0.0798282 0.974521 66.5874 -0.0114297 0.996794 -0.0791943 -4.41559 -0.977718 0.00546138 0.20985 60.3458
0.206239 0.0799615 0.975229 67.8684 -0.0129975 0.996791 -0.0789808 -4.52096 -0.978415 0.00361334 0.206616 60.6305
0.201632 0.0865747 0.975628 69.0751 -0.0120735 0.99623 -0.0859077 -4.62598 -0.979387 0.00554258 0.201918 60.8918
0.197773 0.0860259 0.976466 70.2744 -0.0105914 0.996271 -0.0856255 -4.72226 -0.980191 0.00659232 0.197947 61.135
0.193111 0.0791445 0.97798 71.4764 -0.0103051 0.99685 -0.0786368 -4.82549 -0.981123 0.00510741 0.193318 61.3783
0.189731 0.0795751 0.978606 72.6177 -0.00334152 0.996757 -0.0804031 -4.92178 -0.98183 0.011985 0.189382 61.5864
0.185216 0.0834622 0.979147 73.7063 2.42896e-05 0.996386 -0.0849362 -5.0064 -0.982698 0.0157553 0.184544 61.7891
0.182594 0.0843574 0.979563 74.7835 0.00152673 0.996287 -0.0860823 -5.09677 -0.983187 0.0172136 0.181787 61.9988
0.185694 0.0810421 0.97926 75.8942 0.012292 0.996323 -0.0847852 -5.18261 -0.982531 0.0277812 0.184015 62.1883
0.190838 0.0799493 0.97836 76.9851 0.0127539 0.996392 -0.0839106 -5.27275 -0.981539 0.0284912 0.189129 62.406
0.203371 0.0793938 0.975877 78.0681 0.0127126 0.996409 -0.0837134 -5.35892 -0.979019 0.0294308 0.201632 62.6334
0.219335 0.0774916 0.972567 79.1938 0.0111892 0.996575 -0.081928 -5.444 -0.975586 0.0288519 0.217717 62.8966
0.23758 0.076899 0.968319 80.3586 0.00656817 0.996712 -0.0807653 -5.53758 -0.971346 0.0255483 0.236294 63.2002
0.256842 0.0830038 0.962882 81.5154 -0.00216447 0.996352 -0.0853116 -5.62228 -0.966451 0.0198275 0.256085 63.5295
0.277952 0.0874354 0.956608 82.7332 -0.00735665 0.996013 -0.0888996 -5.72004 -0.960567 0.0176724 0.277487 63.8988
0.297908 0.0886293 0.950471 83.9794 -0.0111954 0.995936 -0.0893598 -5.821 -0.954529 0.0159801 0.29769 64.3086
0.318689 0.0847613 0.944062 85.2876 -0.0150026 0.99632 -0.0843888 -5.92175 -0.94774 0.0127305 0.318788 64.7623
0.340469 0.0732747 0.937396 86.6273 -0.00971964 0.99718 -0.0744176 -6.02372 -0.940206 0.0162257 0.340221 65.2457
0.360046 0.0676024 0.930482 87.9791 -0.00407468 0.997476 -0.070893 -6.11131 -0.932926 0.0217334 0.359413 65.7759
0.375986 0.0526773 0.925127 89.4145 0.0121105 0.998018 -0.0617497 -6.19751 -0.926546 0.0344208 0.374603 66.3347
0.39015 0.0482466 0.919486 90.8647 0.0194522 0.997971 -0.0606186 -6.29194 -0.920546 0.0415364 0.38842 66.9384
0.397498 0.054392 0.915989 91.591 0.021932 0.997393 -0.0687434 -6.33463 -0.917341 0.0474149 0.395269 67.2537
0.409893 0.0608355 0.910102 92.9791 0.0237778 0.996722 -0.0773346 -6.42843 -0.911823 0.0533392 0.407103 67.8803
0.418421 0.0661944 0.905838 94.3264 0.00978665 0.996954 -0.0773733 -6.54153 -0.908201 0.0412397 0.416499 68.5372
0.426592 0.0734043 0.901461 95.687 0.00601534 0.996449 -0.0839856 -6.6567 -0.904424 0.0412501 0.424635 69.1945
0.433947 0.0748614 0.897823 97.0114 0.00178717 0.996468 -0.0839503 -6.77672 -0.900936 0.0380346 0.432281 69.8508
0.44147 0.0691476 0.894608 98.2991 0.00225249 0.996938 -0.0781686 -6.89123 -0.897273 0.0365242 0.439962 70.4912
0.448325 0.0700218 0.891124 99.5165 -0.00109379 0.996969 -0.0777886 -7.00381 -0.89387 0.0338999 0.447043 71.1265
0.453424 0.06857 0.888654 100.701 0.00213349 0.99695 -0.0780149 -7.10536 -0.891293 0.0372697 0.451894 71.7371
0.457065 0.0672696 0.886886 101.873 0.00269907 0.997026 -0.0770147 -7.21075 -0.889429 0.0375945 0.455524 72.3482
0.461511 0.0684925 0.884487 103.02 0.00359302 0.996863 -0.0790694 -7.3102 -0.887127 0.0396694 0.459817 72.9496
0.467551 0.067557 0.881381 104.147 0.00849893 0.996686 -0.0809035 -7.41164 -0.883925 0.0453173 0.465427 73.535
0.474402 0.0647215 0.877926 105.208 0.0133149 0.996652 -0.080669 -7.50434 -0.880207 0.049959 0.471952 74.1025
0.480835 0.0635674 0.874504 106.237 0.0146348 0.996648 -0.0804928 -7.60131 -0.876689 0.051502 0.478293 74.674
0.488236 0.064238 0.870344 107.255 0.0159018 0.996467 -0.0824672 -7.69249 -0.872567 0.0541035 0.48549 75.2446
0.497162 0.0676823 0.865014 108.268 0.0157756 0.996083 -0.0870046 -7.78996 -0.867514 0.0569016 0.494147 75.8316
0.508409 0.080541 0.857341 109.249 0.00692737 0.995202 -0.0976 -7.89015 -0.861088 0.0555598 0.505411 76.4297
0.520726 0.0912886 0.848829 110.199 -0.00183482 0.994384 -0.105817 -7.99086 -0.853722 0.0535442 0.517969 77.0418
0.531588 0.0907822 0.842124 111.189 -0.0126203 0.994978 -0.0992936 -8.09803 -0.846909 0.0421555 0.530064 77.7016
0.542829 0.0866202 0.835365 112.204 -0.0253412 0.995903 -0.0867998 -8.20754 -0.839461 0.0259483 0.5428 78.3988
0.555539 0.0883427 0.826784 113.223 -0.0328982 0.995897 -0.0843073 -8.30257 -0.830839 0.0196363 0.556166 79.1078
0.567722 0.0956086 0.817649 114.269 -0.0396424 0.995256 -0.0888512 -8.39919 -0.822265 0.0180292 0.568819 79.8592
0.580129 0.0988103 0.808509 115.367 -0.045082 0.994988 -0.0892529 -8.49983 -0.813276 0.0153289 0.581676 80.6703
0.593264 0.0989876 0.798899 116.485 -0.0516782 0.995047 -0.084915 -8.60813 -0.803348 0.00909136 0.595441 81.5332
0.608168 0.0970465 0.787854 117.632 -0.0523926 0.995242 -0.0821488 -8.71376 -0.792077 0.00868256 0.610359 82.4346
0.62349 0.100111 0.775396 118.788 -0.0579552 0.994958 -0.0818572 -8.81666 -0.779681 0.00609895 0.626148 83.3922
0.635312 0.0998143 0.765778 119.97 -0.0598541 0.994993 -0.0800343 -8.92138 -0.769933 0.00501183 0.638106 84.3999
0.6427 0.0959538 0.760085 121.219 -0.0553216 0.995348 -0.0788756 -9.03376 -0.764118 0.00864426 0.645019 85.4633
0.650163 0.0857512 0.75494 122.511 -0.0419924 0.996148 -0.0769849 -9.14925 -0.758634 0.018351 0.651259 86.5589
0.657569 0.0744741 0.749705 123.813 -0.0307078 0.996925 -0.0720985 -9.26147 -0.752769 0.0243879 0.657833 87.6901
0.660973 0.0728366 0.746867 124.445 -0.0303761 0.99706 -0.0703534 -9.31691 -0.749795 0.0238148 0.661242 88.259
0.663913 0.0743612 0.744103 125.066 -0.0311328 0.996929 -0.0718494 -9.37049 -0.747161 0.0245358 0.66419 88.8271
0.667132 0.0791295 0.740725 125.671 -0.0366793 0.996626 -0.0734315 -9.42027 -0.744036 0.0218192 0.667783 89.3989
0.669823 0.082878 0.737881 126.289 -0.0431373 0.996416 -0.0727579 -9.47067 -0.741267 0.0169047 0.670997 89.9911
0.672679 0.0799243 0.735605 126.941 -0.0435684 0.996703 -0.0684515 -9.52463 -0.738651 0.0139967 0.673943 90.6042
0.676052 0.077269 0.732792 127.605 -0.0467934 0.996981 -0.0619562 -9.57716 -0.735367 0.00759579 0.677627 91.2294
0.67963 0.0714441 0.730068 128.271 -0.0458764 0.997437 -0.0549018 -9.627 -0.732119 0.00382001 0.681166 91.854
0.684137 0.0675093 0.726223 128.922 -0.0439417 0.997713 -0.0513517 -9.6729 -0.728029 0.00322013 0.685539 92.4741
0.688889 0.0644669 0.721994 129.574 -0.0381061 0.997881 -0.0527421 -9.71546 -0.723864 0.00882108 0.689886 93.0945
0.694171 0.0612481 0.7172 130.23 -0.0274355 0.997901 -0.058665 -9.75948 -0.719287 0.0210468 0.694394 93.7179
0.699494 0.0629201 0.711863 130.866 -0.0219284 0.997537 -0.0666229 -9.80773 -0.714302 0.0309924 0.699152 94.3407
0.705071 0.0631352 0.706321 131.497 -0.0188114 0.997344 -0.0703704 -9.85773 -0.708888 0.0363293 0.704385 94.9732
0.716857 0.0532325 0.695185 132.802 -0.0119697 0.997874 -0.0640675 -9.97088 -0.697117 0.0376061 0.71597 96.3021
0.722204 0.0499331 0.689876 133.441 -0.00736625 0.99789 -0.0645157 -10.0253 -0.691641 0.0415117 0.721047 96.9712
0.726823 0.0519341 0.684858 134.076 -0.00505107 0.997514 -0.0702829 -10.0798 -0.686806 0.047624 0.725279 97.6481
0.730375 0.0534142 0.680955 134.714 -0.00590344 0.997394 -0.0719039 -10.1361 -0.683021 0.0484968 0.728787 98.3401
0.733625 0.0504768 0.677677 135.332 -0.0033645 0.997495 -0.0706562 -10.1946 -0.679546 0.0495552 0.731957 99.0119
0.73629 0.0448954 0.675175 135.967 -8.89572e-05 0.997803 -0.0662514 -10.2539 -0.676666 0.0487202 0.734676 99.6975
0.737694 0.0406203 0.673912 136.617 0.00314045 0.997971 -0.0635908 -10.3098 -0.675127 0.049027 0.73607 100.401
0.738239 0.0359473 0.67358 137.248 0.00663785 0.998143 -0.0605435 -10.3629 -0.674506 0.0491667 0.73663 101.09
0.738554 0.0350088 0.673285 137.875 0.00674824 0.998217 -0.0593068 -10.4151 -0.67416 0.0483448 0.737001 101.782
0.738265 0.0356595 0.673568 138.513 0.00510966 0.998277 -0.0584505 -10.4687 -0.674491 0.0465937 0.736811 102.494
0.73773 0.0379855 0.674026 139.148 0.00341815 0.998193 -0.0599954 -10.5216 -0.675087 0.0465643 0.736267 103.201
0.736547 0.0420132 0.67508 139.768 -0.000693091 0.998115 -0.0613609 -10.5728 -0.676386 0.0447273 0.735188 103.894
0.734556 0.0457672 0.677003 140.419 -0.00400789 0.997998 -0.0631187 -10.629 -0.678537 0.0436508 0.733268 104.617
0.732569 0.0486155 0.678955 141.061 -0.00824535 0.998007 -0.0625644 -10.6834 -0.680643 0.0402345 0.73151 105.324
0.730141 0.0500832 0.681458 141.687 -0.0105507 0.998018 -0.062044 -10.7379 -0.683215 0.038111 0.729222 106.008
0.727934 0.0493183 0.683872 142.327 -0.01116 0.99813 -0.0601024 -10.7913 -0.685557 0.0361186 0.727123 106.697
0.72542 0.0480434 0.686627 142.976 -0.0122162 0.998303 -0.0569449 -10.8435 -0.688198 0.032921 0.724776 107.394
0.722831 0.0438886 0.68963 143.619 -0.00794439 0.998443 -0.0552149 -10.8956 -0.690979 0.0344324 0.722054 108.066
0.720072 0.0480339 0.692235 144.26 -0.00856452 0.99814 -0.0603516 -10.9515 -0.693847 0.0375288 0.719144 108.736
0.713133 0.0649683 0.698011 145.528 -0.0167315 0.99699 -0.0757022 -11.062 -0.700829 0.042307 0.712074 110.063
0.70959 0.0635226 0.701746 146.164 -0.0182743 0.997252 -0.0717935 -11.1207 -0.704378 0.0381201 0.708801 110.711
0.705725 0.0618371 0.705782 146.794 -0.0212708 0.997584 -0.0661343 -11.183 -0.708167 0.0316601 0.705335 111.359
0.702296 0.0601494 0.70934 147.442 -0.0233389 0.997834 -0.0615055 -11.2381 -0.711503 0.0266398 0.702178 112.013
0.698969 0.0602118 0.712613 148.095 -0.0228878 0.997822 -0.0618608 -11.2918 -0.714786 0.0269286 0.698825 112.662
0.696018 0.0584338 0.715643 148.746 -0.0208927 0.997909 -0.0611616 -11.3452 -0.71772 0.0276179 0.695784 113.297
0.689784 0.0568938 0.721777 150.056 -0.0135112 0.997746 -0.0657346 -11.4548 -0.72389 0.0355906 0.688997 114.546
0.682062 0.0579516 0.728995 151.351 -0.0109166 0.997551 -0.0690867 -11.5639 -0.731213 0.0391633 0.681024 115.763
0.677966 0.0595643 0.732676 152.005 -0.0129502 0.997525 -0.0691126 -11.6216 -0.734979 0.0373677 0.677059 116.376
0.673048 0.0590842 0.737235 152.666 -0.0119951 0.997545 -0.0689954 -11.6785 -0.739502 0.037594 0.672104 116.985
0.667329 0.0618592 0.742189 153.354 -0.0146222 0.997441 -0.0699863 -11.737 -0.744619 0.0358515 0.666526 117.616
0.654971 0.0749288 0.75193 154.709 -0.0216904 0.996526 -0.080409 -11.8618 -0.755343 0.0363559 0.65432 118.829
0.64202 0.07196 0.763303 156.1 -0.0223772 0.99692 -0.0751625 -11.9889 -0.766361 0.0311752 0.641653 120.021
0.634833 0.0682484 0.769629 156.81 -0.0284992 0.997482 -0.0649459 -12.052 -0.772124 0.019296 0.635179 120.628
0.627891 0.0632284 0.775729 157.539 -0.027329 0.997871 -0.0592142 -12.1083 -0.777822 0.0159801 0.628282 121.227
0.620677 0.0642761 0.781427 158.279 -0.0318822 0.997879 -0.0567566 -12.1551 -0.783418 0.0103139 0.62141 121.826
0.612819 0.0656504 0.787491 159.028 -0.0304422 0.997765 -0.0594903 -12.2032 -0.789636 0.0124838 0.613448 122.414
0.606531 0.0654811 0.792359 159.791 -0.0247061 0.997674 -0.0635366 -12.2599 -0.794676 0.0189608 0.606738 122.99
0.599639 0.0739473 0.796846 160.547 -0.0235636 0.996921 -0.0747823 -12.3161 -0.799923 0.0260659 0.599536 123.558
0.585349 0.0708519 0.80768 162.085 -0.016868 0.997023 -0.0752368 -12.4428 -0.810606 0.0304158 0.584801 124.682
0.571303 0.0641629 0.818227 163.647 -0.0121571 0.997492 -0.0697319 -12.5772 -0.820649 0.0298908 0.57065 125.783
0.558266 0.0633425 0.827241 165.171 -0.00862424 0.99747 -0.070557 -12.7004 -0.829617 0.0322552 0.5574 126.826
0.548318 0.0548153 0.834472 166.684 -0.00309014 0.997975 -0.0635251 -12.8212 -0.836264 0.0322533 0.547377 127.825
0.538947 0.0558968 0.840483 168.149 -0.00469795 0.99798 -0.0633587 -12.9286 -0.842327 0.0301984 0.538121 128.787
0.532095 0.0646644 0.844211 169.577 -0.00456214 0.997284 -0.0735139 -13.0411 -0.846672 0.035265 0.530945 129.701
0.525982 0.0625974 0.848189 171.034 -0.00633197 0.997548 -0.0696937 -13.1596 -0.850472 0.0312869 0.525089 130.622
0.521171 0.0491282 0.852037 172.498 0.00162231 0.998283 -0.058553 -13.2738 -0.853451 0.0318984 0.520196 131.514
0.516665 0.0497353 0.854742 173.918 0.00875995 0.997952 -0.0633634 -13.3727 -0.856143 0.0402252 0.515172 132.372
0.512647 0.0653326 0.85611 175.287 0.00452016 0.996882 -0.078782 -13.4859 -0.858587 0.0442571 0.510753 133.205
0.507945 0.0605247 0.85926 176.643 0.00806765 0.99715 -0.0750065 -13.5919 -0.861352 0.0450314 0.506009 134.002
0.501432 0.0493974 0.863786 177.969 -0.00707185 0.998569 -0.0530001 -13.7006 -0.865168 0.0204674 0.501064 134.804
0.496873 0.0541811 0.86613 179.272 -0.00579058 0.998234 -0.059123 -13.7858 -0.867804 0.0243612 0.496309 135.561
0.491997 0.0550219 0.868857 180.577 -0.00460397 0.998151 -0.0606027 -13.8711 -0.870585 0.0258161 0.49134 136.308
0.487135 0.0535749 0.871682 181.824 -0.00501061 0.998272 -0.0585551 -13.9594 -0.873312 0.0241566 0.486562 137.015
0.480532 0.0554319 0.875223 183.045 -0.00230272 0.998077 -0.0619484 -14.0426 -0.876974 0.0277528 0.479736 137.686
0.471705 0.0593134 0.879759 184.236 -0.00251988 0.997822 -0.065922 -14.1281 -0.881753 0.0288789 0.470827 138.329
0.46106 0.0646126 0.885013 185.433 -0.00136876 0.997396 -0.0721043 -14.2181 -0.887368 0.0320331 0.459948 138.957
0.44823 0.0699532 0.891177 186.675 -0.00128576 0.996983 -0.0776118 -14.3126 -0.893917 0.0336421 0.446967 139.591
0.434937 0.0734454 0.89746 187.914 -0.00967336 0.996992 -0.0769027 -14.4079 -0.900409 0.0247664 0.434339 140.214
0.42169 0.0774211 0.903429 189.134 -0.010806 0.996706 -0.0803708 -14.5049 -0.906676 0.0241291 0.421138 140.783
0.406504 0.0858552 0.909606 190.395 -0.0155491 0.996081 -0.0870684 -14.6065 -0.913517 0.0212502 0.406246 141.365
0.39165 0.0910429 0.915599 191.688 -0.0174001 0.995648 -0.0915596 -14.72 -0.91995 0.0199278 0.391529 141.93
0.377103 0.0935813 0.921431 193.025 -0.0147946 0.995364 -0.0950352 -14.8395 -0.926053 0.0222059 0.376739 142.48
0.36241 0.0901764 0.927646 194.45 -0.0116493 0.995669 -0.0922377 -14.9667 -0.931946 0.0226215 0.361891 143.04
0.348258 0.0837211 0.933653 195.941 -0.0123487 0.996327 -0.084735 -15.0956 -0.937317 0.0179802 0.348013 143.611
0.342585 0.0802679 0.936052 196.711 -0.00854325 0.996568 -0.0823305 -15.155 -0.939448 0.0202083 0.342095 143.888
0.336943 0.0743809 0.938582 197.5 -0.00911102 0.997085 -0.0757463 -15.2115 -0.941481 0.0169708 0.336639 144.181
0.331253 0.0691648 0.941003 198.267 -0.00785533 0.997477 -0.0705504 -15.2656 -0.943509 0.0159782 0.330961 144.453
0.321657 0.0763309 0.943774 199.82 0.000425632 0.996734 -0.0807593 -15.3804 -0.946856 0.0263785 0.320574 144.966
0.316981 0.087817 0.944358 200.631 0.00378739 0.995579 -0.0938514 -15.4366 -0.948424 0.0333257 0.315247 145.231
0.308844 0.0899871 0.946846 202.279 0.0161357 0.994875 -0.099815 -15.5751 -0.950976 0.0461053 0.30581 145.76
0.299701 0.0760821 0.950995 203.991 0.0262137 0.995782 -0.0879263 -15.7282 -0.953673 0.0512807 0.296442 146.279
0.290296 0.0921561 0.952489 205.697 0.0179352 0.994653 -0.101702 -15.8744 -0.956769 0.0466067 0.287091 146.8
0.279888 0.0907394 0.955735 207.419 0.0118428 0.995121 -0.097947 -16.0325 -0.959959 0.0387328 0.277448 147.324
0.26879 0.0889965 0.959078 209.193 0.00776268 0.99549 -0.0945509 -16.1955 -0.963167 0.0328594 0.266887 147.847
0.259221 0.092974 0.961333 211.016 0.0102106 0.995036 -0.0989868 -16.3554 -0.965764 0.0354753 0.256985 148.344
0.251152 0.0910928 0.963652 212.894 0.0160195 0.995034 -0.0982344 -16.5292 -0.967815 0.040109 0.248445 148.844
0.244585 0.0892964 0.965507 214.76 0.0189305 0.995121 -0.0968308 -16.7016 -0.969443 0.0419609 0.241701 149.33
0.239554 0.0858104 0.967083 216.675 0.0171693 0.995556 -0.0925898 -16.8735 -0.970731 0.0387844 0.237017 149.81
0.234963 0.0886719 0.967951 218.559 0.0117058 0.9955 -0.0940371 -17.0424 -0.971934 0.033426 0.232868 150.276
0.23137 0.0897794 0.968714 220.458 0.0117663 0.995402 -0.095063 -17.2128 -0.972795 0.0333929 0.229249 150.737
0.228802 0.0837366 0.969865 222.363 0.0130167 0.995941 -0.0890588 -17.3836 -0.973386 0.0330012 0.226783 151.185
0.22548 0.0837567 0.970641 224.215 0.0128138 0.995957 -0.0889178 -17.5466 -0.974163 0.0324868 0.223495 151.614
0.221898 0.092831 0.970641 226.067 0.0137767 0.99506 -0.0983159 -17.7106 -0.974973 0.0351883 0.219522 152.038
0.216282 0.0901835 0.972157 227.956 0.0111212 0.995433 -0.0948169 -17.8885 -0.976267 0.0313188 0.214292 152.467
0.209553 0.0805168 0.974476 229.828 0.01232 0.996307 -0.0849699 -18.0564 -0.97772 0.0298113 0.207788 152.877
0.201267 0.0824493 0.97606 231.662 0.0107387 0.996206 -0.0863653 -18.206 -0.979478 0.0278641 0.199617 153.267
0.193259 0.0822896 0.977691 233.545 0.0111326 0.996229 -0.0860505 -18.3627 -0.981085 0.0275143 0.191614 153.649
0.185133 0.0808497 0.979382 235.447 0.0111192 0.996374 -0.0843543 -18.5216 -0.982651 0.0265068 0.183563 154.023
0.176949 0.0825095 0.980755 237.328 0.00708086 0.996347 -0.0850988 -18.6773 -0.984195 0.0220027 0.175718 154.381
0.168959 0.0830591 0.982117 239.189 0.000483527 0.996436 -0.0843532 -18.8294 -0.985623 0.0147271 0.168316 154.722
0.161889 0.092536 0.982461 240.952 -0.00684625 0.995675 -0.0926525 -18.9773 -0.986785 0.00827326 0.161822 155.032
0.154995 0.0921289 0.98361 242.836 -0.00986241 0.995737 -0.0917106 -19.141 -0.987866 0.00451391 0.155243 155.353
0.148427 0.0855862 0.985213 244.734 -0.00874269 0.996323 -0.0852342 -19.305 -0.988885 0.00403763 0.148629 155.655
0.141643 0.0845968 0.986296 246.595 -0.00742449 0.996405 -0.0843975 -19.4569 -0.98989 0.00463159 0.141762 155.938
0.13277 0.0894908 0.987098 248.405 -0.00801895 0.99598 -0.0892174 -19.6072 -0.991114 0.00392994 0.132954 156.2
0.12335 0.0793519 0.989186 250.2 0.00144133 0.996782 -0.080141 -19.7495 -0.992362 0.0113112 0.122839 156.417
0.113846 0.0924811 0.989185 251.915 0.0043625 0.995602 -0.0935831 -19.8972 -0.993489 0.0149693 0.112942 156.612
0.10854 0.104535 0.98858 252.716 0.00626341 0.994364 -0.105834 -19.9664 -0.994072 0.0176792 0.107274 156.693
0.102795 0.108885 0.988725 253.57 0.00457345 0.993928 -0.109933 -20.0491 -0.994692 0.0158224 0.101673 156.782
0.0921483 0.0972052 0.990989 255.45 -0.00175305 0.995238 -0.097459 -20.2325 -0.995744 0.00724342 0.0918799 156.984
0.0806194 0.0926736 0.992427 257.274 -0.00705265 0.995696 -0.092406 -20.3995 -0.99672 0.000450471 0.080926 157.164
0.0657461 0.0863224 0.994096 259.132 -0.0151924 0.996222 -0.0855023 -20.5571 -0.997721 -0.00948121 0.0668092 157.33
0.0519189 0.08464 0.995058 260.946 -0.0127734 0.996377 -0.0840856 -20.7072 -0.99857 -0.00834461 0.0528119 157.445
0.0392304 0.0905612 0.995118 262.687 -0.00786795 0.995882 -0.0903206 -20.8459 -0.999199 -0.00428622 0.0397814 157.516
0.0266566 0.0864564 0.995899 264.461 -0.00891656 0.996234 -0.0862468 -20.9942 -0.999605 -0.00658095 0.0273271 157.578
0.015498 0.0875506 0.99604 266.195 -0.0042815 0.996156 -0.0874942 -21.1397 -0.999871 -0.00290855 0.0158133 157.613
0.00736689 0.0926558 0.995671 267.967 -0.00215554 0.995697 -0.0926422 -21.2876 -0.999971 -0.00146372 0.00753491 157.636
0.00310597 0.0889317 0.996033 269.75 0.00537921 0.996022 -0.0889475 -21.4434 -0.999981 0.00563414 0.00261523 157.65
-0.000514661 0.0862797 0.996271 271.526 0.00974229 0.996224 -0.0862706 -21.5923 -0.999952 0.00966156 -0.00135328 157.658
-0.00143006 0.0878486 0.996133 272.324 0.0119217 0.996065 -0.0878255 -21.6575 -0.999928 0.01175 -0.00247173 157.651
-0.00190272 0.0894468 0.99599 273.189 0.0133974 0.995904 -0.0894136 -21.7289 -0.999908 0.0131735 -0.00309328 157.646
-0.000434199 0.0918976 0.995768 274.939 0.019013 0.995589 -0.0918728 -21.8798 -0.999819 0.0188927 -0.00217954 157.64
0.000832577 0.0921893 0.995741 275.808 0.0200441 0.99554 -0.0921874 -21.9576 -0.999799 0.0200355 -0.00101899 157.649
0.00266185 0.0921024 0.995746 276.653 0.0218194 0.995507 -0.0921386 -22.0344 -0.999758 0.0219719 0.000640268 157.658
0.00750788 0.0887834 0.996023 278.244 0.024085 0.995746 -0.0889403 -22.1778 -0.999682 0.0246569 0.00533759 157.671
0.0107294 0.0856157 0.99627 278.939 0.0240475 0.996018 -0.0858529 -22.2377 -0.999653 0.0248789 0.0086278 157.667
0.017611 0.0805983 0.996591 280.467 0.0215078 0.996484 -0.0809697 -22.3687 -0.999614 0.0228605 0.0158156 157.695
0.0251176 0.0821991 0.996299 281.987 0.0140436 0.996486 -0.0825686 -22.4931 -0.999586 0.0160656 0.023875 157.746
0.029297 0.0821693 0.996188 282.761 0.0136561 0.99649 -0.0825958 -22.5549 -0.999477 0.0160239 0.0280721 157.772
0.0361528 0.0766292 0.996404 284.284 0.0113679 0.99696 -0.0770844 -22.6783 -0.999282 0.0141138 0.0351718 157.837
0.0437956 0.0759346 0.996151 285.733 0.00933585 0.997033 -0.0764123 -22.7934 -0.998997 0.0126464 0.0429567 157.913
0.0509517 0.0793224 0.995546 287.057 0.00837851 0.996772 -0.0798489 -22.8964 -0.998666 0.0124096 0.0501226 157.987
0.0571134 0.0826441 0.994941 288.341 0.00390469 0.996542 -0.0830012 -23.0007 -0.99836 0.00862541 0.0565932 158.073
0.0639362 0.0832292 0.994477 289.604 -3.23604e-05 0.996516 -0.0833978 -23.1049 -0.997954 0.00529996 0.0637162 158.166
0.0703566 0.0838001 0.993996 290.795 -0.00166037 0.996474 -0.0838915 -23.2055 -0.997521 0.00425192 0.0702476 158.258
0.0754683 0.0864664 0.993392 291.948 -0.00609554 0.996255 -0.0862524 -23.3019 -0.99713 0.000454056 0.0757127 158.366
0.0816891 0.085799 0.992958 293.05 -0.00852409 0.996311 -0.0853875 -23.3967 -0.996621 -0.00148884 0.0821191 158.468
0.0874043 0.0873407 0.992337 294.086 -0.00993738 0.996176 -0.0868033 -23.4865 -0.996123 -0.00227424 0.087938 158.568
0.092581 0.0900192 0.991628 295.096 -0.00951313 0.995939 -0.0895225 -23.576 -0.99566 -0.0011454 0.0930614 158.672
0.0959971 0.0926953 0.991056 296.119 -0.0116749 0.995691 -0.091998 -23.6651 -0.995313 -0.00273897 0.0966656 158.785
0.0984077 0.0953543 0.990567 297.116 -0.0128443 0.995438 -0.0945471 -23.7546 -0.995063 -0.00341894 0.0991835 158.899
0.0980994 0.0963888 0.990498 298.118 -0.0123901 0.99534 -0.0956328 -23.8468 -0.995099 -0.00289087 0.0988365 159.006
0.0956019 0.0946904 0.990906 299.194 -0.0144911 0.995492 -0.0937306 -23.9412 -0.995314 -0.00539846 0.0965431 159.12
0.0902973 0.102177 0.990659 300.776 -0.00431486 0.994754 -0.102206 -24.0942 -0.995906 0.00495439 0.0902645 159.258
0.0856549 0.110245 0.990207 301.863 -0.00297792 0.993883 -0.110397 -24.1896 -0.99632 0.00650729 0.0854592 159.354
0.0819803 0.107763 0.990791 302.977 0.00172915 0.99412 -0.108269 -24.2945 -0.996632 0.0105891 0.0813119 159.443
0.0789304 0.101775 0.991671 304.141 0.0127148 0.994591 -0.103087 -24.4156 -0.996799 0.0207455 0.0772094 159.522
0.0738206 0.106643 0.991553 305.341 0.00559515 0.994206 -0.107345 -24.5272 -0.997256 0.0134721 0.0727962 159.63
0.0716125 0.1034 0.992059 306.65 0.0150448 0.994387 -0.104729 -24.6499 -0.997319 0.0224252 0.069655 159.712
0.0673431 0.10435 0.992258 307.981 0.0127706 0.994344 -0.105436 -24.7835 -0.997648 0.0197721 0.0656296 159.814
0.0636837 0.109314 0.991965 309.307 0.00981353 0.993866 -0.110154 -24.9068 -0.997922 0.0167497 0.0622203 159.906
0.060432 0.110575 0.992029 310.633 0.00777294 0.993763 -0.111242 -25.0387 -0.998142 0.0144336 0.0591955 159.989
0.0557194 0.110973 0.99226 311.999 0.00298225 0.993781 -0.111311 -25.1767 -0.998442 0.00916133 0.0550419 160.082
0.0529398 0.122057 0.99111 313.414 0.00846213 0.992412 -0.122669 -25.327 -0.998562 0.014881 0.0515052 160.155
0.0512223 0.123369 0.991038 314.87 0.0122253 0.992189 -0.124144 -25.4827 -0.998612 0.0184746 0.049314 160.227
0.0493614 0.114782 0.992164 316.381 0.0205267 0.993048 -0.115906 -25.6531 -0.99857 0.0260871 0.0466621 160.288
0.048375 0.11553 0.992125 317.136 0.0227714 0.992903 -0.11673 -25.7341 -0.99857 0.0282389 0.0454009 160.321
0.0477087 0.117386 0.99194 317.91 0.0233203 0.992669 -0.118594 -25.8162 -0.998589 0.0287903 0.0446215 160.357
0.0472918 0.117696 0.991923 319.509 0.0247623 0.992591 -0.118956 -25.987 -0.998574 0.0301879 0.044027 160.434
0.0493281 0.114531 0.992194 321.165 0.0260027 0.99292 -0.115907 -26.1669 -0.998444 0.0315172 0.0460007 160.515
0.051594 0.112 0.992368 322.809 0.0260976 0.993201 -0.113451 -26.3403 -0.998327 0.0317519 0.0483202 160.605
0.0554431 0.109272 0.992464 324.45 0.0282111 0.993425 -0.110954 -26.5089 -0.998063 0.0341501 0.0519959 160.699
0.0597532 0.109131 0.99223 326.148 0.0295171 0.993378 -0.111035 -26.6799 -0.997777 0.0359225 0.0561363 160.799
0.0655366 0.106942 0.992103 327.869 0.0329777 0.993465 -0.109268 -26.8525 -0.997305 0.0398783 0.0615816 160.904
0.071548 0.106716 0.991712 329.615 0.034823 0.993387 -0.109408 -27.028 -0.996829 0.0423624 0.0673586 161.024
0.074653 0.107253 0.991425 330.485 0.0356706 0.993276 -0.110139 -27.1157 -0.996571 0.043587 0.0703252 161.089
0.0775941 0.108351 0.99108 331.375 0.0350432 0.993166 -0.111323 -27.2054 -0.996369 0.0433686 0.0732668 161.157
0.0801775 0.109489 0.990749 332.28 0.0322826 0.993142 -0.112366 -27.2985 -0.996258 0.0409932 0.0760931 161.236
0.0826419 0.110409 0.990444 333.21 0.0306262 0.993093 -0.113259 -27.3955 -0.996109 0.0396935 0.0786897 161.317
0.084691 0.110813 0.990226 334.144 0.0281619 0.993133 -0.113547 -27.4946 -0.996009 0.037503 0.0809888 161.401
0.086263 0.109449 0.990242 335.07 0.0276794 0.9933 -0.112198 -27.5932 -0.995888 0.0370879 0.0826556 161.486
0.0893306 0.104055 0.990552 336.882 0.0277749 0.993881 -0.106909 -27.7808 -0.995615 0.0370627 0.0858938 161.656
0.0904272 0.103572 0.990503 337.806 0.0290851 0.993879 -0.10658 -27.8758 -0.995478 0.0384466 0.0868613 161.739
0.0912061 0.106098 0.990164 338.745 0.0304261 0.993547 -0.109263 -27.9702 -0.995367 0.0400922 0.0873895 161.825
0.0920184 0.103547 0.990359 340.564 0.0270894 0.99395 -0.106439 -28.1538 -0.995389 0.0366226 0.0886566 162.001
0.0920249 0.101721 0.990547 341.514 0.0247224 0.994229 -0.104395 -28.2508 -0.99545 0.0340957 0.088979 162.094
0.092429 0.104149 0.990257 343.346 0.0223725 0.994046 -0.106636 -28.4333 -0.995468 0.0320107 0.0895487 162.269
0.0925589 0.104572 0.990201 344.205 0.0217978 0.994019 -0.107013 -28.5194 -0.995469 0.0314892 0.0897258 162.352
0.0927183 0.105195 0.99012 345.096 0.0201773 0.994001 -0.107497 -28.6106 -0.995488 0.0299449 0.0900395 162.441
0.0930471 0.105794 0.990025 346.012 0.0204773 0.993925 -0.108135 -28.7049 -0.995451 0.0303347 0.0903155 162.528
0.093612 0.10557 0.989996 346.917 0.0203704 0.993951 -0.107918 -28.7963 -0.9954 0.030269 0.0908952 162.617
0.0937593 0.103961 0.990152 347.792 0.0212415 0.994098 -0.106387 -28.885 -0.995368 0.0310071 0.0909976 162.701
0.0941443 0.105024 0.990003 348.678 0.0200001 0.99402 -0.107352 -28.9769 -0.995358 0.0299067 0.0914808 162.788
0.0942417 0.107158 0.989765 349.59 0.0203037 0.993777 -0.109526 -29.0703 -0.995342 0.0304178 0.0914795 162.877
0.095263 0.108734 0.989496 350.502 0.0232855 0.993501 -0.111416 -29.1623 -0.99518 0.0336547 0.092112 162.963
0.0964959 0.104933 0.989787 351.395 0.0262782 0.993812 -0.107922 -29.2518 -0.994986 0.0364238 0.0931414 163.045
0.100456 0.103152 0.98958 353.163 0.0317285 0.993773 -0.10681 -29.4368 -0.994435 0.0421275 0.0965577 163.216
0.103727 0.108773 0.98864 354.062 0.0373327 0.992876 -0.113155 -29.5264 -0.993905 0.0486458 0.0989269 163.303
0.107006 0.111584 0.987977 354.957 0.0404141 0.992373 -0.116457 -29.6188 -0.993437 0.0523898 0.10168 163.395
0.110499 0.111339 0.98762 355.841 0.043333 0.992221 -0.116706 -29.7165 -0.992931 0.0556924 0.104815 163.488
0.113743 0.110392 0.987358 356.723 0.0444397 0.992248 -0.116058 -29.8152 -0.992516 0.0570788 0.107956 163.586
0.117187 0.112842 0.986678 357.617 0.0451392 0.991892 -0.1188 -29.9159 -0.992083 0.0584597 0.111143 163.689
0.120779 0.112547 0.986279 358.52 0.0451982 0.991898 -0.118723 -30.013 -0.99165 0.0589173 0.114713 163.796
0.124407 0.10906 0.986219 359.413 0.0442501 0.992342 -0.115319 -30.1129 -0.991244 0.0579868 0.118629 163.908
