1 0 0 0 0 1 0 0 0 0 1 0
0.999998 0.000807922 0.00187391 -0.00703628 -0.000806195 0.999999 -0.000921921 -0.0205156 -0.00187466 0.000920408 0.999998 1.21736
0.999995 0.00117367 0.00294461 -0.00948279 -0.00117206 0.999999 -0.000547822 -0.0415508 -0.00294525 0.000544368 0.999996 2.42382
0.99999 0.000591468 0.0044074 -0.0106688 -0.000590704 1 -0.000174594 -0.0634647 -0.0044075 0.000171989 0.99999 3.61774
0.999987 0.000294362 0.0051489 -0.010486 -0.000293824 1 -0.000105265 -0.0851626 -0.00514893 0.00010375 0.999987 4.80844
0.999982 -2.54837e-05 0.00599866 -0.00890107 2.47383e-05 1 0.000124325 -0.107468 -0.00599867 -0.000124175 0.999982 6.00727
0.999976 0.000256082 0.00687067 -0.00644787 -0.000250736 1 -0.00077897 -0.130798 -0.00687087 0.000777229 0.999976 7.20182
0.999972 -5.27895e-05 0.00749927 -0.00228614 6.118e-05 0.999999 -0.00111861 -0.153512 -0.0074992 0.00111904 0.999971 8.39783
0.999972 -0.000491358 0.00743469 0.00391221 0.000488199 1 0.000426742 -0.175837 -0.0074349 -0.0004231 0.999972 9.60191
0.999979 -0.00115985 0.00643709 0.00516076 0.00115131 0.999998 0.00133018 -0.19829 -0.00643862 -0.00132274 0.999978 10.8006
0.99999 -0.0021417 0.00402961 0.00326424 0.00213808 0.999997 0.000903543 -0.219758 -0.00403153 -0.000894918 0.999991 11.9963
0.999996 -0.00179794 0.0020496 -0.00209353 0.00179705 0.999998 0.000437564 -0.241292 -0.00205039 -0.000433879 0.999998 13.1945
0.999999 -0.00148719 0.000875734 -0.0103213 0.00148683 0.999999 0.000407034 -0.263614 -0.000876338 -0.000405731 1 14.3884
1 3.58106e-05 -3.16567e-05 -0.0188183 -3.58018e-05 1 0.000276596 -0.286496 3.16666e-05 -0.000276595 1 15.5826
1 -0.000273048 -0.000432966 -0.02508 0.000273216 1 0.00038727 -0.307941 0.00043286 -0.000387388 1 16.7861
0.999999 -0.000760337 -0.000925386 -0.0321203 0.000761014 0.999999 0.000731725 -0.327422 0.000924829 -0.000732428 0.999999 17.9848
0.999999 -0.00107149 -0.00135257 -0.0407952 0.0010726 0.999999 0.000822232 -0.34706 0.00135169 -0.000823681 0.999999 19.1878
0.999998 -0.000736553 -0.00196563 -0.0484389 0.000736145 1 -0.000207911 -0.368879 0.00196578 0.000206463 0.999998 20.3955
0.999996 -0.00104868 -0.00263627 -0.0563001 0.00104597 0.999999 -0.00102838 -0.389239 0.00263735 0.00102562 0.999996 21.5867
0.999994 -0.000287025 -0.00332314 -0.0680933 0.000285567 1 -0.000439154 -0.412242 0.00332327 0.000438203 0.999994 22.7895
0.999992 -0.000391058 -0.00398511 -0.0798433 0.00038877 1 -0.000574852 -0.43692 0.00398533 0.000573298 0.999992 23.996
0.999989 -0.000442185 -0.00476998 -0.0919683 0.000436239 0.999999 -0.00124739 -0.460205 0.00477053 0.0012453 0.999988 25.1929
0.999985 -4.13618e-05 -0.00548084 -0.10712 3.77022e-05 1 -0.000667821 -0.48004 0.00548086 0.000667604 0.999985 26.3774
0.999979 -0.00146944 -0.00628726 -0.119043 0.00147638 0.999998 0.00109822 -0.501466 0.00628564 -0.00110748 0.99998 27.5686
0.999972 -0.00180892 -0.00724953 -0.132817 0.00181805 0.999998 0.00125337 -0.522669 0.00724724 -0.00126652 0.999973 28.7607
0.999966 -0.00266092 -0.00784635 -0.148563 0.00266433 0.999996 0.000424061 -0.543913 0.0078452 -0.000444952 0.999969 29.9717
0.999957 -0.00309266 -0.00872034 -0.165339 0.00308701 0.999995 -0.000662097 -0.564306 0.00872234 0.000635149 0.999962 31.1766
0.999951 -0.00262845 -0.00952191 -0.182619 0.00262306 0.999996 -0.000578802 -0.587107 0.0095234 0.000553797 0.999954 32.3635
0.999943 -0.00331231 -0.0101093 -0.203013 0.0033121 0.999995 -3.75602e-05 -0.609118 0.0101094 4.07497e-06 0.999949 33.5725
0.999937 -0.0035771 -0.0105938 -0.224191 0.00358022 0.999994 0.00027586 -0.631476 0.0105927 -0.000313771 0.999944 34.7608
0.999931 -0.00405846 -0.0110461 -0.24487 0.00405972 0.999992 9.12733e-05 -0.651141 0.0110456 -0.000136111 0.999939 35.9525
0.999925 -0.00419148 -0.0114934 -0.263012 0.00419195 0.999991 1.66125e-05 -0.671519 0.0114932 -6.47911e-05 0.999934 37.1525
0.999921 -0.00499017 -0.0115399 -0.282531 0.00499788 0.999987 0.000639427 -0.693198 0.0115365 -0.000697051 0.999933 38.3423
0.999923 -0.00477025 -0.0114455 -0.305556 0.00479237 0.999987 0.00190616 -0.713775 0.0114363 -0.00196086 0.999933 39.5524
0.999925 -0.00437128 -0.0113995 -0.327094 0.00440306 0.999986 0.00276432 -0.735496 0.0113873 -0.0028143 0.999931 40.774
0.999928 -0.00373923 -0.0113879 -0.34693 0.0037655 0.99999 0.00228656 -0.755295 0.0113792 -0.00232928 0.999933 41.9718
0.999934 -0.00257891 -0.0111654 -0.368278 0.00260488 0.999994 0.00231219 -0.774737 0.0111594 -0.00234112 0.999935 43.175
0.999945 0.000140374 -0.0105094 -0.391633 -9.68586e-05 0.999991 0.00414104 -0.791962 0.0105099 -0.00413979 0.999936 44.3701
0.99996 0.000248039 -0.0089394 -0.410406 -0.000184713 0.999975 0.00708399 -0.807575 0.00894093 -0.00708206 0.999935 45.5896
0.999974 0.000884512 -0.00720159 -0.425594 -0.000813179 0.999951 0.00990202 -0.819792 0.00721 -0.00989591 0.999925 46.7851
0.999984 0.00140322 -0.00556521 -0.439527 -0.00132983 0.999912 0.0131677 -0.827304 0.0055832 -0.0131601 0.999898 48.0069
0.99999 0.000811648 -0.00440124 -0.449353 -0.000747928 0.999895 0.0144601 -0.834893 0.00441252 -0.0144567 0.999886 49.2329
0.999995 -0.000942533 -0.00286776 -0.458375 0.000979666 0.999915 0.0129747 -0.838376 0.00285528 -0.0129774 0.999912 50.4455
0.999999 8.29985e-05 -0.00166419 -0.467638 -6.43223e-05 0.999937 0.0112193 -0.843711 0.00166502 -0.0112192 0.999936 51.6326
0.999999 0.000462585 -0.000954161 -0.475968 -0.000452325 0.999942 0.0107257 -0.850012 0.000959068 -0.0107253 0.999942 52.8086
1 8.09899e-05 -0.000662892 -0.482475 -7.4243e-05 0.999948 0.0101718 -0.857624 0.000663682 -0.0101717 0.999948 53.9961
0.999999 -0.000692968 -0.00139845 -0.491569 0.000705708 0.999958 0.00913065 -0.867672 0.00139207 -0.00913163 0.999957 55.2022
0.999995 -0.000295306 -0.00312321 -0.500952 0.000325022 0.999955 0.00951837 -0.877443 0.00312026 -0.00951934 0.99995 56.4233
0.99999 -0.000322842 -0.00436404 -0.516863 0.000369965 0.999942 0.0108015 -0.888218 0.0043603 -0.010803 0.999932 57.6273
0.999985 -0.000429478 -0.00549687 -0.530057 0.000490454 0.999938 0.0110963 -0.897555 0.00549177 -0.0110988 0.999923 58.8632
0.999981 0.00059815 -0.00615156 -0.546908 -0.000531449 0.999941 0.0108389 -0.905712 0.00615768 -0.0108355 0.999922 60.0703
0.999976 0.00105342 -0.00687811 -0.560315 -0.000979959 0.999943 0.0106745 -0.914645 0.00688896 -0.0106675 0.999919 61.2681
0.999976 -3.02694e-07 -0.0068778 -0.575416 6.95222e-05 0.999949 0.010064 -0.92414 0.00687744 -0.0100642 0.999926 62.4607
0.999974 -0.00103051 -0.00708499 -0.587752 0.00109552 0.999957 0.00917818 -0.935677 0.00707523 -0.00918571 0.999933 63.6688
0.999971 -0.00128578 -0.00752813 -0.601607 0.00136456 0.999944 0.0104684 -0.944428 0.00751425 -0.0104784 0.999917 64.8506
0.999968 -0.00152944 -0.00788665 -0.616695 0.00162424 0.999926 0.0120272 -0.95559 0.00786768 -0.0120397 0.999897 66.0468
0.999968 -0.000957916 -0.0079964 -0.632705 0.00104076 0.999946 0.0103622 -0.966565 0.00798604 -0.0103702 0.999914 67.2341
0.999968 0.000787283 -0.00795176 -0.653866 -0.000714446 0.999958 0.0091586 -0.975076 0.00795863 -0.00915262 0.999926 68.4299
0.999963 0.00303507 -0.00800312 -0.675305 -0.00295896 0.99995 0.00950452 -0.986114 0.00803157 -0.00948049 0.999923 69.6266
0.999956 0.00485384 -0.0080425 -0.694064 -0.00477534 0.999941 0.00975062 -0.997446 0.00808935 -0.00971178 0.99992 70.8048
0.999948 0.00647236 -0.00785526 -0.712399 -0.00639254 0.999928 0.0101443 -1.00723 0.00792036 -0.0100936 0.999918 71.9904
0.999952 0.00690343 -0.00693531 -0.72904 -0.00682573 0.999914 0.0111656 -1.01832 0.0070118 -0.0111178 0.999914 73.1781
0.99995 0.00868267 -0.00487178 -0.744904 -0.00862402 0.999892 0.0119316 -1.02747 0.00497485 -0.0118889 0.999917 74.364
0.999972 0.00717075 -0.00227936 -0.753974 -0.00714814 0.999927 0.00977836 -1.04072 0.00234932 -0.00976179 0.99995 75.5571
0.99999 0.00450544 0.00043018 -0.757365 -0.0045074 0.999979 0.00467268 -1.05257 -0.000409119 -0.00467457 0.999989 76.7297
0.99998 0.00559811 0.00290234 -0.76304 -0.00561016 0.999976 0.00416309 -1.06421 -0.00287896 -0.00417929 0.999987 77.8928
0.999973 0.0045502 0.00570551 -0.762536 -0.0045945 0.999959 0.00777674 -1.08021 -0.00566989 -0.00780275 0.999953 79.0624
0.999942 0.00505113 0.00954151 -0.761378 -0.0051385 0.999945 0.00915389 -1.09604 -0.00949475 -0.00920239 0.999913 80.2617
0.999892 0.00532979 0.0136644 -0.753907 -0.00543028 0.999958 0.00732776 -1.10852 -0.0136248 -0.00740118 0.99988 81.4106
0.999842 0.00455761 0.0171972 -0.739917 -0.00463375 0.99998 0.00439049 -1.12466 -0.0171768 -0.00446948 0.999842 82.5754
0.999779 0.00324703 0.0207637 -0.725832 -0.00326847 0.999994 0.000998742 -1.14249 -0.0207603 -0.00106639 0.999784 83.7391
0.999709 0.00253975 0.0239786 -0.702729 -0.00254333 0.999997 0.000118646 -1.16403 -0.0239782 -0.000179597 0.999712 84.9139
0.99962 0.00219501 0.0274747 -0.674807 -0.00224992 0.999996 0.00196781 -1.18776 -0.0274703 -0.00202888 0.999621 86.0732
0.999379 0.00313525 0.0351045 -0.613047 -0.00314598 0.999995 0.000250586 -1.23088 -0.0351036 -0.000360869 0.999384 88.3775
0.999257 0.00297472 0.0384168 -0.580079 -0.00289971 0.999994 -0.00200818 -1.25363 -0.0384225 0.00189529 0.99926 89.5423
0.999132 0.00302147 0.0415457 -0.539696 -0.00292573 0.999993 -0.00236482 -1.27681 -0.0415525 0.00224122 0.999134 90.6714
0.999018 0.00159403 0.0442884 -0.493383 -0.0015454 0.999998 -0.00113236 -1.29927 -0.0442901 0.0010628 0.999018 91.8223
0.99889 0.000909874 0.047092 -0.446325 -0.00093033 0.999999 0.000412475 -1.31974 -0.0470916 -0.000455828 0.99889 92.9726
0.998755 0.000116103 0.0498869 -0.392547 -0.000226502 0.999998 0.00220733 -1.34026 -0.0498865 -0.00221588 0.998752 94.17
0.998634 -0.00134329 0.0522262 -0.33265 0.00117685 0.999994 0.00321757 -1.36087 -0.0522302 -0.00315171 0.99863 95.3395
0.998513 -0.00243694 0.0544542 -0.273693 0.00239236 0.999997 0.000883965 -1.37931 -0.0544562 -0.000752377 0.998516 96.465
0.99838 -0.00387351 0.0567734 -0.213237 0.00403401 0.999988 -0.00271267 -1.39914 -0.0567622 0.0029373 0.998383 97.6259
0.998264 -0.00292803 0.0588304 -0.152181 0.00325942 0.999979 -0.00553788 -1.42068 -0.0588129 0.00572001 0.998253 98.8058
0.998159 -0.00275823 0.0605829 -0.0872096 0.00315652 0.999974 -0.00647957 -1.44498 -0.0605635 0.00665888 0.998142 99.9958
0.998143 -0.00270577 0.0608574 -0.0202764 0.00306819 0.999978 -0.00586263 -1.47077 -0.0608403 0.00603847 0.998129 101.176
0.998193 -0.00257902 0.0600407 0.0456596 0.00282787 0.999988 -0.00405997 -1.49564 -0.0600295 0.00422242 0.998188 102.363
0.99839 -0.00274372 0.0566506 0.179273 0.00285209 0.999994 -0.00183219 -1.53754 -0.0566452 0.00199081 0.998392 104.756
0.998696 -0.00190332 0.0510094 0.293615 0.00197682 0.999997 -0.0013904 -1.57856 -0.0510066 0.00148942 0.998697 107.149
0.999058 -0.000192978 0.0434042 0.392301 0.000259212 0.999999 -0.00152037 -1.61839 -0.0434039 0.00153018 0.999056 109.558
0.999382 0.000702942 0.0351363 0.465903 -0.000718493 1 0.000429952 -1.66084 -0.035136 -0.000454931 0.999382 111.986
0.999662 0.00128862 0.0259763 0.518168 -0.00131679 0.999999 0.00106765 -1.69831 -0.0259749 -0.00110149 0.999662 114.399
0.99987 0.00256391 0.0159415 0.553222 -0.00257566 0.999996 0.000716548 -1.738 -0.0159396 -0.000757514 0.999873 116.845
0.999952 0.00563972 0.00798028 0.558524 -0.00564089 0.999984 0.000124296 -1.78002 -0.00797946 -0.000169306 0.999968 119.32
0.999948 0.00886832 0.00499244 0.556544 -0.00886822 0.999961 -4.23593e-05 -1.82257 -0.00499261 -1.91691e-06 0.999988 121.777
0.999919 0.0123634 0.00311563 0.5391 -0.0123666 0.999923 0.00101268 -1.86073 -0.00310287 -0.00105113 0.999995 124.25
0.99987 0.0160427 0.00185089 0.519931 -0.0160491 0.999865 0.00350956 -1.89837 -0.00179433 -0.00353881 0.999992 126.771
0.999877 0.0156913 0.000562644 0.508434 -0.0156945 0.999857 0.00634607 -1.92965 -0.000462985 -0.00635412 0.99998 129.25
0.999877 0.0156579 5.1564e-05 0.506798 -0.015658 0.999866 0.00475981 -1.9411 2.29716e-05 -0.00476004 0.999989 130.5
0.999918 0.0127817 -0.000577889 0.502166 -0.0127782 0.999902 0.0058015 -1.95698 0.000651985 -0.00579364 0.999983 131.761
0.999941 0.0107323 -0.00155161 0.494537 -0.0107199 0.999912 0.00777831 -1.97237 0.00163496 -0.00776122 0.999969 133.022
0.999972 0.00730576 -0.00172929 0.488808 -0.00728876 0.999927 0.00964168 -1.98361 0.00179961 -0.00962881 0.999952 134.323
0.999983 0.00543492 -0.00195297 0.483936 -0.00541361 0.999927 0.0107569 -1.99533 0.00201129 -0.0107462 0.99994 135.644
0.999998 0.00118245 -0.00171591 0.476605 -0.00116716 0.99996 0.00888336 -2.00401 0.00172634 -0.00888133 0.999959 136.871
0.999998 -0.00135102 -0.00164016 0.46375 0.00136396 0.999968 0.00791288 -2.01161 0.00162941 -0.0079151 0.999967 138.069
0.999995 -0.0027394 -0.00154079 0.458007 0.00275104 0.999967 0.00760724 -2.02352 0.0015199 -0.00761144 0.99997 139.3
0.999995 -0.00293456 -0.00113964 0.453262 0.00294366 0.999963 0.00807405 -2.03554 0.00111591 -0.00807736 0.999967 140.573
0.999997 -0.00237145 -0.000360195 0.445779 0.00237494 0.999947 0.0100285 -2.04725 0.000336393 -0.0100293 0.99995 141.87
1 -0.000105925 0.000264428 0.439114 0.00010285 0.999933 0.0116009 -2.05939 -0.000265639 -0.0116009 0.999933 143.149
0.999999 -0.000121494 0.00099679 0.433091 0.000111668 0.999951 0.00985217 -2.06884 -0.000997939 -0.00985206 0.999951 144.446
0.999999 0.000568499 0.00153833 0.425791 -0.00058067 0.999968 0.00792268 -2.07906 -0.00153378 -0.00792357 0.999967 145.698
0.999998 0.000464502 0.00201172 0.420986 -0.000475597 0.999985 0.00551821 -2.09379 -0.00200913 -0.00551915 0.999983 146.957
0.999997 -0.000766658 0.00232729 0.419291 0.000763145 0.999999 0.00151005 -2.11374 -0.00232845 -0.00150827 0.999996 148.23
0.999996 -0.000724411 0.00277874 0.413325 0.000729838 0.999998 -0.00195244 -2.13555 -0.00277732 0.00195446 0.999994 149.496
0.999995 -0.000913589 0.0030353 0.407309 0.000922196 0.999996 -0.0028354 -2.16015 -0.00303269 0.00283819 0.999991 150.8
0.999995 -0.00121915 0.00288066 0.405712 0.00122639 0.999996 -0.0025142 -2.18726 -0.00287759 0.00251772 0.999993 152.072
0.999996 -0.000607655 0.00272922 0.402527 0.000613221 0.999998 -0.00203877 -2.21461 -0.00272797 0.00204044 0.999994 153.308
0.999996 0.000171861 0.00283118 0.396114 -0.000169 0.999999 -0.0010109 -2.24078 -0.00283136 0.00101041 0.999995 154.558
0.999997 0.000626733 0.00238289 0.392006 -0.000625619 1 -0.000468211 -2.26353 -0.00238318 0.000466718 0.999997 155.85
0.999998 0.000843662 0.00187917 0.388954 -0.000842149 0.999999 -0.000805777 -2.28848 -0.00187985 0.000804193 0.999998 157.127
0.999999 0.00114601 0.00118018 0.38465 -0.00114537 0.999999 -0.000538107 -2.31174 -0.0011808 0.000536754 0.999999 158.386
1 0.000587912 0.000599085 0.377252 -0.00058838 1 0.000781178 -2.33641 -0.000598626 -0.000781531 1 159.666
0.999999 0.00140137 -7.9598e-05 0.368284 -0.00140128 0.999998 0.00114725 -2.35963 8.12056e-05 -0.00114713 0.999999 160.919
0.999998 0.00191288 -0.000519399 0.360253 -0.00191274 0.999998 0.000271085 -2.38376 0.000519917 -0.000270091 1 162.162
0.999996 0.00233649 -0.00130047 0.350547 -0.00233784 0.999997 -0.00103647 -2.40684 0.00129804 0.0010395 0.999999 163.422
0.999993 0.00316607 -0.00179347 0.340361 -0.00316794 0.999994 -0.00104578 -2.42988 0.00179015 0.00105146 0.999998 164.686
0.999993 0.00266031 -0.00243809 0.331141 -0.00266503 0.999995 -0.00193488 -2.45564 0.00243293 0.00194136 0.999995 165.963
0.99999 0.00309697 -0.00323368 0.320458 -0.00310656 0.999991 -0.00296519 -2.48263 0.00322447 0.00297521 0.99999 167.274
0.999986 0.00343407 -0.00402436 0.308116 -0.00344453 0.999991 -0.00259576 -2.509 0.00401541 0.00260959 0.999989 168.53
0.999982 0.00367486 -0.00465345 0.29531 -0.00368072 0.999992 -0.00125104 -2.53457 0.00464882 0.00126814 0.999988 169.793
0.999979 0.00368935 -0.00534951 0.281265 -0.00369471 0.999993 -0.000991863 -2.55805 0.00534581 0.00101161 0.999985 171.06
0.999974 0.00396168 -0.00598326 0.265085 -0.00396581 0.999992 -0.00067836 -2.58125 0.00598053 0.000702071 0.999982 172.306
0.999969 0.004391 -0.00655264 0.247242 -0.00439357 0.99999 -0.000378524 -2.60401 0.00655092 0.000407302 0.999978 173.565
0.999963 0.00471538 -0.00713181 0.228553 -0.00472385 0.999988 -0.00117056 -2.62879 0.00712621 0.00120421 0.999974 174.869
0.999954 0.00580031 -0.00765729 0.213247 -0.00581328 0.999982 -0.00167256 -2.6533 0.00764745 0.00171699 0.999969 176.138
0.99995 0.00588827 -0.00813857 0.200214 -0.00589817 0.999982 -0.00119322 -2.67903 0.0081314 0.00124116 0.999966 177.369
0.999949 0.00568907 -0.00830065 0.183483 -0.00570794 0.999981 -0.00225193 -2.70622 0.00828768 0.0022992 0.999963 178.668
0.999957 0.00433455 -0.00819641 0.167845 -0.0043659 0.999983 -0.00381162 -2.73128 0.00817975 0.00384724 0.999959 179.923
0.999964 0.00121998 -0.00838068 0.154068 -0.00125109 0.999992 -0.00370747 -2.75686 0.00837609 0.00371783 0.999958 181.161
0.999959 0.00143698 -0.00892699 0.138828 -0.00143619 0.999999 9.52161e-05 -2.78166 0.00892712 -8.23913e-05 0.99996 182.426
0.999961 0.000690953 -0.00880745 0.121743 -0.000652755 0.99999 0.00433912 -2.80521 0.00881037 -0.0043332 0.999952 183.689
0.99996 0.00188793 -0.00871915 0.101406 -0.00185658 0.999992 0.00360265 -2.82361 0.00872588 -0.00358632 0.999955 184.939
0.999957 0.00343634 -0.00858653 0.0810372 -0.00343115 0.999994 0.000619146 -2.84285 0.00858861 -0.000589658 0.999963 186.173
0.999953 0.00380029 -0.00890707 0.0647291 -0.00381196 0.999992 -0.00129307 -2.86372 0.00890209 0.00132696 0.999959 187.391
0.999952 0.00350849 -0.00912332 0.0491856 -0.00351774 0.999993 -0.000997398 -2.88857 0.00911976 0.00102944 0.999958 188.677
0.999954 0.00332005 -0.0090002 0.0301887 -0.00331845 0.999994 0.000192661 -2.9147 0.00900079 -0.000162786 0.999959 189.981
0.999956 0.00353184 -0.00871388 0.00653401 -0.00351158 0.999991 0.00233904 -2.93845 0.00872206 -0.00230834 0.999959 191.22
0.999964 0.00276324 -0.00806933 -0.0121896 -0.00273734 0.999991 0.00321833 -2.96185 0.00807815 -0.00319613 0.999962 192.438
0.999974 0.00274404 -0.00660498 -0.0252507 -0.00272673 0.999993 0.00262799 -2.98327 0.00661214 -0.00260991 0.999975 193.673
0.999985 0.00174656 -0.00520022 -0.0363846 -0.0017409 0.999998 0.00109178 -3.00407 0.00520211 -0.00108271 0.999986 194.911
0.999991 0.00160372 -0.00390039 -0.0489941 -0.00160545 0.999999 -0.000439294 -3.02676 0.00389968 0.000445552 0.999992 196.152
0.999996 0.000946221 -0.00248006 -0.058392 -0.000948696 0.999999 -0.000996849 -3.05204 0.00247911 0.000999199 0.999996 197.369
0.999998 0.00117494 -0.00131477 -0.0669103 -0.00117529 0.999999 -0.000260121 -3.07611 0.00131446 0.000261666 0.999999 198.56
1 0.000735461 -1.33915e-05 -0.0706809 -0.000735437 0.999998 0.00172985 -3.10037 1.46637e-05 -0.00172984 0.999999 199.762
0.999998 0.00170055 0.00106086 -0.0765247 -0.00170282 0.999996 0.00213795 -3.12394 -0.00105722 -0.00213975 0.999997 200.999
0.999997 0.00141294 0.00213043 -0.0799583 -0.00141745 0.999997 0.00211944 -3.14467 -0.00212742 -0.00212245 0.999995 202.23
0.999993 0.00182578 0.00313795 -0.0826475 -0.00183276 0.999996 0.00222434 -3.16622 -0.00313387 -0.00223008 0.999993 203.443
0.999989 0.0017363 0.00429427 -0.0862629 -0.00174713 0.999995 0.00252022 -3.18935 -0.00428988 -0.0025277 0.999988 204.623
0.999983 0.00291813 0.00505065 -0.0902905 -0.00292746 0.999994 0.00184043 -3.20752 -0.00504524 -0.00185518 0.999986 205.824
0.999978 0.00272668 0.00605422 -0.0924408 -0.00273877 0.999994 0.00198885 -3.22971 -0.00604876 -0.00200539 0.99998 206.998
0.999976 0.00174911 0.00672823 -0.0925897 -0.00176275 0.999996 0.00202118 -3.25279 -0.00672467 -0.00203299 0.999975 208.154
0.999975 0.00161876 0.00691007 -0.0907043 -0.00163838 0.999995 0.0028346 -3.27372 -0.00690545 -0.00284585 0.999972 209.325
0.999976 0.00104912 0.00678116 -0.0910306 -0.001075 0.999992 0.00381465 -3.29587 -0.00677711 -0.00382185 0.99997 210.461
0.999982 0.00132328 0.00593266 -0.0894817 -0.00134591 0.999992 0.00381216 -3.31735 -0.00592757 -0.00382007 0.999975 211.55
0.999984 0.00164541 0.00544121 -0.0897425 -0.00166108 0.999994 0.00287551 -3.33779 -0.00543645 -0.0028845 0.999981 212.631
0.999986 0.00176219 0.0050029 -0.0915797 -0.00177268 0.999996 0.00209162 -3.35725 -0.0049992 -0.00210046 0.999985 213.714
0.999989 0.00164389 0.00442114 -0.0916249 -0.00165275 0.999997 0.00200182 -3.38056 -0.00441784 -0.00200911 0.999988 214.797
0.999993 0.00127946 0.0034343 -0.0958053 -0.00128616 0.999997 0.00194856 -3.4025 -0.0034318 -0.00195297 0.999992 215.857
0.999998 0.000765719 0.0018225 -0.0999064 -0.000770692 0.999996 0.00272955 -3.42188 -0.0018204 -0.00273095 0.999995 216.912
1 -0.000411303 -0.000370963 -0.105995 0.000412963 0.99999 0.0044855 -3.44348 0.000369114 -0.00448565 0.99999 217.951
0.999997 -0.000114736 -0.00246561 -0.113078 0.000129994 0.999981 0.00618882 -3.46299 0.00246485 -0.00618912 0.999978 218.975
0.999988 0.000227307 -0.00493347 -0.125487 -0.000195738 0.99998 0.0063986 -3.48233 0.00493482 -0.00639756 0.999967 219.991
0.999972 0.000462699 -0.00749356 -0.138918 -0.000418877 0.999983 0.00584851 -3.49957 0.00749613 -0.0058452 0.999955 220.979
0.999916 0.0010476 -0.0128948 -0.174959 -0.000962279 0.999978 0.00662122 -3.53378 0.0129014 -0.00660826 0.999895 222.883
0.999873 0.00131657 -0.0158764 -0.19453 -0.00121549 0.999979 0.00637497 -3.5517 0.0158845 -0.00635487 0.999854 223.806
0.999815 0.00119114 -0.0191912 -0.219545 -0.0010775 0.999982 0.00593101 -3.56838 0.0191979 -0.00590923 0.999798 224.737
0.999752 0.00114865 -0.0222608 -0.24377 -0.00103124 0.999986 0.00528499 -3.5849 0.0222665 -0.00526072 0.999738 225.605
0.999678 0.0023184 -0.0252886 -0.272751 -0.00219116 0.999985 0.00505803 -3.60064 0.0253 -0.00500099 0.999667 226.435
0.999601 0.00271358 -0.0281025 -0.302665 -0.0025936 0.999987 0.00430513 -3.6174 0.0281138 -0.00423053 0.999596 227.253
0.999512 0.0053216 -0.0307905 -0.363178 -0.00517608 0.999975 0.00480385 -3.64715 0.0308153 -0.00464213 0.999514 228.866
0.99953 0.00540548 -0.0301601 -0.416768 -0.00520918 0.999965 0.00658349 -3.67645 0.0301946 -0.00642329 0.999523 230.409
0.999552 0.00529159 -0.0294583 -0.444007 -0.00511271 0.999968 0.00614417 -3.69041 0.0294899 -0.0059908 0.999547 231.148
0.999562 0.00584771 -0.0290182 -0.469082 -0.00573073 0.999975 0.00411286 -3.70295 0.0290416 -0.00394476 0.99957 231.865
0.999588 0.00578876 -0.0281237 -0.492531 -0.00573833 0.999982 0.00187342 -3.71553 0.028134 -0.00171127 0.999603 232.58
0.999622 0.00584642 -0.0268503 -0.516518 -0.00583242 0.999983 0.000599429 -3.72915 0.0268533 -0.0004426 0.999639 233.309
0.999652 0.00654205 -0.0255719 -0.539188 -0.0065432 0.999979 3.87687e-05 -3.74169 0.0255716 0.000128567 0.999673 234.03
0.9997 0.00618816 -0.0237033 -0.561071 -0.00619531 0.999981 -0.000228221 -3.75437 0.0237015 0.000375002 0.999719 234.754
0.999748 0.0060583 -0.0216255 -0.58346 -0.00606477 0.999982 -0.00023366 -3.76897 0.0216237 0.000364755 0.999766 235.482
0.99983 0.00594662 -0.0174647 -0.617618 -0.00595898 0.999982 -0.000655423 -3.79789 0.0174604 0.000759382 0.999847 236.904
0.999923 0.00493905 -0.0114177 -0.640359 -0.00493411 0.999988 0.000460101 -3.82573 0.0114198 -0.000403729 0.999935 238.322
0.999978 0.00374642 -0.00546393 -0.654685 -0.00374146 0.999993 0.000919147 -3.85614 0.00546733 -0.000898684 0.999985 239.713
0.999995 0.00324792 0.000454768 -0.662293 -0.00324809 0.999995 0.000367171 -3.88195 -0.000453573 -0.000368646 1 241.087
0.999986 0.00420098 0.00317831 -0.663613 -0.00419904 0.999991 -0.00061827 -3.89418 -0.00318088 0.000604916 0.999995 241.789
0.99995 0.00438674 0.0089668 -0.658075 -0.00438471 0.99999 -0.000245254 -3.92046 -0.00896779 0.000205924 0.99996 243.189
0.999896 0.00439328 0.0137359 -0.644808 -0.00439504 0.99999 9.8028e-05 -3.94575 -0.0137354 -0.000158388 0.999906 244.594
0.999863 0.00437861 0.0159866 -0.63759 -0.00435553 0.999989 -0.00147771 -3.95921 -0.0159929 0.00140788 0.999871 245.289
0.999835 0.00471387 0.0175653 -0.627764 -0.00464746 0.999982 -0.00381973 -3.97136 -0.017583 0.00373746 0.999838 245.995
0.999821 0.0037189 0.0185369 -0.616438 -0.00361685 0.999978 -0.00553562 -3.98358 -0.0185571 0.00546758 0.999813 246.71
0.99982 0.00390924 0.0185488 -0.604667 -0.00379889 0.999975 -0.00598061 -3.99743 -0.0185717 0.00590907 0.99981 247.442
0.999818 0.00329618 0.0187996 -0.593785 -0.00317484 0.999974 -0.00648033 -4.01395 -0.0188204 0.00641947 0.999802 248.182
0.999811 0.00447727 0.018901 -0.586156 -0.00434845 0.999967 -0.00685137 -4.0305 -0.018931 0.00676788 0.999798 248.932
0.999803 0.00490073 0.019221 -0.578587 -0.00476222 0.999962 -0.00724548 -4.04728 -0.0192558 0.00715252 0.999789 249.667
0.999802 0.000148504 0.0199094 -0.553967 7.74199e-05 0.999936 -0.0113463 -4.08361 -0.0199098 0.0113456 0.999737 251.152
0.999781 -0.000757619 0.020913 -0.524575 0.000930423 0.999965 -0.00825453 -4.1151 -0.020906 0.00827218 0.999747 252.689
0.999746 0.00244035 0.0224258 -0.503481 -0.00246975 0.999996 0.00128324 -4.14764 -0.0224226 -0.0013383 0.999748 254.275
0.9997 0.00162699 0.0244426 -0.484245 -0.00160565 0.999998 -0.000892675 -4.16245 -0.024444 0.000853161 0.999701 255.079
0.999587 0.00267677 0.0286247 -0.467616 -0.00247358 0.999972 -0.00713127 -4.17251 -0.028643 0.00705752 0.999565 255.879
0.999459 0.00490444 0.0325287 -0.452522 -0.00455473 0.999931 -0.0108163 -4.18681 -0.0325795 0.0106623 0.999412 256.679
0.999335 0.00654517 0.0358715 -0.429786 -0.00616576 0.999924 -0.0106774 -4.20492 -0.0359387 0.0104491 0.999299 257.497
0.999109 0.00167092 0.0421731 -0.360165 -0.00145062 0.999985 -0.00525371 -4.23976 -0.0421812 0.00518785 0.999097 259.169
0.998997 -0.00171006 0.0447392 -0.319886 0.00189659 0.99999 -0.00412731 -4.2545 -0.0447317 0.00420803 0.99899 260.012
0.998855 -0.00159153 0.0478183 -0.282619 0.00176516 0.999992 -0.00358908 -4.27198 -0.0478122 0.00366937 0.99885 260.855
0.998734 0.000564826 0.0503082 -0.249829 -0.000286245 0.999985 -0.00554452 -4.29244 -0.0503106 0.0055231 0.998718 261.701
0.998612 0.00143247 0.0526429 -0.209475 -0.00101458 0.999968 -0.00796407 -4.30932 -0.0526526 0.00789961 0.998582 262.545
0.998477 0.00151908 0.0551424 -0.165606 -0.00108684 0.999968 -0.00786765 -4.32858 -0.0551527 0.00779574 0.998448 263.396
0.998126 0.00386468 0.0610691 -0.0792666 -0.00361769 0.999985 -0.00415451 -4.36983 -0.0610842 0.0039258 0.998125 265.086
0.997783 0.0042896 0.0664169 0.0210907 -0.00398207 0.999981 -0.00476195 -4.40789 -0.0664361 0.00448691 0.997781 266.779
0.997497 -0.000734111 0.0707066 0.139885 0.00105326 0.999989 -0.0044765 -4.44482 -0.0707025 0.00453976 0.997487 268.492
0.997394 -0.00266011 0.0720929 0.255954 0.00299408 0.999985 -0.00452481 -4.48443 -0.0720798 0.00472887 0.997388 270.185
0.99737 -0.00250715 0.0724327 0.314113 0.00284493 0.999986 -0.00456048 -4.50171 -0.0724202 0.00475456 0.997363 271.035
0.997376 -0.00201529 0.0723612 0.367364 0.00231901 0.999989 -0.00411353 -4.51856 -0.0723521 0.00427054 0.99737 271.894
0.997414 -0.001667 0.0718466 0.419904 0.00191725 0.999992 -0.00341427 -4.53992 -0.0718403 0.00354319 0.99741 272.756
0.997498 -0.00201685 0.0706643 0.475431 0.00231782 0.999989 -0.00417738 -4.55931 -0.070655 0.00433071 0.997491 273.609
0.997612 -0.00189094 0.0690446 0.526923 0.00224563 0.999985 -0.00505998 -4.57779 -0.069034 0.00520294 0.997601 274.451
0.997719 -0.00100896 0.0674901 0.577703 0.00140123 0.999982 -0.00576522 -4.59565 -0.0674831 0.00584665 0.997703 275.305
0.997833 -0.000228642 0.0658007 0.626625 0.000620389 0.999982 -0.00593316 -4.6172 -0.0657982 0.00596113 0.997815 276.154
0.997934 0.00107728 0.0642402 0.670438 -0.000681159 0.999981 -0.0061879 -4.63758 -0.0642456 0.00613135 0.997915 276.977
0.998069 0.00140813 0.0620978 0.714167 -0.00106594 0.999984 -0.00554344 -4.65789 -0.0621046 0.00546654 0.998055 277.8
0.998474 -0.000248347 0.0552242 0.798495 0.000346466 0.999998 -0.00176717 -4.69541 -0.0552236 0.0017836 0.998472 279.447
0.998963 -0.00204419 0.0454881 0.869687 0.00198898 0.999997 0.00125902 -4.72987 -0.0454906 -0.00116724 0.998964 281.114
0.999343 -0.00291725 0.0361359 0.922594 0.00283377 0.999993 0.00236113 -4.76126 -0.0361426 -0.00225718 0.999344 282.743
0.999614 -0.00405829 0.0274803 0.95399 0.00399848 0.99999 0.00223093 -4.79253 -0.027489 -0.00212019 0.99962 284.314
0.999802 -0.00365565 0.0195603 0.971203 0.00361495 0.999991 0.00211552 -4.82419 -0.0195679 -0.00204439 0.999806 285.831
0.999869 -0.00399954 0.01569 0.978613 0.00396521 0.99999 0.00221871 -4.84074 -0.0156987 -0.00215621 0.999874 286.567
0.999973 -0.00362901 0.00640829 0.980237 0.00362934 0.999993 -3.95073e-05 -4.87411 -0.0064081 6.27641e-05 0.999979 287.958
0.999971 -0.000933786 -0.00757303 0.955334 0.000906218 0.999993 -0.00364288 -4.90532 0.00757638 0.00363591 0.999965 289.25
0.998838 0.000707947 -0.0481803 0.864891 -0.000918528 0.99999 -0.00434868 -4.95694 0.0481768 0.00438789 0.998829 291.096
0.993261 0.00627224 -0.115732 0.657215 -0.00672088 0.999971 -0.00348666 -5.00283 0.115707 0.00424098 0.993274 292.832
0.984731 0.00899874 -0.17385 0.452183 -0.00943634 0.999954 -0.00169069 -5.02823 0.173827 0.00330539 0.984771 293.938
0.97015 0.00936868 -0.242326 0.18812 -0.00916636 0.999956 0.00196235 -5.04851 0.242334 0.000317476 0.970193 295.012
0.948547 0.0127432 -0.316381 -0.146205 -0.0110905 0.999914 0.0070239 -5.0657 0.316443 -0.00315365 0.948606 296.004
0.920281 0.0136348 -0.391021 -0.57164 -0.0103012 0.999891 0.0106215 -5.07737 0.391123 -0.00574677 0.920321 296.868
0.879493 0.0125538 -0.475746 -1.05802 -0.00725368 0.99989 0.0129752 -5.08572 0.475856 -0.00796071 0.879487 297.656
0.826686 0.0122016 -0.562531 -1.63513 -0.00366545 0.99986 0.0163009 -5.08757 0.562652 -0.0114138 0.826615 298.417
0.761218 0.0127884 -0.64837 -2.28691 -0.0018769 0.999845 0.0175173 -5.09211 0.648493 -0.0121176 0.761124 299.097
0.680488 0.0111377 -0.732675 -2.98607 0.00849806 0.999697 0.0230896 -5.08787 0.73271 -0.0219385 0.680187 299.663
0.585232 0.0162928 -0.810702 -3.72422 0.0111796 0.999541 0.0281583 -5.08275 0.810789 -0.0255424 0.584781 300.083
0.478055 0.027325 -0.877905 -4.53106 0.00352587 0.999448 0.033028 -5.0781 0.878323 -0.0188846 0.477695 300.404
0.362263 0.0327473 -0.9315 -5.35631 0.00439903 0.999311 0.036842 -5.06248 0.932065 -0.0174442 0.36187 300.686
0.244343 0.0400817 -0.96886 -6.15806 0.00948109 0.998999 0.0437196 -5.0675 0.969643 -0.0198684 0.243718 300.815
0.118919 0.0482336 -0.991732 -7.01171 0.0123807 0.99867 0.0500556 -5.05496 0.992827 -0.0182309 0.118164 300.775
-0.0129148 0.0603278 -0.998095 -7.91799 0.0170515 0.998046 0.0601042 -5.01516 0.999771 -0.0162428 -0.0139182 300.642
-0.146492 0.0725267 -0.98655 -8.85053 0.022324 0.997297 0.0700019 -4.9574 0.98896 -0.011769 -0.147715 300.383
-0.276076 0.0833004 -0.957519 -9.77823 0.0297093 0.996501 0.0781258 -4.90333 0.960677 -0.00687856 -0.277584 300.017
-0.341072 0.0858397 -0.93611 -10.2109 0.0348436 0.996292 0.0786631 -4.87838 0.939391 -0.00578762 -0.342799 299.748
-0.399651 0.0869681 -0.912532 -10.6715 0.039535 0.996198 0.0776271 -4.84784 0.915814 -0.00505325 -0.40157 299.455
-0.464138 0.0870331 -0.881477 -11.1414 0.0408377 0.996205 0.076858 -4.81514 0.884821 -0.000324765 -0.465931 299.149
-0.563081 0.0872363 -0.821785 -12.095 0.0462778 0.996181 0.0740401 -4.73127 0.825105 0.00366018 -0.564967 298.421
-0.643712 0.091725 -0.759751 -13.0533 0.0529961 0.99575 0.0753155 -4.65233 0.763431 0.00821766 -0.645837 297.574
-0.716395 0.103972 -0.689904 -13.9261 0.0683829 0.994537 0.0788723 -4.56979 0.694335 0.0093261 -0.719591 296.622
-0.749993 0.105561 -0.652968 -14.3101 0.072077 0.994347 0.0779628 -4.52772 0.657507 0.0114076 -0.753362 296.09
-0.779928 0.101827 -0.61753 -14.7004 0.0714972 0.994713 0.0737224 -4.48509 0.621772 0.0133465 -0.783084 295.516
-0.807406 0.0996509 -0.58152 -15.0919 0.0738755 0.994951 0.0679259 -4.44203 0.585353 0.0118836 -0.810691 294.891
-0.832609 0.094888 -0.545673 -15.4783 0.0731252 0.995424 0.0615188 -4.39804 0.549013 0.0113187 -0.835737 294.231
-0.854999 0.0917025 -0.510459 -15.9123 0.0735122 0.995735 0.055751 -4.35551 0.513394 0.0101421 -0.858093 293.548
-0.876102 0.0902294 -0.473608 -16.2877 0.0733271 0.995841 0.0540787 -4.31817 0.476518 0.0126501 -0.879074 292.837
-0.895643 0.086541 -0.436274 -16.6416 0.0710641 0.996131 0.0517063 -4.28183 0.439061 0.0153069 -0.898327 292.082
-0.91314 0.0861444 -0.398439 -16.9642 0.072585 0.996157 0.0490238 -4.24488 0.401131 0.0158449 -0.915884 291.298
-0.92894 0.0883919 -0.359525 -17.2659 0.0760801 0.995932 0.048282 -4.20949 0.36233 0.0174984 -0.931886 290.475
-0.942684 0.0915264 -0.32089 -17.5658 0.0806654 0.995632 0.0470086 -4.17623 0.323791 0.0184295 -0.945949 289.584
-0.954705 0.0924734 -0.282819 -17.8385 0.0823142 0.995468 0.0476221 -4.13807 0.285941 0.022185 -0.95799 288.648
-0.964791 0.0951751 -0.245193 -18.0908 0.0861345 0.995157 0.0473601 -4.09939 0.248514 0.024573 -0.968317 287.675
-0.973435 0.0944079 -0.208592 -18.3018 0.0867099 0.995182 0.0457662 -4.06534 0.211908 0.0264634 -0.976931 286.676
-0.980375 0.0927898 -0.17394 -18.4617 0.0869769 0.995376 0.0407656 -4.02858 0.176918 0.0248369 -0.983912 285.677
-0.985825 0.0912267 -0.140811 -18.5972 0.0869517 0.995553 0.0362322 -3.98973 0.14349 0.0234748 -0.989373 284.632
-0.990022 0.0903849 -0.108103 -18.6987 0.0871065 0.995595 0.0346837 -3.95654 0.110762 0.0249212 -0.993535 283.556
-0.993029 0.0891722 -0.0770852 -18.7989 0.0867885 0.995655 0.0337455 -3.92702 0.0797594 0.0268201 -0.996453 282.424
-0.99493 0.0886127 -0.0475688 -18.8567 0.0871803 0.995698 0.0313906 -3.89974 0.0501458 0.0270844 -0.998375 281.283
-0.995965 0.0872922 -0.0208381 -18.8722 0.086648 0.995786 0.0300403 -3.874 0.0233726 0.0281135 -0.999331 280.183
-0.996378 0.0849187 0.00434797 -18.8515 0.0850118 0.995918 0.0303371 -3.85182 -0.00175404 0.0305968 -0.99953 279.019
-0.996137 0.083129 0.0282851 -18.8002 0.0839809 0.996004 0.0303944 -3.82922 -0.0256454 0.0326524 -0.999138 277.841
-0.995575 0.0803259 0.0487692 -18.7298 0.0817872 0.996235 0.0287431 -3.80842 -0.0462768 0.0326046 -0.998396 276.632
-0.995013 0.0753503 0.0653539 -18.6329 0.0771689 0.996685 0.0257603 -3.78969 -0.0631962 0.0306751 -0.99753 275.415
-0.994514 0.0703641 0.0773969 -18.5116 0.0724693 0.997064 0.0247338 -3.7717 -0.0754293 0.030207 -0.996694 274.236
-0.994219 0.065261 0.0852662 -18.3825 0.0677232 0.997357 0.0263072 -3.75229 -0.083324 0.0319296 -0.996011 273.016
-0.994095 0.0622383 0.0888914 -18.2516 0.0648951 0.997518 0.027315 -3.73172 -0.0869708 0.0329224 -0.995667 271.746
-0.994212 0.059906 0.0891818 -18.1256 0.0624536 0.997708 0.0260536 -3.70863 -0.0874166 0.0314725 -0.995675 270.452
-0.994565 0.0575385 0.0867778 -18.0041 0.0599271 0.997885 0.0251734 -3.68578 -0.0851458 0.0302369 -0.99591 269.133
-0.994806 0.0572288 0.0841743 -17.8837 0.0596049 0.997884 0.0259895 -3.66399 -0.0825088 0.0308718 -0.996112 267.79
-0.995103 0.0559268 0.081494 -17.7599 0.0582897 0.997937 0.0269078 -3.64416 -0.079821 0.0315263 -0.996311 266.476
-0.995421 0.0552227 0.078021 -17.648 0.0575192 0.997966 0.0274991 -3.62377 -0.0763437 0.0318609 -0.996572 265.175
-0.995884 0.0536826 0.0730242 -17.5331 0.0559604 0.997997 0.0295113 -3.60288 -0.0712937 0.0334763 -0.996893 263.847
-0.996307 0.0532909 0.0673306 -17.4232 0.0555314 0.997949 0.0318525 -3.58321 -0.065495 0.0354738 -0.997222 262.536
-0.996697 0.0523585 0.0620796 -17.3242 0.0545263 0.997942 0.0337547 -3.56175 -0.0601845 0.0370281 -0.9975 261.174
-0.996992 0.0522365 0.0572479 -17.2383 0.0542311 0.997954 0.0338585 -3.5398 -0.0553621 0.0368613 -0.997786 259.803
-0.997335 0.0509583 0.0522126 -17.158 0.0527368 0.998054 0.0332694 -3.51557 -0.0504157 0.0359343 -0.998082 258.434
-0.997668 0.0495664 0.0469172 -17.0843 0.0511301 0.998155 0.0327361 -3.49384 -0.0452081 0.0350587 -0.998362 257.081
-0.99794 0.0488555 0.041575 -17.0186 0.0502216 0.99821 0.0324754 -3.47232 -0.039914 0.0344964 -0.998607 255.672
-0.998152 0.0482871 0.0368786 -16.964 0.0495906 0.998146 0.0352877 -3.44907 -0.0351062 0.0370513 -0.998697 254.27
-0.998263 0.0490958 0.0325692 -16.9189 0.0503338 0.997996 0.0383472 -3.42403 -0.0306213 0.03992 -0.998734 252.907
-0.998355 0.0498731 0.0282823 -16.8707 0.050934 0.997974 0.0381236 -3.39549 -0.0263237 0.0395014 -0.998873 251.563
-0.998402 0.0509165 0.0245028 -16.8276 0.0518168 0.997947 0.0376276 -3.3666 -0.0225366 0.0388372 -0.998991 250.182
-0.998461 0.0510253 0.021711 -16.7909 0.0518056 0.99797 0.0370377 -3.3396 -0.019777 0.0381054 -0.999078 248.822
-0.998492 0.0513857 0.0193115 -16.7574 0.0520169 0.998076 0.0337407 -3.31514 -0.0175406 0.0346943 -0.999244 247.493
-0.998549 0.0511478 0.0168676 -16.7251 0.0516641 0.99816 0.031743 -3.29063 -0.015213 0.0325684 -0.999354 246.104
-0.998615 0.0504874 0.0148053 -16.6928 0.0509635 0.998129 0.0337715 -3.26764 -0.0130725 0.0344793 -0.99932 244.701
-0.998582 0.051527 0.0133409 -16.6687 0.0519749 0.998009 0.0357405 -3.24304 -0.0114727 0.0363832 -0.999272 243.346
-0.998607 0.0512747 0.0124608 -16.6455 0.0516939 0.998012 0.0360397 -3.21367 -0.0105881 0.0366336 -0.999273 241.955
-0.998545 0.0525079 0.0122573 -16.6198 0.0529222 0.997936 0.0363632 -3.18589 -0.0103226 0.036959 -0.999263 240.589
-0.99851 0.0530142 0.0129671 -16.5944 0.0534529 0.997914 0.0362102 -3.16007 -0.0110204 0.0368493 -0.99926 239.213
-0.998413 0.0547106 0.0133534 -16.5721 0.0551432 0.997882 0.0345178 -3.13637 -0.0114366 0.0351994 -0.999315 237.799
-0.998329 0.0559993 0.0142413 -16.5422 0.0564434 0.997861 0.0329729 -3.11468 -0.0123644 0.0337217 -0.999355 236.404
-0.998225 0.0575626 0.0152745 -16.5189 0.0580545 0.997734 0.0339985 -3.08964 -0.0132829 0.0348249 -0.999305 235.021
-0.99824 0.056647 0.0175566 -16.4612 0.0572756 0.997648 0.0376487 -3.03276 -0.0153826 0.038588 -0.999137 232.27
-0.998306 0.0551084 0.018642 -16.4295 0.0557914 0.997706 0.0383526 -3.00296 -0.0164857 0.0393277 -0.99909 230.88
-0.998392 0.053332 0.0192286 -16.3891 0.0540295 0.997824 0.0377921 -2.97248 -0.0171713 0.0387703 -0.999101 229.409
-0.99848 0.0516193 0.0193346 -16.352 0.0523145 0.997931 0.0373659 -2.94357 -0.0173658 0.0383206 -0.999115 227.979
-0.99845 0.0521242 0.0194999 -16.3184 0.052797 0.997965 0.0357478 -2.91673 -0.0175969 0.036722 -0.999171 226.57
-0.998452 0.0520282 0.0196501 -16.2838 0.0526754 0.998033 0.0339939 -2.8898 -0.0178428 0.0349764 -0.999229 225.161
-0.998391 0.0531314 0.0198331 -16.2529 0.0537977 0.997948 0.0347257 -2.86219 -0.0179473 0.0357367 -0.9992 223.741
-0.998403 0.0527775 0.0201416 -16.2218 0.0534694 0.997938 0.0355148 -2.83642 -0.0182256 0.036535 -0.999166 222.311
-0.998412 0.0525555 0.0202751 -16.1841 0.0532673 0.997919 0.0363288 -2.80709 -0.0183237 0.0373511 -0.999134 220.846
-0.998453 0.0516909 0.0204933 -16.1433 0.0524307 0.997925 0.0373766 -2.77778 -0.0185188 0.0383933 -0.999091 219.38
-0.998414 0.0525325 0.0202584 -16.1072 0.0532538 0.9979 0.0368796 -2.75037 -0.0182785 0.0379 -0.999114 217.986
-0.998451 0.0516778 0.0205993 -16.0701 0.052396 0.997977 0.0359999 -2.72378 -0.0186973 0.0370235 -0.999139 216.57
-0.998345 0.0535743 0.0208994 -16.0374 0.054316 0.997849 0.0367016 -2.69828 -0.0188882 0.037776 -0.999108 215.161
-0.998331 0.0538269 0.0209032 -16.0008 0.0545978 0.997776 0.0382471 -2.66828 -0.018798 0.0393246 -0.99905 213.726
-0.998324 0.0540217 0.0207544 -15.9657 0.0547658 0.997808 0.037134 -2.63792 -0.0187028 0.0382084 -0.999095 212.303
-0.998293 0.054578 0.0207738 -15.9275 0.0552783 0.997865 0.0347794 -2.60819 -0.0188313 0.0358683 -0.999179 210.845
-0.998291 0.054661 0.0206913 -15.8865 0.0553642 0.997849 0.0350921 -2.57841 -0.0187287 0.0361776 -0.99917 209.366
-0.9983 0.0544415 0.0208244 -15.8502 0.0551471 0.997866 0.0349618 -2.55121 -0.0188766 0.0360507 -0.999172 207.897
-0.998312 0.0542961 0.02064 -15.8106 0.0549676 0.997926 0.03349 -2.52183 -0.0187788 0.0345679 -0.999226 206.407
-0.998349 0.0535546 0.0207824 -15.7673 0.054261 0.997911 0.0350631 -2.49237 -0.0188611 0.0361328 -0.999169 204.931
-0.998391 0.0528202 0.020611 -15.7249 0.0535566 0.99788 0.0369845 -2.46556 -0.0186138 0.0380289 -0.999103 203.498
-0.998423 0.0521613 0.0207309 -15.6909 0.0529049 0.99791 0.0371092 -2.43517 -0.0187519 0.0381475 -0.999096 202.017
-0.998363 0.0532265 0.0209497 -15.6524 0.053961 0.997886 0.0362165 -2.40706 -0.0189777 0.0372877 -0.999124 200.53
-0.99835 0.0534492 0.0209932 -15.6125 0.0541837 0.997877 0.036134 -2.37858 -0.0190173 0.0372118 -0.999126 199.052
