1 0 0 0 0 1 0 0 0 0 1 0
0.999779 -0.0076318 0.0195782 0.0386209 0.00763413 0.999971 -4.45789e-05 -0.0137096 -0.0195773 0.000194032 0.999808 0.871328
0.999909 -0.0133844 -0.0013713 0.045138 0.0133773 0.999898 -0.00509686 -0.0223704 0.00143938 0.00507805 0.999986 1.8072
0.999272 -0.00804551 -0.0372986 -0.00844567 0.0078613 0.999956 -0.005083 -0.0363416 0.0373379 0.00478608 0.999291 2.48227
0.997049 -0.00421462 -0.0766533 -0.0981862 0.00370477 0.99997 -0.00679236 -0.0471075 0.0766796 0.00648833 0.997035 3.1964
0.993077 -0.00712392 -0.117247 -0.209486 0.00654911 0.999965 -0.00528705 -0.0569414 0.11728 0.00448259 0.993089 3.95354
0.988622 -0.00480806 -0.150341 -0.363704 0.0042816 0.999984 -0.00382528 -0.0720412 0.150357 0.00313805 0.988627 4.75442
0.984416 -0.00568703 -0.175765 -0.533929 0.00495323 0.999977 -0.00461334 -0.0875655 0.175787 0.00367084 0.984421 5.59859
0.98113 -0.00860542 -0.193158 -0.719941 0.00701029 0.999935 -0.00894014 -0.101156 0.193223 0.00741734 0.981127 6.49808
0.977969 -0.00895722 -0.208558 -0.938065 0.00631874 0.999891 -0.0133139 -0.118434 0.208654 0.0117028 0.977919 7.44742
0.974285 -0.0193743 -0.224483 -1.16253 0.0161282 0.999737 -0.0162853 -0.141563 0.224739 0.0122461 0.974342 8.44787
0.970217 -0.0156079 -0.241732 -1.44415 0.0103262 0.99968 -0.0231011 -0.169902 0.242015 0.019917 0.970068 9.49869
0.965786 -0.0150832 -0.2589 -1.75114 0.00817673 0.999582 -0.0277325 -0.208845 0.25921 0.0246667 0.965506 10.5939
0.961204 -0.017482 -0.275285 -2.09036 0.00886112 0.999432 -0.0325289 -0.252452 0.275697 0.0288276 0.960812 11.7455
0.956678 -0.0177328 -0.290609 -2.46824 0.00602931 0.999136 -0.0411185 -0.306756 0.291087 0.037585 0.955958 12.92
0.953702 -0.0200581 -0.300082 -2.86807 0.00318112 0.99839 -0.0566244 -0.376927 0.300735 0.0530482 0.952231 14.1364
0.951189 -0.0192483 -0.308008 -3.30282 -0.00381144 0.997244 -0.074091 -0.46764 0.308585 0.0716485 0.948494 15.3978
0.948311 -0.016741 -0.3169 -3.76758 -0.0117017 0.996084 -0.0876371 -0.585018 0.317126 0.0868155 0.944401 16.7071
0.945027 -0.0136165 -0.326709 -4.25682 -0.0197931 0.994919 -0.0987186 -0.722789 0.326393 0.0997583 0.939955 18.0503
0.941526 -0.0101318 -0.336787 -4.77772 -0.0262019 0.994319 -0.103163 -0.875703 0.335919 0.105955 0.935912 19.4358
0.937001 -0.0092785 -0.349203 -5.32372 -0.0276773 0.994533 -0.10069 -1.04251 0.348228 0.104012 0.931621 20.8735
0.931362 -0.00869339 -0.363992 -5.91018 -0.0281815 0.994995 -0.0958732 -1.2056 0.363003 0.0995505 0.926455 22.3397
0.924557 -0.00332445 -0.38103 -6.53756 -0.0314195 0.995892 -0.0849273 -1.36328 0.379747 0.0904919 0.920654 23.823
0.917233 0.00157063 -0.398348 -7.21582 -0.0360295 0.996221 -0.0790333 -1.5145 0.396718 0.0868442 0.913823 25.3339
0.909419 0.00159432 -0.415878 -7.92585 -0.0370696 0.996323 -0.0772421 -1.65491 0.414226 0.0856619 0.906134 26.8595
0.905494 0.00239828 -0.424352 -8.30222 -0.0380729 0.99641 -0.0756095 -1.7256 0.422648 0.0846203 0.902335 27.6424
0.897874 0.00219519 -0.440247 -9.07881 -0.0363382 0.996945 -0.0691399 -1.86493 0.438751 0.0780767 0.895211 29.2024
0.890312 0.00442529 -0.45533 -9.88767 -0.0352197 0.997626 -0.0591696 -1.99425 0.453988 0.0687159 0.888354 30.758
0.883322 0.00280683 -0.468759 -10.7578 -0.0330904 0.997861 -0.05638 -2.11633 0.467598 0.0653131 0.881525 32.3919
0.880116 0.00312645 -0.474748 -11.2131 -0.0328536 0.997982 -0.0543338 -2.17113 0.47362 0.0634172 0.878443 33.2218
0.87717 0.00143429 -0.480177 -11.6841 -0.0306917 0.998118 -0.0530851 -2.23127 0.479197 0.0613021 0.875564 34.0753
0.874574 0.000513186 -0.484892 -12.1656 -0.0299328 0.998149 -0.0529319 -2.2912 0.483967 0.0608071 0.872971 34.93
0.872566 -0.00057045 -0.488496 -12.6487 -0.0293379 0.998133 -0.0535699 -2.34813 0.487614 0.0610747 0.87092 35.7782
0.870672 4.69968e-05 -0.491864 -13.6352 -0.0300864 0.998133 -0.0531619 -2.46093 0.490943 0.061085 0.869047 37.474
0.870276 -0.00105247 -0.492563 -14.63 -0.0276154 0.998321 -0.0509249 -2.58124 0.491789 0.057921 0.868786 39.1987
0.869502 -0.00287611 -0.493921 -15.1437 -0.0260717 0.998322 -0.0517101 -2.64286 0.493241 0.0578394 0.867968 40.0991
0.868373 -0.00513414 -0.495886 -15.6743 -0.0238398 0.998358 -0.0520837 -2.70549 0.495339 0.0570498 0.866824 41.0144
0.86679 -0.00523388 -0.498646 -16.2051 -0.0227005 0.998494 -0.0499405 -2.76854 0.498156 0.0546074 0.865366 41.9324
0.864766 -0.004437 -0.502155 -16.7425 -0.0215187 0.998715 -0.0458821 -2.83635 0.501713 0.050483 0.86356 42.8594
0.862098 -0.00432609 -0.506723 -17.2779 -0.0194327 0.998946 -0.0415896 -2.89516 0.506369 0.0457013 0.861105 43.7475
0.85801 -0.00490109 -0.51361 -17.8083 -0.0179704 0.999056 -0.0395538 -2.95399 0.513319 0.0431673 0.857111 44.6199
0.852803 -0.00862182 -0.522161 -18.3391 -0.0154738 0.999008 -0.0417675 -3.00866 0.522003 0.0436992 0.851823 45.4728
0.846777 -0.012246 -0.531807 -18.9066 -0.0138298 0.99889 -0.0450223 -3.0667 0.531768 0.0454786 0.845668 46.3643
0.840592 -0.0125257 -0.541524 -19.4905 -0.0137692 0.998915 -0.0444789 -3.12628 0.541493 0.044845 0.839508 47.2567
0.834859 -0.00891913 -0.550392 -20.0819 -0.0150722 0.999123 -0.0390529 -3.18701 0.550258 0.0408993 0.833992 48.135
0.829806 -0.00435046 -0.558035 -20.6841 -0.0180999 0.999234 -0.0347048 -3.24142 0.557758 0.0388987 0.829091 49.0054
0.825775 -0.0046132 -0.563981 -21.3047 -0.0191487 0.999161 -0.0362103 -3.29611 0.563674 0.0407011 0.824994 49.9009
0.822241 -0.00696763 -0.569097 -21.9461 -0.0195453 0.99899 -0.0404703 -3.3562 0.568804 0.0443996 0.821274 50.8376
0.819289 -0.00918945 -0.573308 -22.5716 -0.0220168 0.99863 -0.0474701 -3.41568 0.572959 0.0515142 0.817964 51.7124
0.815953 -0.0104284 -0.578024 -23.1887 -0.0218751 0.998564 -0.0488949 -3.4778 0.577704 0.0525402 0.814553 52.5672
0.812589 -0.00890563 -0.582769 -23.7882 -0.0212502 0.998766 -0.0448932 -3.53555 0.582449 0.0488637 0.811397 53.3772
0.809487 -0.00659627 -0.587101 -24.418 -0.02059 0.999003 -0.0396133 -3.59568 0.586777 0.0441549 0.808544 54.23
0.806605 -0.00466887 -0.591072 -25.055 -0.021093 0.999105 -0.0366765 -3.64554 0.590714 0.042051 0.805785 55.0737
0.803595 -0.00428425 -0.595161 -25.7033 -0.0221548 0.999066 -0.0371054 -3.69891 0.594764 0.0430034 0.802749 55.9322
0.799971 -0.0055237 -0.600013 -26.3592 -0.0221872 0.999002 -0.0387779 -3.75591 0.599628 0.0443338 0.79905 56.802
0.796073 -0.00822771 -0.605144 -27.0096 -0.0211479 0.998919 -0.0414018 -3.81012 0.60483 0.0457564 0.795039 57.6433
0.791746 -0.00925494 -0.610781 -27.6693 -0.0205102 0.998919 -0.0417233 -3.86506 0.610506 0.0455615 0.7907 58.4831
0.787402 -0.00932187 -0.61637 -28.3484 -0.0201675 0.998961 -0.0408718 -3.92306 0.61611 0.0446132 0.786396 59.3353
0.782517 -0.00888503 -0.622566 -29.0366 -0.0206022 0.998981 -0.0401524 -3.98069 0.622288 0.0442461 0.781537 60.1838
0.777182 -0.0101079 -0.629194 -29.7287 -0.0203118 0.998947 -0.0411371 -4.03906 0.628948 0.0447511 0.776159 61.0295
0.771723 -0.0115206 -0.635854 -30.4203 -0.0196341 0.998928 -0.0419284 -4.09608 0.635655 0.0448416 0.77067 61.8585
0.766122 -0.0126861 -0.64257 -31.1205 -0.0194327 0.998891 -0.0428901 -4.15149 0.642401 0.045346 0.765026 62.676
0.7605 -0.0140344 -0.649186 -31.8383 -0.0190234 0.998856 -0.0438792 -4.2114 0.649059 0.0457199 0.759363 63.5023
0.754428 -0.0160237 -0.656187 -32.5559 -0.0178546 0.998831 -0.0449185 -4.27156 0.65614 0.0456038 0.75326 64.3138
0.748299 -0.0175552 -0.66313 -33.3129 -0.0163284 0.998859 -0.0448686 -4.33468 0.663161 0.0444029 0.747158 65.1674
0.74184 -0.017623 -0.670346 -34.0608 -0.0153238 0.998948 -0.0432198 -4.39592 0.670402 0.0423344 0.740789 65.9999
0.735286 -0.0184393 -0.677506 -34.8142 -0.0140821 0.998998 -0.0424722 -4.45634 0.67761 0.0407699 0.73429 66.8105
0.729155 -0.0205621 -0.68404 -35.5592 -0.0124486 0.998985 -0.043299 -4.51534 0.684235 0.040087 0.728159 67.587
0.722741 -0.0223631 -0.690757 -36.3058 -0.0120419 0.998917 -0.0449391 -4.57395 0.691014 0.0407973 0.721689 68.3533
0.711184 -0.0213824 -0.702681 -37.8643 -0.0131191 0.99896 -0.0436759 -4.69679 0.702884 0.0402801 0.710163 69.926
0.706379 -0.0206707 -0.707532 -38.6871 -0.0145549 0.998938 -0.0437154 -4.7586 0.707684 0.0411777 0.705328 70.7275
0.701651 -0.0212861 -0.712202 -39.5192 -0.0149676 0.998893 -0.0446005 -4.82342 0.712363 0.0419539 0.700556 71.5319
0.696547 -0.0227258 -0.717151 -40.3323 -0.016137 0.998749 -0.0473227 -4.89223 0.717329 0.0445352 0.695309 72.3063
0.691558 -0.0247958 -0.721895 -41.1498 -0.0162731 0.998622 -0.0498901 -4.95997 0.722138 0.0462494 0.690201 73.0799
0.68658 -0.0252205 -0.726616 -42.0127 -0.0167611 0.998584 -0.0504979 -5.02961 0.726861 0.0468497 0.685185 73.8869
0.682023 -0.0247701 -0.730911 -42.8702 -0.0163808 0.998658 -0.0491289 -5.1014 0.731148 0.0454799 0.680702 74.672
0.676659 -0.0247758 -0.73588 -43.7161 -0.0158567 0.998712 -0.0482055 -5.16991 0.736126 0.0442873 0.675394 75.4365
0.671281 -0.0265045 -0.740729 -44.5756 -0.0143178 0.99871 -0.0487109 -5.23548 0.741065 0.0433043 0.670036 76.2117
0.666842 -0.0277248 -0.744683 -45.4657 -0.0130197 0.998722 -0.0488415 -5.30693 0.745085 0.0422652 0.665629 77.001
0.662544 -0.0282395 -0.74849 -46.3658 -0.0122641 0.998746 -0.0485372 -5.37905 0.748923 0.0413376 0.661367 77.7836
0.658632 -0.0293837 -0.751891 -47.2765 -0.0105218 0.99878 -0.0482488 -5.45255 0.752392 0.0396894 0.657519 78.5789
0.654639 -0.0322958 -0.755251 -48.1593 -0.00777767 0.998746 -0.0494497 -5.52529 0.755902 0.0382458 0.653567 79.344
0.650547 -0.0371281 -0.758558 -49.0645 -0.00454879 0.998596 -0.052778 -5.59802 0.759452 0.0377851 0.649465 80.1165
0.645653 -0.0414397 -0.762506 -49.9923 -1.89688e-05 0.998526 -0.0542827 -5.67231 0.763631 0.0350622 0.6447 80.901
0.638996 -0.0449257 -0.767897 -50.9063 0.00501455 0.998515 -0.0542452 -5.7499 0.769194 0.0308118 0.638272 81.6584
0.630532 -0.0487123 -0.774633 -51.8326 0.00988813 0.998452 -0.0547382 -5.82759 0.776101 0.0268545 0.630037 82.4138
0.621414 -0.0497891 -0.781899 -52.7635 0.0128429 0.998492 -0.0533743 -5.90428 0.783377 0.0231257 0.621116 83.1536
0.612625 -0.0482079 -0.788902 -53.7205 0.0130829 0.99862 -0.0508637 -5.98046 0.790265 0.0208393 0.61241 83.8882
0.603647 -0.0479305 -0.79581 -54.7076 0.0126266 0.998641 -0.050569 -6.05904 0.797152 0.0204774 0.603431 84.6334
0.594177 -0.0491418 -0.802832 -55.6847 0.0115533 0.99855 -0.0525712 -6.13227 0.804251 0.0219612 0.593883 85.3476
0.584279 -0.0510531 -0.809945 -56.6889 0.0116898 0.998445 -0.054502 -6.21271 0.811468 0.0223763 0.583968 86.0701
0.574414 -0.0528908 -0.816854 -57.7222 0.0123428 0.998357 -0.0559634 -6.29287 0.818472 0.0220639 0.574123 86.794
0.564387 -0.0537881 -0.823756 -58.7647 0.015632 0.998392 -0.0544811 -6.37801 0.825363 0.0178715 0.56432 87.5143
0.554232 -0.0537426 -0.830625 -59.7964 0.0167414 0.998431 -0.0534292 -6.46001 0.832194 0.0157064 0.554263 88.1913
0.54386 -0.0543833 -0.837412 -60.8291 0.0170505 0.998408 -0.0537653 -6.54061 0.839003 0.0149625 0.543922 88.8549
0.53391 -0.055274 -0.843733 -61.8272 0.0163595 0.99835 -0.055051 -6.61895 0.845383 0.0155892 0.533933 89.4662
0.524083 -0.0557233 -0.849842 -62.8964 0.0147037 0.998301 -0.0563901 -6.69862 0.85154 0.0170572 0.524012 90.108
0.514234 -0.0568211 -0.855766 -63.9747 0.0138006 0.998222 -0.0579871 -6.78513 0.857539 0.0180088 0.514104 90.7494
0.504555 -0.0567863 -0.86151 -65.0587 0.0129236 0.99822 -0.0582286 -6.86988 0.863283 0.0182457 0.50439 91.3802
0.495926 -0.0546439 -0.866644 -66.1725 0.0119817 0.998354 -0.0560921 -6.95575 0.868282 0.0174336 0.495764 92.0134
0.487941 -0.0531141 -0.871259 -67.3112 0.0124404 0.998469 -0.053902 -7.04095 0.872788 0.0154622 0.487855 92.6521
0.480071 -0.0534024 -0.875603 -68.4321 0.0126784 0.998463 -0.0539444 -7.12445 0.877138 0.0147959 0.480011 93.2616
0.472547 -0.0567222 -0.879478 -69.5594 0.0147204 0.998295 -0.056476 -7.20781 0.881182 0.0137413 0.472577 93.8652
0.465746 -0.060298 -0.882862 -70.7011 0.0172333 0.998105 -0.0590776 -7.29518 0.884751 0.0123005 0.465902 94.4654
0.459311 -0.0631646 -0.886027 -71.8027 0.0188618 0.997937 -0.0613649 -7.38586 0.888075 0.0114735 0.459555 95.0324
0.453936 -0.0666506 -0.888538 -72.9378 0.0206469 0.997717 -0.0642923 -7.48105 0.890795 0.0108391 0.454276 95.6132
0.448924 -0.0674932 -0.891017 -74.0755 0.0231784 0.997687 -0.0638953 -7.57893 0.893269 0.00803173 0.44945 96.1922
0.44491 -0.0646825 -0.893237 -75.1985 0.0249099 0.997896 -0.059854 -7.67641 0.895229 0.00437921 0.445585 96.7452
0.441078 -0.0627221 -0.895275 -76.3506 0.027912 0.998031 -0.0561696 -7.77167 0.897035 -0.00021369 0.44196 97.3101
0.437684 -0.0622652 -0.89697 -77.496 0.0294651 0.998057 -0.0549046 -7.86244 0.898646 -0.0023984 0.438669 97.8676
0.43474 -0.0621474 -0.898409 -78.6082 0.0310968 0.998057 -0.0539929 -7.94978 0.900019 -0.00446473 0.435828 98.4049
0.432461 -0.061247 -0.89957 -79.7263 0.0328959 0.998098 -0.0521407 -8.03525 0.901052 -0.00704336 0.433653 98.9328
0.430244 -0.0604266 -0.900688 -80.8662 0.0346097 0.998128 -0.0504313 -8.12071 0.902049 -0.00947474 0.43153 99.4727
0.428022 -0.0615007 -0.901673 -81.9727 0.0369253 0.998039 -0.0505452 -8.20223 0.903013 -0.0116601 0.429454 99.9914
0.425676 -0.0618311 -0.902761 -83.0763 0.0392391 0.997986 -0.0498509 -8.28174 0.904024 -0.0142031 0.427245 100.509
0.423364 -0.0609452 -0.903907 -84.1687 0.0422611 0.997977 -0.0474939 -8.3601 0.904974 -0.0180929 0.425083 101.021
0.421495 -0.0603012 -0.904824 -85.2502 0.0440933 0.997969 -0.0459688 -8.43577 0.905758 -0.0205211 0.423298 101.522
0.41989 -0.0619528 -0.905458 -86.3161 0.0466749 0.997821 -0.0466278 -8.50749 0.906374 -0.0226836 0.421867 102.015
0.419134 -0.0631133 -0.905728 -87.3978 0.0478725 0.99773 -0.0473708 -8.58477 0.906662 -0.0235047 0.421203 102.508
0.418638 -0.0644528 -0.905863 -88.4482 0.0476096 0.997664 -0.0489821 -8.66186 0.906904 -0.022622 0.420729 102.987
0.419033 -0.0650219 -0.90564 -89.4651 0.0465979 0.997658 -0.050068 -8.74009 0.906775 -0.0212208 0.421081 103.452
0.421365 -0.0647323 -0.904578 -90.4947 0.0443421 0.997727 -0.0507429 -8.8176 0.905807 -0.0187297 0.423277 103.923
0.425541 -0.064709 -0.902623 -91.534 0.0420682 0.997776 -0.0516975 -8.89816 0.903961 -0.0159723 0.427317 104.405
0.430709 -0.0652723 -0.900127 -92.5297 0.0408883 0.997768 -0.0527877 -8.975 0.901564 -0.0140686 0.432417 104.874
0.43612 -0.0652217 -0.897522 -93.5609 0.0404505 0.997783 -0.052852 -9.05459 0.898979 -0.0132554 0.437791 105.371
0.443074 -0.0640273 -0.894196 -94.5793 0.0394999 0.997872 -0.0518786 -9.13149 0.895614 -0.0123346 0.44466 105.871
0.451125 -0.06266 -0.890258 -95.5766 0.0381037 0.997975 -0.050933 -9.20724 0.891647 -0.0109449 0.452599 106.371
0.46002 -0.0621412 -0.885732 -96.5699 0.0375087 0.998018 -0.0505381 -9.28081 0.887116 -0.0099741 0.461438 106.88
0.469221 -0.0617465 -0.880919 -97.5554 0.036834 0.998053 -0.0503371 -9.35388 0.882312 -0.00882854 0.470582 107.402
0.479004 -0.0624743 -0.875587 -98.5396 0.035844 0.998024 -0.0516013 -9.42878 0.87708 -0.00666728 0.480297 107.932
0.489274 -0.063821 -0.869792 -99.5044 0.0339117 0.997957 -0.0541492 -9.50301 0.87147 -0.00300231 0.490439 108.466
0.50065 -0.0644855 -0.863245 -100.435 0.0320889 0.997919 -0.0559355 -9.57808 0.865055 0.000303502 0.501677 108.999
0.512876 -0.0626267 -0.856175 -101.371 0.029975 0.998034 -0.0550473 -9.65405 0.857939 0.0025686 0.513745 109.55
0.525707 -0.0598703 -0.848556 -102.307 0.0284544 0.9982 -0.0528001 -9.73152 0.85019 0.00361219 0.526464 110.117
0.538091 -0.0571802 -0.840945 -103.227 0.0275836 0.998357 -0.0502336 -9.80842 0.842435 0.00383394 0.538784 110.693
0.549067 -0.0567745 -0.833848 -104.118 0.0279559 0.998379 -0.0495688 -9.8822 0.835311 0.00390564 0.549764 111.286
0.559977 -0.0574167 -0.826516 -104.995 0.0285465 0.998341 -0.0500124 -9.95396 0.828016 0.00441161 0.560687 111.887
0.57072 -0.0586193 -0.81905 -105.859 0.028791 0.998264 -0.0513839 -10.023 0.82064 0.00574453 0.571416 112.491
0.581857 -0.0602345 -0.811057 -106.716 0.0307071 0.99817 -0.0521013 -10.0933 0.812711 0.00541029 0.582642 113.099
0.59281 -0.0597973 -0.80312 -107.567 0.0308424 0.998194 -0.051556 -10.165 0.804752 0.0057928 0.593583 113.718
0.602821 -0.0573082 -0.795816 -108.392 0.0296038 0.998337 -0.0494676 -10.2339 0.797327 0.00626086 0.603515 114.338
0.612607 -0.0545782 -0.788501 -109.205 0.0298921 0.998499 -0.0458898 -10.3002 0.789823 0.00454238 0.613319 114.961
0.623444 -0.0537278 -0.780019 -109.998 0.029299 0.998541 -0.0453619 -10.3638 0.781319 0.00542682 0.624109 115.587
0.633317 -0.0534675 -0.772043 -110.771 0.0275876 0.998536 -0.0465227 -10.4267 0.7734 0.00816479 0.633865 116.211
0.642843 -0.05293 -0.764167 -111.535 0.0256421 0.998538 -0.0475927 -10.4913 0.765569 0.0109997 0.64326 116.845
0.652023 -0.0525216 -0.756378 -112.284 0.0255299 0.998553 -0.0473302 -10.5542 0.757769 0.0115502 0.652421 117.487
0.660844 -0.0505966 -0.748816 -113.028 0.0252816 0.99866 -0.0451668 -10.6176 0.750098 0.0109169 0.661237 118.141
0.669648 -0.0489911 -0.741061 -113.766 0.0254748 0.99875 -0.0430068 -10.6788 0.742242 0.00992103 0.670059 118.802
0.67759 -0.048521 -0.733838 -114.481 0.0259666 0.998777 -0.0420624 -10.7385 0.734981 0.00944582 0.678021 119.46
0.685473 -0.0476293 -0.726538 -115.168 0.0248158 0.998807 -0.0420651 -10.7954 0.727675 0.0108048 0.685837 120.104
0.692753 -0.0466004 -0.719668 -115.842 0.0241206 0.998849 -0.0414596 -10.8497 0.720772 0.0113625 0.693079 120.752
0.69994 -0.0438913 -0.712852 -116.511 0.0233039 0.998982 -0.0386269 -10.9025 0.713822 0.0104243 0.70025 121.407
0.707444 -0.0409646 -0.705582 -117.178 0.0222017 0.999114 -0.0357462 -10.9571 0.706421 0.00962326 0.707726 122.069
0.714769 -0.0392747 -0.698257 -117.838 0.021064 0.999178 -0.0346384 -11.0093 0.699044 0.0100504 0.715008 122.736
0.722275 -0.0383601 -0.690541 -118.47 0.0203236 0.999207 -0.0342492 -11.0578 0.691307 0.0107031 0.722482 123.393
0.730438 -0.0355163 -0.682055 -119.092 0.0178137 0.999298 -0.0329586 -11.1034 0.682747 0.0119243 0.730558 124.046
0.739315 -0.0328382 -0.672559 -119.692 0.017139 0.999404 -0.0299566 -11.1478 0.673142 0.0106203 0.739437 124.699
0.74865 -0.0288055 -0.662339 -120.275 0.0150912 0.999537 -0.0264126 -11.1903 0.662794 0.00977829 0.748738 125.353
0.758603 -0.0267089 -0.651006 -120.847 0.0133258 0.999586 -0.025482 -11.2308 0.651417 0.0106555 0.758645 126.014
0.768515 -0.0259117 -0.639307 -121.414 0.0118421 0.999585 -0.0262787 -11.2699 0.639723 0.0126249 0.768502 126.685
0.778282 -0.0268229 -0.627342 -121.974 0.0117106 0.999533 -0.0282083 -11.3084 0.627806 0.0146074 0.778233 127.37
0.798149 -0.0242076 -0.601974 -123.045 0.0107087 0.999605 -0.0259992 -11.384 0.602365 0.0143049 0.798093 128.756
0.817718 -0.0205557 -0.575252 -124.049 0.0106544 0.999731 -0.0205785 -11.4539 0.57552 0.0106984 0.817717 130.154
0.834751 -0.0182384 -0.550325 -124.993 0.01159 0.999812 -0.0155548 -11.5113 0.550505 0.00660613 0.834805 131.567
0.848642 -0.0183955 -0.528648 -125.899 0.0132381 0.999821 -0.0135398 -11.5638 0.528802 0.0044921 0.848733 133.016
0.862065 -0.0154591 -0.506561 -126.774 0.0105906 0.999866 -0.0124904 -11.6104 0.506686 0.00540276 0.862114 134.474
0.874239 -0.0149523 -0.485265 -127.613 0.01042 0.999873 -0.0120363 -11.6565 0.485383 0.00546618 0.874284 135.968
0.883657 -0.0167057 -0.467836 -128.435 0.011787 0.99984 -0.0134392 -11.7007 0.467986 0.00636124 0.883713 137.504
0.890237 -0.0140401 -0.45528 -129.253 0.0110005 0.999896 -0.00932515 -11.7412 0.455364 0.0032933 0.890299 139.08
0.896829 -0.00710122 -0.442321 -130.063 0.00685674 0.999974 -0.00215165 -11.775 0.442325 -0.00110322 0.896854 140.688
0.903354 -0.0026559 -0.428887 -130.887 0.00402176 0.999989 0.00227849 -11.795 0.428876 -0.00378316 0.903355 142.379
0.910086 -0.00113746 -0.414417 -131.696 0.00450722 0.999964 0.0071535 -11.8082 0.414394 -0.00837818 0.910059 144.122
0.917314 -0.00191698 -0.398159 -132.487 0.00564325 0.999951 0.00818704 -11.8137 0.398124 -0.009757 0.91728 145.915
0.925148 -0.00622076 -0.379555 -133.278 0.00935181 0.999936 0.00640607 -11.8162 0.37949 -0.00947609 0.925147 147.801
0.93485 -0.0054308 -0.355001 -134.036 0.00719103 0.999968 0.00363919 -11.8248 0.35497 -0.00595492 0.934859 149.723
0.94744 0.00212419 -0.319928 -134.751 0.000427062 0.999969 0.00790411 -11.8352 0.319934 -0.00762529 0.947409 151.718
0.960362 0.00712404 -0.278664 -135.405 -0.00440137 0.999936 0.0103949 -11.8375 0.27872 -0.00875636 0.960333 153.786
0.971791 0.00943016 -0.235654 -135.97 -0.0061658 0.999875 0.0145854 -11.8329 0.235762 -0.0127209 0.971727 155.946
0.981461 0.0137428 -0.191168 -136.429 -0.00964691 0.999704 0.0223402 -11.8175 0.191418 -0.0200818 0.981303 158.159
0.98909 0.0177355 -0.146241 -136.818 -0.0141709 0.999577 0.025381 -11.793 0.146629 -0.0230317 0.988923 160.457
0.992103 0.016765 -0.124304 -136.979 -0.0139677 0.99963 0.0233406 -11.7773 0.12465 -0.02142 0.99197 161.628
0.994495 0.0168631 -0.103421 -137.107 -0.0146237 0.999643 0.0223737 -11.7625 0.103762 -0.0207381 0.994386 162.831
0.996428 0.0155489 -0.0830027 -137.205 -0.013571 0.999612 0.0243405 -11.7501 0.083349 -0.0231272 0.996252 164.017
0.998961 0.0166193 -0.042433 -137.338 -0.0154858 0.999518 0.0269041 -11.717 0.0428597 -0.026219 0.998737 166.45
0.999594 0.0181604 -0.0219406 -137.367 -0.0175539 0.999467 0.0275256 -11.6949 0.0224288 -0.0271293 0.99938 167.715
0.999826 0.0186071 -0.0011026 -137.401 -0.0185691 0.999438 0.0279065 -11.6727 0.00162124 -0.0278812 0.99961 169.007
0.999595 0.0207849 0.0194233 -137.391 -0.0213147 0.999395 0.027479 -11.6528 -0.0188404 -0.0278819 0.999434 170.275
0.998978 0.0218582 0.0395694 -137.347 -0.0229081 0.999392 0.026277 -11.6361 -0.0389709 -0.0271566 0.998871 171.464
0.998022 0.0218819 0.0589427 -137.267 -0.0233205 0.999444 0.0238289 -11.6202 -0.0583885 -0.0251563 0.997977 172.741
0.996674 0.023884 0.0779138 -137.172 -0.0256108 0.999446 0.0212383 -11.6031 -0.0773634 -0.0231631 0.996734 174.023
0.994976 0.0240898 0.0971707 -137.047 -0.0261025 0.999469 0.0194958 -11.5893 -0.0966495 -0.0219343 0.995077 175.285
0.992916 0.0244117 0.11628 -136.911 -0.0264999 0.999514 0.016446 -11.5807 -0.115822 -0.0194109 0.99308 176.58
0.990536 0.0256203 0.134843 -136.751 -0.027362 0.999564 0.0110789 -11.5787 -0.1345 -0.0146636 0.990805 177.917
0.987892 0.0274489 0.152694 -136.573 -0.0284537 0.999585 0.00439878 -11.5823 -0.15251 -0.00869024 0.988264 179.294
0.984954 0.0293457 0.170305 -136.36 -0.0296502 0.99956 -0.000755728 -11.5944 -0.170253 -0.00430523 0.985391 180.657
0.978004 0.0337976 0.205828 -135.848 -0.032902 0.999428 -0.00777348 -11.6358 -0.205973 0.000830355 0.978557 183.415
0.974128 0.0331277 0.223555 -135.555 -0.0322377 0.999451 -0.00763063 -11.661 -0.223685 0.000226322 0.974661 184.789
0.965756 0.0324541 0.257416 -134.881 -0.0300146 0.99946 -0.0134019 -11.7241 -0.257712 0.00521668 0.966208 187.514
0.961227 0.0337 0.273693 -134.489 -0.0300026 0.999393 -0.0176853 -11.7605 -0.274123 0.00878806 0.961655 188.806
0.950667 0.0383054 0.307841 -133.647 -0.0342762 0.999241 -0.0184873 -11.8445 -0.308315 0.00702364 0.951258 191.58
0.944634 0.042026 0.325423 -133.179 -0.0370598 0.999083 -0.0214475 -11.8912 -0.326026 0.00819992 0.945325 193.013
0.9385 0.0427294 0.342625 -132.673 -0.0361632 0.99902 -0.0255332 -11.9461 -0.34338 0.0115725 0.939125 194.465
0.931911 0.0436749 0.360047 -132.16 -0.0360386 0.998961 -0.0278985 -12.0019 -0.360891 0.0130234 0.932517 195.853
0.924839 0.0442415 0.377776 -131.619 -0.0342173 0.998863 -0.0332091 -12.0649 -0.378816 0.0177866 0.925301 197.193
0.91687 0.0473924 0.396362 -131.034 -0.0346517 0.998629 -0.0392477 -12.1318 -0.397678 0.0222504 0.917255 198.516
0.907375 0.0508333 0.417236 -130.396 -0.0362337 0.998425 -0.042843 -12.21 -0.418757 0.0237567 0.907788 199.941
0.89604 0.0538119 0.440699 -129.737 -0.0382038 0.998291 -0.0442202 -12.2956 -0.442326 0.0227867 0.896565 201.303
0.883044 0.0586886 0.465606 -129.061 -0.0416104 0.998033 -0.0468837 -12.3809 -0.467442 0.0220263 0.883749 202.569
0.869489 0.0627255 0.489953 -128.378 -0.0435861 0.997778 -0.0503893 -12.47 -0.492025 0.0224578 0.870291 203.844
0.854969 0.0667975 0.51436 -127.65 -0.0456724 0.997516 -0.0536262 -12.5649 -0.516664 0.0223567 0.855896 205.089
0.840178 0.068159 0.53801 -126.857 -0.0450438 0.997413 -0.0560173 -12.6672 -0.540437 0.0228305 0.841075 206.348
0.82485 0.0699774 0.561004 -126.001 -0.0448115 0.997281 -0.05851 -12.7781 -0.563573 0.0231225 0.825743 207.635
0.809052 0.071967 0.583315 -125.096 -0.0428827 0.997058 -0.0635351 -12.8955 -0.586171 0.0263891 0.809757 208.941
0.793134 0.0741895 0.604511 -124.18 -0.0407008 0.996791 -0.0689321 -13.0166 -0.607685 0.0300683 0.793608 210.197
0.777194 0.0764655 0.624598 -123.238 -0.0398921 0.99658 -0.0723667 -13.1447 -0.627995 0.0313265 0.777587 211.406
0.761355 0.0778991 0.643639 -122.227 -0.0379899 0.99641 -0.0756569 -13.2834 -0.647222 0.0331499 0.761581 212.643
0.745768 0.0785924 0.661554 -121.21 -0.036218 0.996332 -0.0775355 -13.4218 -0.665221 0.0338633 0.745879 213.82
0.730558 0.0794753 0.67821 -120.162 -0.0348083 0.996247 -0.0792491 -13.5657 -0.681963 0.0342887 0.730582 214.976
0.715823 0.0801477 0.693667 -119.081 -0.0319642 0.996111 -0.0821075 -13.7092 -0.69755 0.0366019 0.715601 216.122
0.701122 0.0817412 0.708341 -117.98 -0.0297509 0.995896 -0.0854768 -13.86 -0.71242 0.0388559 0.700676 217.248
0.686208 0.084151 0.722522 -116.891 -0.0273269 0.995567 -0.0899987 -14.0108 -0.726892 0.0420135 0.685465 218.278
0.671246 0.0861921 0.736206 -115.729 -0.0258801 0.995336 -0.0929334 -14.1725 -0.740783 0.0433281 0.670346 219.373
0.655956 0.0874155 0.74972 -114.571 -0.0251594 0.995251 -0.094031 -14.3337 -0.754379 0.0428177 0.655041 220.403
0.639665 0.088835 0.763503 -113.367 -0.0257125 0.995216 -0.0942532 -14.5015 -0.768224 0.0406589 0.638889 221.427
0.622611 0.0900998 0.777327 -112.154 -0.0279912 0.995278 -0.0929425 -14.6689 -0.782031 0.0361087 0.622193 222.419
0.605323 0.0912331 0.790734 -110.929 -0.0305232 0.99534 -0.0914739 -14.8392 -0.795395 0.0312355 0.605287 223.374
0.587492 0.0931437 0.803852 -109.737 -0.0332965 0.995295 -0.0909919 -15.0043 -0.808545 0.0266916 0.587829 224.257
0.569964 0.0961613 0.816023 -108.503 -0.0339196 0.995035 -0.0935647 -15.1715 -0.820969 0.0256493 0.570396 225.121
0.551596 0.0997751 0.828122 -107.263 -0.0362384 0.994749 -0.0957131 -15.3419 -0.833324 0.0227852 0.552315 225.96
0.532454 0.100063 0.840524 -105.982 -0.0362918 0.994774 -0.0954367 -15.5182 -0.845681 0.0203115 0.533303 226.802
0.511611 0.0990017 0.853494 -104.697 -0.036648 0.99495 -0.093442 -15.6886 -0.858435 0.0165271 0.512656 227.604
0.490723 0.0971223 0.865886 -103.415 -0.0365785 0.995188 -0.0908955 -15.8572 -0.870548 0.0129317 0.491914 228.355
0.469672 0.0956203 0.877648 -102.144 -0.0370731 0.995376 -0.0886073 -16.0206 -0.882062 0.00907919 0.471045 229.056
0.448124 0.0945502 0.888957 -100.883 -0.0363222 0.995496 -0.0875717 -16.18 -0.893233 0.00695403 0.44954 229.702
0.426681 0.0941395 0.899489 -99.6151 -0.0351347 0.995542 -0.0875259 -16.3345 -0.903719 0.00574241 0.428087 230.322
0.40575 0.0934202 0.909197 -98.32 -0.0325 0.995608 -0.0877951 -16.4891 -0.913406 0.00607395 0.407004 230.911
0.384661 0.0940839 0.91825 -97.0281 -0.0301919 0.995542 -0.0893556 -16.6423 -0.922564 0.00664788 0.385787 231.479
0.364979 0.09358 0.926301 -95.6912 -0.0257017 0.995569 -0.0904509 -16.7996 -0.930661 0.00920517 0.365767 232.042
0.344325 0.0918122 0.93435 -94.428 -0.0237675 0.99574 -0.0890858 -16.949 -0.93855 0.0084673 0.34504 232.526
0.324011 0.0916358 0.941605 -93.1515 -0.0225028 0.995763 -0.0891631 -17.1002 -0.945786 0.00770107 0.3247 232.976
0.304447 0.0964839 0.94763 -91.8294 -0.0228075 0.99531 -0.0940111 -17.2576 -0.952256 0.00700838 0.30522 233.433
0.285188 0.105623 0.952634 -90.528 -0.0235699 0.994382 -0.103196 -17.4194 -0.958182 0.00697681 0.286075 233.859
0.266153 0.113355 0.957242 -89.2291 -0.0254842 0.993542 -0.110568 -17.5878 -0.963594 0.00503353 0.267323 234.252
0.246781 0.11722 0.961956 -87.9598 -0.0277723 0.993105 -0.113891 -17.7583 -0.968673 0.00139046 0.248335 234.603
0.226913 0.118435 0.966687 -86.6928 -0.0301593 0.992957 -0.114574 -17.9329 -0.973448 -0.00315626 0.228887 234.924
0.206953 0.11859 0.971137 -85.4305 -0.0337456 0.992901 -0.114056 -18.1064 -0.977769 -0.00916723 0.209486 235.223
0.18785 0.118887 0.974976 -84.2006 -0.0352764 0.992824 -0.114267 -18.2742 -0.981564 -0.0129286 0.190696 235.479
0.169037 0.117398 0.978593 -82.9807 -0.0349845 0.99297 -0.11308 -18.4385 -0.984989 -0.0151209 0.171956 235.701
0.150392 0.117459 0.981624 -81.771 -0.0349287 0.992928 -0.113461 -18.6011 -0.988009 -0.0172233 0.153431 235.892
0.131406 0.118258 0.98425 -80.5805 -0.0341763 0.992809 -0.114724 -18.7606 -0.990739 -0.0185626 0.134503 236.053
0.112248 0.121582 0.986214 -79.3619 -0.0375894 0.992295 -0.118054 -18.9242 -0.992969 -0.0238199 0.115953 236.206
0.0931886 0.12334 0.987979 -78.1146 -0.0372696 0.992034 -0.120331 -19.0905 -0.994951 -0.0256082 0.0970431 236.348
0.0760434 0.120471 0.9898 -76.8858 -0.0376888 0.992312 -0.117881 -19.2598 -0.996392 -0.0283403 0.0799992 236.469
0.060758 0.116042 0.991384 -75.6536 -0.0350235 0.992855 -0.114067 -19.4275 -0.997538 -0.0277912 0.0643881 236.567
0.0471141 0.112019 0.992589 -74.4213 -0.0341272 0.993292 -0.110478 -19.5899 -0.998306 -0.0286692 0.050621 236.647
0.0345302 0.108677 0.993477 -73.2699 -0.031535 0.993694 -0.107604 -19.7422 -0.998906 -0.0276137 0.0377396 236.695
0.023771 0.108958 0.993762 -72.1344 -0.0309963 0.993645 -0.108203 -19.8896 -0.999237 -0.0282309 0.0269972 236.728
0.00859163 0.113029 0.993555 -69.843 -0.0322311 0.993106 -0.112699 -20.1854 -0.999444 -0.031055 0.0121754 236.785
-0.00275873 0.125753 0.992058 -67.6095 -0.032084 0.99154 -0.125776 -20.4953 -0.999481 -0.0321762 0.00129926 236.814
-0.00771475 0.128437 0.991688 -66.5347 -0.0341864 0.991104 -0.128627 -20.6439 -0.999386 -0.0348946 -0.00325533 236.815
-0.0114099 0.119995 0.992709 -65.4759 -0.0331989 0.992181 -0.120313 -20.7955 -0.999384 -0.0343296 -0.00733698 236.802
-0.0140212 0.110338 0.993795 -64.4316 -0.0321269 0.99333 -0.11074 -20.9376 -0.999385 -0.0334803 -0.0103829 236.785
-0.015383 0.106643 0.994178 -63.3853 -0.031523 0.99375 -0.107085 -21.0725 -0.999385 -0.0329868 -0.0119251 236.771
-0.0154705 0.108738 0.99395 -62.3306 -0.0322308 0.993498 -0.10919 -21.2054 -0.999361 -0.0337251 -0.0118652 236.761
-0.0149631 0.111876 0.99361 -61.2701 -0.031785 0.993165 -0.112304 -21.3412 -0.999383 -0.0332623 -0.0113048 236.756
-0.0133463 0.114209 0.993367 -60.2251 -0.0341004 0.992826 -0.114605 -21.4772 -0.999329 -0.0354038 -0.009356 236.757
-0.0110965 0.114714 0.993337 -59.1914 -0.0363588 0.992695 -0.115046 -21.6139 -0.999277 -0.0373931 -0.00684453 236.761
-0.0080515 0.116369 0.993173 -58.1905 -0.0374074 0.992475 -0.116591 -21.7453 -0.999268 -0.0380908 -0.00363784 236.757
-0.00458089 0.117295 0.993087 -57.1965 -0.0396172 0.992296 -0.117384 -21.8774 -0.999204 -0.039881 0.000101295 236.76
0.000398258 0.118563 0.992946 -56.1813 -0.04132 0.9921 -0.118446 -22.0104 -0.999146 -0.0409814 0.00529415 236.772
0.00679433 0.117683 0.993028 -55.1852 -0.0418931 0.992213 -0.117299 -22.1412 -0.999099 -0.0408041 0.0116715 236.787
0.0135894 0.11635 0.993115 -54.1885 -0.0408694 0.992442 -0.115712 -22.2746 -0.999072 -0.0390156 0.0182419 236.807
0.0212553 0.115621 0.993066 -53.1706 -0.0391296 0.992626 -0.114732 -22.4094 -0.999008 -0.0364197 0.0256228 236.837
0.0285116 0.116589 0.992771 -52.1649 -0.0381332 0.992579 -0.115471 -22.5413 -0.998866 -0.0345653 0.0327459 236.874
0.035243 0.116458 0.99257 -51.1591 -0.0389845 0.992591 -0.115076 -22.672 -0.998618 -0.0346392 0.039522 236.925
0.0415414 0.115322 0.992459 -50.1462 -0.0402247 0.992704 -0.113666 -22.8041 -0.998327 -0.0351995 0.0458771 236.99
0.0478193 0.113116 0.99243 -49.1564 -0.0412731 0.992942 -0.111186 -22.9327 -0.998003 -0.0356438 0.0521505 237.059
0.054322 0.111744 0.992251 -48.1843 -0.041283 0.99312 -0.109582 -23.0574 -0.99767 -0.0350104 0.0585614 237.13
0.0614094 0.112269 0.991778 -47.2367 -0.0412898 0.993089 -0.109861 -23.1787 -0.997258 -0.0342039 0.0656206 237.2
0.0687182 0.114331 0.991063 -46.2817 -0.0407481 0.992904 -0.111718 -23.3016 -0.996804 -0.0327069 0.0728893 237.275
0.0752924 0.115835 0.990411 -45.3519 -0.0406408 0.992761 -0.11302 -23.4189 -0.996333 -0.0317415 0.079455 237.355
0.0817576 0.117678 0.989681 -44.397 -0.0425927 0.99251 -0.114496 -23.5431 -0.995742 -0.0327922 0.0861574 237.446
0.0882349 0.118313 0.989048 -43.4241 -0.0447173 0.992391 -0.114723 -23.6668 -0.995095 -0.034105 0.0928541 237.549
0.0950541 0.117926 0.988462 -42.4566 -0.0454407 0.992437 -0.114031 -23.7921 -0.994434 -0.0340774 0.0996939 237.658
0.10749 0.114101 0.987637 -40.5205 -0.0469734 0.992866 -0.109593 -24.0404 -0.993096 -0.0346125 0.112083 237.894
0.113915 0.113357 0.987002 -39.5601 -0.047062 0.99297 -0.108611 -24.1619 -0.992375 -0.0340778 0.118449 238.021
0.12097 0.114552 0.986024 -38.6303 -0.0470984 0.992863 -0.109568 -24.2779 -0.991538 -0.0331858 0.125501 238.149
0.128371 0.114797 0.98506 -37.6789 -0.0446441 0.99294 -0.109898 -24.3965 -0.990721 -0.0298694 0.13259 238.283
0.137124 0.116307 0.983702 -36.7287 -0.0433935 0.992835 -0.111338 -24.5195 -0.989603 -0.0274193 0.141188 238.427
0.146193 0.118603 0.982121 -35.8019 -0.0431344 0.992607 -0.113449 -24.639 -0.988315 -0.0257779 0.150228 238.58
0.155702 0.119803 0.980512 -34.9039 -0.0434755 0.992487 -0.114362 -24.7551 -0.986847 -0.0248218 0.159741 238.734
0.163401 0.118657 0.979398 -33.9928 -0.045342 0.992595 -0.112691 -24.8742 -0.985517 -0.025994 0.167571 238.9
0.168675 0.116984 0.978705 -33.0903 -0.0473303 0.992748 -0.110506 -24.9922 -0.984535 -0.0276829 0.172988 239.071
0.172576 0.117373 0.977978 -32.1794 -0.0495678 0.992652 -0.110387 -25.1116 -0.983748 -0.0294261 0.177126 239.246
0.175265 0.119059 0.977296 -31.2375 -0.0497783 0.992463 -0.11198 -25.2303 -0.983262 -0.0290219 0.179871 239.424
0.1779 0.120376 0.976658 -30.315 -0.0493075 0.992334 -0.113326 -25.3454 -0.982813 -0.0279958 0.182471 239.602
0.180657 0.120038 0.976194 -29.3892 -0.0485196 0.992404 -0.113052 -25.4631 -0.982349 -0.0269409 0.185109 239.784
0.183924 0.119772 0.975616 -28.4446 -0.0466782 0.992493 -0.113044 -25.5847 -0.981832 -0.0247486 0.188134 239.973
0.187502 0.120637 0.974828 -27.4901 -0.0462074 0.992414 -0.113925 -25.7066 -0.981177 -0.023683 0.191654 240.168
0.190887 0.121242 0.974096 -26.5458 -0.0463629 0.992349 -0.114428 -25.8277 -0.980516 -0.0233191 0.195048 240.368
0.194448 0.119289 0.973632 -25.5997 -0.0460731 0.992593 -0.11241 -25.9474 -0.97983 -0.0230003 0.198504 240.568
0.198282 0.115303 0.973339 -24.6537 -0.0431652 0.99312 -0.108853 -26.0669 -0.979194 -0.0204308 0.201895 240.767
0.20239 0.114259 0.972617 -23.7199 -0.04298 0.99325 -0.107739 -26.1866 -0.978361 -0.0199977 0.205935 240.974
0.21437 0.117657 0.96964 -21.8229 -0.0406004 0.992934 -0.111507 -26.423 -0.975908 -0.0154641 0.217632 241.403
0.220251 0.116735 0.968433 -20.8453 -0.0407359 0.993048 -0.110438 -26.5467 -0.974592 -0.0151261 0.223475 241.641
0.227491 0.115917 0.966856 -19.8819 -0.0401015 0.993163 -0.109636 -26.6687 -0.972954 -0.0138312 0.230584 241.881
0.235857 0.114214 0.965053 -18.9151 -0.0389638 0.993382 -0.108044 -26.7911 -0.971006 -0.0121193 0.238746 242.128
0.245582 0.114883 0.962544 -17.9525 -0.0361356 0.993347 -0.10934 -26.9148 -0.968702 -0.00793017 0.2481 242.381
0.256472 0.114635 0.95973 -17.0158 -0.0334906 0.9934 -0.109707 -27.0325 -0.965971 -0.00400525 0.258619 242.637
0.267498 0.114226 0.956764 -16.0688 -0.0321351 0.993454 -0.109621 -27.1518 -0.963022 -0.00142223 0.269418 242.911
0.27822 0.111198 0.954059 -15.1243 -0.0332682 0.993796 -0.106128 -27.2722 -0.959941 -0.00221295 0.280193 243.197
0.289489 0.110507 0.950781 -14.1962 -0.0327621 0.993875 -0.105541 -27.3905 -0.95662 -0.000596614 0.291336 243.487
0.300097 0.112038 0.947306 -13.2815 -0.0356582 0.993702 -0.106229 -27.506 -0.953242 -0.00190036 0.302202 243.788
0.310262 0.114414 0.943741 -12.3858 -0.0369535 0.993432 -0.108289 -27.6199 -0.949933 -0.0012765 0.312452 244.094
0.32073 0.115011 0.940162 -11.4989 -0.0397041 0.993361 -0.107974 -27.7336 -0.946338 -0.00269774 0.323167 244.409
0.330362 0.1145 0.936884 -10.6013 -0.0421886 0.993414 -0.106532 -27.8491 -0.942911 -0.00433158 0.333017 244.743
0.339173 0.113562 0.933844 -9.68992 -0.0437848 0.993517 -0.104916 -27.9664 -0.939704 -0.00530351 0.341947 245.092
0.347293 0.112141 0.931027 -8.80491 -0.0443685 0.993677 -0.103137 -28.0789 -0.936706 -0.00548953 0.350073 245.435
0.355054 0.111241 0.928204 -7.90881 -0.0449344 0.993778 -0.101912 -28.192 -0.933765 -0.00552417 0.357844 245.791
0.362738 0.109815 0.925398 -7.02557 -0.046209 0.99393 -0.0998345 -28.3027 -0.930745 -0.00654799 0.365611 246.153
0.370847 0.110268 0.922124 -6.15385 -0.0481096 0.993874 -0.0994996 -28.412 -0.927447 -0.00746387 0.37388 246.515
0.37911 0.111456 0.918615 -5.27571 -0.0479552 0.993752 -0.100782 -28.5231 -0.924108 -0.00584501 0.382087 246.887
0.387309 0.113328 0.914958 -4.40001 -0.0489229 0.993544 -0.102352 -28.6287 -0.920651 -0.00512059 0.390353 247.271
0.395541 0.112573 0.911523 -3.52407 -0.0500013 0.993628 -0.101015 -28.7394 -0.917086 -0.00562162 0.398649 247.663
0.404062 0.110828 0.907993 -2.64696 -0.0489298 0.993831 -0.0995315 -28.8509 -0.913422 -0.00421095 0.406993 248.064
0.412331 0.109449 0.904436 -1.77231 -0.0501807 0.993979 -0.0974079 -28.9583 -0.909651 -0.00522095 0.41534 248.479
0.420927 0.105931 0.900888 -0.895447 -0.0497539 0.994359 -0.0936745 -29.0656 -0.905729 -0.00539261 0.423823 248.897
0.42939 0.103248 0.897198 -0.0344044 -0.0501688 0.994637 -0.0904504 -29.1688 -0.901725 -0.00617288 0.432267 249.323
0.437997 0.103514 0.892997 0.815149 -0.0531048 0.994593 -0.0892435 -29.2667 -0.897407 -0.00833406 0.441126 249.756
0.446331 0.10336 0.888879 1.65775 -0.0538714 0.994609 -0.0886046 -29.3612 -0.893245 -0.00833826 0.449493 250.193
0.454641 0.102356 0.884774 2.48455 -0.0553117 0.994702 -0.0866516 -29.455 -0.888956 -0.00954302 0.457894 250.633
0.462849 0.101586 0.880597 3.30857 -0.0564367 0.994773 -0.0850934 -29.5506 -0.884639 -0.0103127 0.466163 251.086
0.47087 0.101853 0.876303 4.13163 -0.0569087 0.994751 -0.0850408 -29.6427 -0.880365 -0.00982607 0.474195 251.543
0.479032 0.101812 0.871873 4.93479 -0.0569654 0.994763 -0.0848634 -29.7319 -0.875947 -0.00901425 0.482323 251.999
0.495549 0.101199 0.862664 6.54745 -0.0575832 0.994832 -0.0836257 -29.9124 -0.866669 -0.00823429 0.498816 252.938
0.502967 0.0992428 0.858589 7.32466 -0.0579269 0.995023 -0.081079 -30.0002 -0.862362 -0.00895525 0.506213 253.414
0.509245 0.0967544 0.855166 8.11148 -0.0583388 0.995256 -0.077864 -30.0873 -0.858642 -0.0102375 0.512473 253.899
0.514311 0.0949379 0.852333 8.89359 -0.0587543 0.995419 -0.0754225 -30.1703 -0.855589 -0.0112877 0.517533 254.384
0.518126 0.0927685 0.850258 9.68066 -0.0597824 0.995597 -0.072196 -30.2504 -0.853212 -0.0134238 0.521391 254.879
0.52084 0.0900052 0.848896 10.473 -0.060165 0.995824 -0.0686691 -30.3305 -0.851531 -0.0153081 0.52408 255.382
0.522976 0.0874905 0.847845 11.2801 -0.060444 0.99602 -0.0654974 -30.4064 -0.850202 -0.0169936 0.526183 255.899
0.524761 0.0860031 0.846894 12.0901 -0.0605577 0.996134 -0.0636352 -30.4819 -0.849093 -0.0178927 0.527941 256.415
0.526563 0.0869384 0.845679 12.9046 -0.0609925 0.996057 -0.0644207 -30.5593 -0.847945 -0.0176585 0.52979 256.934
0.527948 0.0886432 0.844638 13.7009 -0.0608786 0.99593 -0.0664683 -30.6334 -0.847092 -0.0163286 0.531196 257.445
0.530106 0.0888226 0.843266 14.4956 -0.0596664 0.995941 -0.0673957 -30.7069 -0.84583 -0.0145878 0.533254 257.952
0.532565 0.0869202 0.841914 15.2942 -0.0590001 0.996106 -0.0655177 -30.7816 -0.84433 -0.0147806 0.535619 258.465
0.534144 0.083923 0.841218 16.106 -0.0563312 0.996382 -0.0636344 -30.8574 -0.843515 -0.0133969 0.536939 258.981
0.534676 0.0808608 0.84118 16.906 -0.0556116 0.996621 -0.0604548 -30.9292 -0.843226 -0.0144556 0.537366 259.502
0.535887 0.0781961 0.840661 17.7093 -0.0546327 0.996827 -0.0578961 -30.9982 -0.84252 -0.0149018 0.538459 260.024
0.536945 0.0749012 0.840286 18.502 -0.0546974 0.997046 -0.0539226 -31.0641 -0.841842 -0.0170079 0.539456 260.545
0.537447 0.0742243 0.840024 19.3082 -0.0535587 0.997112 -0.0538377 -31.1289 -0.841595 -0.0160557 0.539871 261.073
0.538066 0.0737934 0.839666 20.1181 -0.0543809 0.997124 -0.0527836 -31.1927 -0.841147 -0.0172608 0.540531 261.605
