1 0 0 0 0 1 0 0 0 0 1 0
0.995248 0.00580504 0.0971974 0.10442 -0.0061703 0.999975 0.00345779 -0.00366824 -0.0971749 -0.00404109 0.995259 0.618763
0.984532 -0.000154768 0.175205 0.23753 -0.000806344 0.999985 0.00541445 -0.00404025 -0.175203 -0.00547197 0.984517 0.998655
0.963751 0.000131376 0.266805 0.421008 -0.00271208 0.999953 0.00930415 0.000486411 -0.266791 -0.00969047 0.963706 1.42766
0.932762 -0.0132155 0.360251 0.695701 0.00452794 0.999678 0.0249487 -0.00643781 -0.360465 -0.02164 0.932522 1.88533
0.88607 -0.0198382 0.463128 1.03143 0.00513811 0.999443 0.032981 -0.00440657 -0.463524 -0.0268439 0.885678 2.34934
0.825592 -0.0273978 0.563602 1.4381 0.00431782 0.999098 0.0422431 0.00639778 -0.564251 -0.032442 0.824965 2.80167
0.751299 -0.0371956 0.658913 1.93388 0.00717822 0.998812 0.0481982 0.0142912 -0.659923 -0.0314814 0.750674 3.23667
0.668999 -0.0419649 0.742078 2.52491 0.00710688 0.99872 0.0500712 0.0412142 -0.743229 -0.0282237 0.668441 3.67527
0.583721 -0.0427555 0.810828 3.24265 -0.000590398 0.99859 0.0530814 0.07485 -0.811954 -0.0314634 0.582873 4.12962
0.505789 -0.0464391 0.861406 4.06587 -0.00369258 0.998424 0.055994 0.109522 -0.862649 -0.0315019 0.50482 4.55298
0.431765 -0.0456046 0.900832 5.00813 -0.0081762 0.998482 0.0544669 0.143269 -0.901949 -0.0308823 0.430737 4.966
0.368319 -0.0421363 0.928744 6.03782 -0.00485388 0.998872 0.0472429 0.190976 -0.929687 -0.0219084 0.367699 5.33737
0.322774 -0.0393647 0.945657 7.16654 -0.00264674 0.999093 0.0424924 0.239773 -0.946472 -0.0162184 0.322377 5.69243
0.296473 -0.0413981 0.954144 8.40408 -0.000491048 0.999053 0.0434992 0.288881 -0.955041 -0.0133649 0.296172 6.06187
0.27477 -0.0447495 0.960468 9.76016 -0.00323986 0.998868 0.0474654 0.341479 -0.961504 -0.0161539 0.274314 6.45803
0.254612 -0.0483969 0.965831 11.1655 -0.00502466 0.998667 0.0513668 0.401808 -0.96703 -0.0179316 0.25403 6.83071
0.233746 -0.0509629 0.970961 12.6452 -0.00546134 0.998541 0.0537252 0.46549 -0.972282 -0.0178608 0.233126 7.18735
0.211724 -0.0575185 0.975635 14.1861 -0.00859934 0.998118 0.0607102 0.535609 -0.977292 -0.0212436 0.210831 7.51964
0.187035 -0.0638661 0.980275 15.7722 -0.0104708 0.997698 0.0669991 0.606163 -0.982297 -0.0227955 0.185936 7.82594
0.158608 -0.0635695 0.985293 17.3566 -0.012252 0.997722 0.0663437 0.68018 -0.987266 -0.0225945 0.157468 8.07904
0.12128 -0.0612064 0.99073 18.9437 -0.0157033 0.997854 0.0635688 0.751216 -0.992494 -0.0232673 0.120058 8.27349
0.095838 -0.0599849 0.993588 19.7844 -0.0204879 0.997852 0.0622186 0.785991 -0.995186 -0.0263195 0.0944032 8.35626
0.0651891 -0.0596651 0.996088 20.638 -0.0244698 0.997815 0.06137 0.819993 -0.997573 -0.0283747 0.0635866 8.41466
0.0318439 -0.0593025 0.997732 21.4809 -0.0278162 0.997799 0.0601943 0.857566 -0.999106 -0.02967 0.0301243 8.43658
-0.00257184 -0.0587378 0.99827 22.3108 -0.029441 0.997845 0.0586369 0.890461 -0.999563 -0.0292393 -0.0042956 8.42653
-0.0365181 -0.0577203 0.997665 23.1279 -0.0303867 0.997933 0.0566236 0.920688 -0.998871 -0.0282479 -0.0381965 8.38872
-0.0692041 -0.0558954 0.996035 23.9668 -0.0325712 0.998023 0.0537439 0.949485 -0.997071 -0.0287228 -0.0708879 8.32391
-0.101366 -0.0531694 0.993427 24.8012 -0.0349173 0.998146 0.0498591 0.974269 -0.994236 -0.0296338 -0.103034 8.22935
-0.133763 -0.0487596 0.989813 25.6054 -0.0321534 0.998477 0.0448411 0.993359 -0.990492 -0.0258278 -0.135127 8.09892
-0.165529 -0.0427109 0.98528 26.4116 -0.0268952 0.998886 0.0387822 1.01154 -0.985838 -0.0200798 -0.166493 7.94184
-0.19606 -0.0362451 0.979922 27.2223 -0.0207605 0.999246 0.0328062 1.02616 -0.980372 -0.0139117 -0.196664 7.75543
-0.225109 -0.0303958 0.973859 28.0625 -0.014722 0.999505 0.0277933 1.0367 -0.974222 -0.00808064 -0.225445 7.54876
-0.25298 -0.0242114 0.967169 28.8813 -0.00613742 0.999707 0.0234206 1.04205 -0.967452 -1.09648e-05 -0.253054 7.31358
-0.278982 -0.0137534 0.960198 29.6984 -0.000104235 0.999898 0.0142918 1.03937 -0.960296 0.00388706 -0.278955 7.0615
-0.304022 0.00188165 0.952663 30.51 0.00491608 0.999988 -0.000406261 1.0262 -0.952652 0.00455986 -0.304028 6.79483
-0.328571 0.0192611 0.944283 31.2798 0.00595937 0.999814 -0.0183202 1.00672 -0.94446 -0.000392167 -0.328625 6.51183
-0.353798 0.0341287 0.934699 32.0705 0.00621159 0.999398 -0.0341399 0.977391 -0.935301 -0.00627268 -0.353797 6.21658
-0.37812 0.0445241 0.924685 32.8392 0.0100456 0.998981 -0.0439937 0.933534 -0.925702 -0.00734591 -0.378183 5.89571
-0.401723 0.0487018 0.914465 33.5981 0.012953 0.998787 -0.0475023 0.882196 -0.91567 -0.00723777 -0.401867 5.54946
-0.424307 0.048436 0.904222 34.3479 0.016604 0.998817 -0.0457117 0.830778 -0.905366 -0.0043821 -0.42461 5.18992
-0.444508 0.044136 0.894687 35.0839 0.0202334 0.999025 -0.0392305 0.77724 -0.895546 0.000664269 -0.444968 4.81171
-0.475841 0.0434232 0.878459 36.5253 0.0300815 0.999 -0.0330872 0.680916 -0.879017 0.0106811 -0.476671 4.014
-0.496907 0.0501722 0.866352 37.948 0.0348445 0.998676 -0.0378498 0.590303 -0.867104 0.0113798 -0.497998 3.19426
-0.507608 0.0496343 0.860157 38.6614 0.0287086 0.998759 -0.0406902 0.542616 -0.86111 0.00403927 -0.508403 2.78947
-0.527661 0.0495795 0.848007 40.0435 0.0302013 0.998759 -0.0396011 0.451368 -0.848918 0.00471494 -0.528503 1.93965
-0.538189 0.0555373 0.840993 41.4426 0.0344757 0.998442 -0.0438724 0.35818 -0.842119 0.00538221 -0.539265 1.03822
-0.534437 0.0579753 0.843218 42.8892 0.0365619 0.998297 -0.0454646 0.264628 -0.844417 0.00653169 -0.535646 0.119695
-0.521233 0.055216 0.851626 44.3479 0.031995 0.998468 -0.0451543 0.169377 -0.852814 0.00371191 -0.522201 -0.766978
-0.507797 0.0532573 0.859829 45.9022 0.0274684 0.998581 -0.0456292 0.0675129 -0.861039 0.00044779 -0.508539 -1.68316
-0.502618 0.0481589 0.863166 47.546 0.0183672 0.998817 -0.0450321 -0.032397 -0.864314 -0.00678004 -0.502908 -2.60772
-0.504184 0.0444385 0.862452 49.2251 0.0138167 0.998962 -0.0433952 -0.140715 -0.863486 -0.00996287 -0.504275 -3.56336
-0.504595 0.0431138 0.862279 50.9833 0.0133962 0.999023 -0.0421117 -0.251679 -0.863253 -0.00969805 -0.504679 -4.57598
-0.504796 0.041838 0.862224 52.7503 0.0130771 0.999081 -0.0408227 -0.366457 -0.86314 -0.00933169 -0.504879 -5.59509
-0.505063 0.0401873 0.862146 53.6645 0.0111679 0.999136 -0.0400305 -0.422499 -0.86301 -0.0105896 -0.505075 -6.11952
-0.505668 0.0394595 0.861825 54.5577 0.0105097 0.999161 -0.0395811 -0.482841 -0.862664 -0.0109573 -0.505658 -6.62257
-0.503549 0.0370986 0.86317 56.2978 0.0089083 0.999247 -0.0377503 -0.599404 -0.863921 -0.0113197 -0.5035 -7.62865
-0.498924 0.0334571 0.866 58.0605 0.00933073 0.999404 -0.0332353 -0.714381 -0.866596 -0.00850149 -0.498939 -8.64679
-0.494515 0.0334396 0.868526 59.8583 0.00994302 0.999412 -0.0328176 -0.822612 -0.869112 -0.00759304 -0.494557 -9.65599
-0.494361 0.0351877 0.868544 61.6146 0.00895838 0.999334 -0.0353875 -0.932119 -0.869211 -0.00971344 -0.494346 -10.643
-0.501554 0.0375846 0.86431 63.3249 0.00654449 0.999192 -0.0396522 -1.04183 -0.865102 -0.0142313 -0.501394 -11.615
-0.507174 0.0363483 0.861077 64.1887 0.00792147 0.999265 -0.0375159 -1.09657 -0.861807 -0.0122061 -0.507089 -12.1157
-0.512574 0.0339951 0.85797 65.0357 0.00913634 0.999375 -0.0341397 -1.15334 -0.858594 -0.00966046 -0.512565 -12.6245
-0.517962 0.0314049 0.854827 65.8846 0.00589616 0.999433 -0.0331448 -1.21019 -0.855383 -0.0121275 -0.517853 -13.1402
-0.522852 0.0347309 0.851716 66.7752 0.00804982 0.999326 -0.0358084 -1.26579 -0.852386 -0.0118663 -0.522779 -13.6773
-0.527973 0.0362569 0.848487 67.614 0.00852191 0.999264 -0.0373971 -1.31984 -0.849218 -0.0125139 -0.527893 -14.1935
-0.53286 0.0372019 0.845386 68.4033 0.00739827 0.9992 -0.0393074 -1.37335 -0.846171 -0.014691 -0.532708 -14.6768
-0.536449 0.0373208 0.843107 69.2321 0.00614674 0.999168 -0.0403179 -1.42697 -0.843911 -0.0164461 -0.536232 -15.1968
-0.539614 0.0367558 0.84111 70.074 0.00719878 0.999211 -0.0390464 -1.48351 -0.841882 -0.015015 -0.539453 -15.7278
-0.542029 0.0299448 0.839826 70.8949 0.00813733 0.999505 -0.0303864 -1.53217 -0.84032 -0.00963637 -0.542004 -16.2542
-0.544257 0.0210143 0.838655 71.7439 0.00724676 0.999767 -0.0203484 -1.58303 -0.838887 -0.00499725 -0.544283 -16.7961
-0.545771 0.0197035 0.837703 72.5556 0.00848812 0.999802 -0.0179861 -1.62499 -0.837891 -0.00270577 -0.545831 -17.3196
-0.546988 0.024079 0.836794 73.3793 0.0082587 0.999693 -0.023368 -1.66218 -0.8371 -0.00587117 -0.547019 -17.8489
-0.548158 0.0306569 0.835813 74.156 0.0104182 0.999501 -0.0298282 -1.70387 -0.83631 -0.00764294 -0.548204 -18.3566
-0.548281 0.0344619 0.835584 74.9396 0.0157925 0.999399 -0.0308556 -1.74533 -0.836145 -0.00372164 -0.548496 -18.8838
-0.5478 0.0357751 0.835844 75.7395 0.0193209 0.99936 -0.0301111 -1.79386 -0.836386 -0.000345574 -0.54814 -19.4181
-0.547197 0.0322818 0.836381 76.5006 0.0181317 0.999479 -0.0267143 -1.83713 -0.836807 0.000547037 -0.547497 -19.919
-0.545701 0.020803 0.837722 78.0677 0.0135564 0.99978 -0.0159966 -1.91008 -0.83787 0.00262708 -0.545863 -20.9333
-0.545505 0.0149224 0.837975 78.8615 0.00504511 0.999882 -0.0145214 -1.94725 -0.838093 -0.0036938 -0.545515 -21.4222
-0.544154 0.00977657 0.838928 79.6702 -0.00234438 0.99991 -0.0131732 -1.97629 -0.838982 -0.00913503 -0.544082 -21.9208
-0.541969 0.0105793 0.840332 80.4877 0.00101789 0.999928 -0.011932 -2.00969 -0.840398 -0.00561143 -0.541941 -22.4469
-0.539035 0.0138966 0.842169 81.2751 0.00532868 0.9999 -0.0130887 -2.0433 -0.842266 -0.00256762 -0.539055 -22.9533
-0.533803 0.0171379 0.845435 82.0699 0.00763542 0.999852 -0.0154471 -2.07229 -0.845574 -0.00179047 -0.533855 -23.4495
-0.52592 0.0193998 0.850313 82.8582 0.0128237 0.999807 -0.014879 -2.10305 -0.850437 0.00307899 -0.526067 -23.9473
-0.51777 0.022673 0.855219 83.6478 0.0201369 0.999695 -0.0143119 -2.13789 -0.855283 0.0098112 -0.518069 -24.4352
-0.507957 0.0215127 0.861114 84.4469 0.0173921 0.99974 -0.0147167 -2.16502 -0.861207 0.00750112 -0.5082 -24.9017
-0.497377 0.0191381 0.867323 85.2371 0.0153521 0.999794 -0.0132573 -2.19132 -0.867398 0.0067213 -0.497569 -25.3414
-0.485699 0.0160274 0.873979 86.0387 0.0157767 0.99983 -0.00956761 -2.21864 -0.873984 0.00914155 -0.48587 -25.781
-0.474747 0.0151851 0.879991 86.878 0.0152701 0.999843 -0.00901519 -2.24762 -0.87999 0.00915761 -0.474904 -26.2266
-0.462859 0.0143545 0.886316 87.6933 0.0157805 0.999844 -0.00795208 -2.27055 -0.886292 0.0103058 -0.463013 -26.6463
-0.450931 0.0154996 0.892424 88.5176 0.017196 0.999814 -0.00867579 -2.29673 -0.892393 0.0114339 -0.451114 -27.0596
-0.438748 0.0193474 0.898402 89.3541 0.0170153 0.999768 -0.0132206 -2.33044 -0.898449 0.0094861 -0.438975 -27.4662
-0.426764 0.0286203 0.90391 90.1901 0.0200471 0.999553 -0.0221838 -2.36052 -0.904141 0.00865355 -0.427147 -27.8653
-0.41429 0.0332946 0.909536 91.0246 0.0197897 0.999424 -0.027571 -2.39216 -0.90993 0.00657707 -0.41471 -28.2394
-0.403248 0.0297507 0.914607 91.8655 0.0183299 0.999533 -0.0244316 -2.43207 -0.914907 0.0069127 -0.403605 -28.5947
-0.391517 0.0260574 0.919802 92.7142 0.0171041 0.999632 -0.0210386 -2.47344 -0.920012 0.00749545 -0.391819 -28.9486
-0.381924 0.0268355 0.923804 93.5482 0.0141377 0.999631 -0.0231933 -2.51193 -0.924086 0.00420234 -0.382162 -29.2846
-0.375196 0.0311652 0.926422 94.3981 0.00911674 0.99951 -0.0299318 -2.5533 -0.926901 -0.00278432 -0.375296 -29.6147
-0.370434 0.036131 0.928156 95.249 0.00347185 0.99929 -0.0375144 -2.59618 -0.928852 -0.0106742 -0.370296 -29.9388
-0.366765 0.0382387 0.929527 96.0773 0.00108233 0.999172 -0.0406766 -2.64405 -0.930313 -0.0139127 -0.366503 -30.2537
-0.358037 0.0380597 0.932931 97.7676 -0.000242839 0.999165 -0.0408549 -2.74837 -0.933707 -0.0148541 -0.357729 -30.8905
-0.346834 0.0299775 0.937447 99.4789 -0.00258703 0.999455 -0.0329175 -2.84952 -0.937923 -0.0138421 -0.346567 -31.5115
-0.335378 0.0252136 0.941746 101.185 -0.0131056 0.99942 -0.0314249 -2.94192 -0.941993 -0.0228814 -0.334853 -32.0933
-0.32916 0.0252893 0.943936 102.031 -0.0202725 0.999222 -0.0338397 -2.98513 -0.944057 -0.0302746 -0.328391 -32.3664
-0.322246 0.0294403 0.946198 102.879 -0.0181749 0.99914 -0.0372774 -3.03391 -0.946481 -0.0292096 -0.321434 -32.6526
-0.315051 0.0327758 0.948509 103.704 -0.016307 0.999069 -0.0399394 -3.07936 -0.948935 -0.0280503 -0.314224 -32.9247
-0.308748 0.0309687 0.95064 104.565 -0.0177159 0.999109 -0.0383014 -3.12416 -0.950979 -0.0286669 -0.307924 -33.1953
-0.301544 0.0261341 0.953094 105.434 -0.0181985 0.999284 -0.0331584 -3.17249 -0.953279 -0.0273436 -0.300852 -33.4646
-0.294615 0.0235271 0.955326 106.286 -0.0193806 0.999344 -0.0305879 -3.21807 -0.95542 -0.0275264 -0.293966 -33.7176
-0.28808 0.0268601 0.95723 107.147 -0.0211167 0.999185 -0.0343924 -3.26071 -0.957374 -0.0301213 -0.287278 -33.9666
-0.281595 0.029684 0.959074 108.01 -0.0200272 0.999122 -0.0368037 -3.30543 -0.959324 -0.0295713 -0.280753 -34.2111
-0.274606 0.0302436 0.961081 108.864 -0.0218536 0.999051 -0.0376826 -3.3494 -0.961308 -0.0313509 -0.273684 -34.4422
-0.259937 0.0294963 0.965175 110.606 -0.0178564 0.999216 -0.0353456 -3.44725 -0.96546 -0.0264222 -0.259206 -34.9023
-0.252061 0.0305271 0.96723 111.472 -0.015295 0.999252 -0.0355237 -3.49387 -0.96759 -0.0237479 -0.251406 -35.1296
-0.245374 0.0311236 0.968929 112.331 -0.0138731 0.999269 -0.0356114 -3.5396 -0.969329 -0.0221801 -0.244763 -35.3451
-0.238514 0.0300371 0.970674 113.187 -0.0194726 0.999173 -0.0357038 -3.58458 -0.970944 -0.0274174 -0.237732 -35.5435
-0.23226 0.0284222 0.972238 114.06 -0.0230666 0.999131 -0.0347188 -3.6291 -0.97238 -0.03049 -0.231403 -35.7389
-0.223327 0.0288651 0.974316 115.829 -0.0184393 0.999257 -0.0338306 -3.72149 -0.974569 -0.025521 -0.222629 -36.1459
-0.218576 0.030059 0.975357 116.691 -0.0180146 0.999231 -0.0348318 -3.76957 -0.975654 -0.0251841 -0.217867 -36.3323
-0.212913 0.0293192 0.976631 117.571 -0.0122365 0.999391 -0.0326701 -3.81218 -0.976995 -0.0189064 -0.212424 -36.5252
-0.207531 0.0281506 0.977823 118.455 -0.00519793 0.99954 -0.029879 -3.85428 -0.978215 -0.0112835 -0.207289 -36.7182
-0.202508 0.0271048 0.978905 119.315 -0.00319803 0.999593 -0.0283392 -3.89983 -0.979275 -0.00886946 -0.202339 -36.8953
-0.198447 0.0287284 0.979691 120.189 -0.00546331 0.999522 -0.0304166 -3.94077 -0.980096 -0.0113884 -0.198195 -37.0615
-0.194771 0.0303968 0.980378 121.078 -0.00728017 0.999447 -0.0324344 -3.98334 -0.980822 -0.0134546 -0.194442 -37.2305
-0.192841 0.0295217 0.980786 121.952 -0.00992113 0.999438 -0.0320338 -4.03003 -0.98118 -0.0159079 -0.19244 -37.3985
-0.191787 0.0284021 0.981026 122.845 -0.0103542 0.999467 -0.0309602 -4.07374 -0.981382 -0.0160955 -0.191391 -37.572
-0.190775 0.0240815 0.981338 123.725 -0.00906219 0.999613 -0.0262917 -4.11282 -0.981592 -0.0139089 -0.190483 -37.7427
-0.189571 0.0188115 0.981687 124.576 -0.0101639 0.999725 -0.0211199 -4.15118 -0.981814 -0.0139815 -0.189328 -37.9025
-0.188826 0.0169933 0.981864 125.429 -0.00938005 0.999773 -0.0191072 -4.18841 -0.981966 -0.0128179 -0.188623 -38.0584
-0.187647 0.0216286 0.981998 126.292 -0.00985575 0.999666 -0.023901 -4.22318 -0.982187 -0.0141633 -0.187371 -38.2169
-0.187586 0.0253129 0.981922 127.142 -0.00988379 0.999569 -0.027656 -4.259 -0.982199 -0.014893 -0.187254 -38.3717
-0.187543 0.0244293 0.981953 127.997 -0.0128374 0.999544 -0.0273187 -4.29506 -0.982173 -0.0177291 -0.187144 -38.5259
-0.186931 0.0232803 0.982097 128.86 -0.014795 0.999539 -0.0265098 -4.33811 -0.982262 -0.0194857 -0.1865 -38.6821
-0.186689 0.0240409 0.982125 129.706 -0.0100298 0.999602 -0.0263753 -4.37872 -0.982368 -0.0147745 -0.186374 -38.8395
-0.185566 0.0266101 0.982271 130.544 -0.0118683 0.9995 -0.0293189 -4.41316 -0.98256 -0.0170985 -0.185157 -38.9886
-0.185744 0.0273524 0.982217 131.378 -0.0206176 0.999284 -0.0317266 -4.45579 -0.982382 -0.026144 -0.185047 -39.1306
-0.184922 0.028828 0.98233 132.216 -0.0263527 0.999065 -0.0342799 -4.49932 -0.9824 -0.0322261 -0.183989 -39.2765
-0.184899 0.0323585 0.982225 133.048 -0.0236412 0.999022 -0.0373622 -4.54239 -0.982473 -0.0301293 -0.183954 -39.4285
-0.184413 0.0333393 0.982283 133.875 -0.0221821 0.999029 -0.0380721 -4.58957 -0.982599 -0.0288101 -0.183494 -39.5805
-0.182985 0.0342808 0.982518 134.694 -0.0231858 0.998963 -0.0391728 -4.63645 -0.982842 -0.0299485 -0.182 -39.7216
-0.18122 0.0338165 0.982861 135.509 -0.0145039 0.999208 -0.0370531 -4.68206 -0.983336 -0.0209701 -0.180586 -39.8715
-0.177696 0.0306955 0.983607 136.316 -0.00904582 0.99942 -0.0328232 -4.72928 -0.984044 -0.0147301 -0.177316 -40.0184
-0.172105 0.0257152 0.984743 137.94 -0.00293368 0.999641 -0.026617 -4.81351 -0.985074 -0.00746983 -0.171967 -40.3004
-0.160708 0.034034 0.986415 139.546 -0.00143418 0.999396 -0.0347156 -4.89642 -0.987001 -0.00699377 -0.160562 -40.5472
-0.143304 0.0306307 0.989205 141.138 -0.000351439 0.999519 -0.031001 -4.97345 -0.989679 -0.0047902 -0.143224 -40.7701
-0.13142 0.0292715 0.990894 141.916 0.00313604 0.999571 -0.0291119 -5.01265 -0.991322 -0.000718414 -0.131456 -40.8687
-0.117545 0.0319586 0.992553 142.699 0.0080405 0.99948 -0.0312294 -5.05177 -0.993035 0.00430975 -0.117741 -40.9574
-0.0894633 0.0327483 0.995452 144.281 0.00940348 0.999443 -0.0320345 -5.12892 -0.995946 0.00649479 -0.0897214 -41.1009
-0.076198 0.0344012 0.996499 145.046 0.0102394 0.999379 -0.0337177 -5.17184 -0.99704 0.0076343 -0.0765029 -41.154
-0.0624192 0.0405411 0.997226 145.812 0.00706802 0.999168 -0.0401776 -5.2202 -0.998025 0.00454056 -0.0626538 -41.1948
-0.0498376 0.0497499 0.997517 146.573 -0.000346659 0.998758 -0.0498291 -5.26564 -0.998757 -0.00282916 -0.0497584 -41.2131
-0.0362581 0.057878 0.997665 147.329 -0.0044654 0.998302 -0.0580773 -5.31298 -0.999332 -0.00656074 -0.0359381 -41.2249
-0.0230341 0.0586167 0.998015 148.075 -0.00456161 0.998263 -0.0587366 -5.36143 -0.999724 -0.0059055 -0.0227267 -41.2351
-0.00080524 0.0522552 0.998633 149.613 -0.0124489 0.998556 -0.0522612 -5.4754 -0.999922 -0.0124739 -0.00015356 -41.2159
0.00785992 0.0587097 0.998244 150.362 -0.0160564 0.998154 -0.0585779 -5.53513 -0.99984 -0.0155678 0.00878808 -41.1935
0.0171989 0.0697303 0.997418 151.857 -0.0223251 0.997343 -0.0693401 -5.64205 -0.999603 -0.0210749 0.0187099 -41.1418
0.0153383 0.0607905 0.998033 153.375 -0.0261104 0.997834 -0.0603771 -5.76906 -0.999541 -0.025133 0.0168923 -41.1011
0.0098724 0.0582769 0.998252 154.873 -0.0220635 0.99807 -0.0580481 -5.87597 -0.999708 -0.0214519 0.0111391 -41.0794
0.00625375 0.0581531 0.998288 155.616 -0.020127 0.998113 -0.0580168 -5.93373 -0.999778 -0.0197297 0.00741239 -41.0727
0.00157277 0.0565974 0.998396 156.353 -0.0209459 0.99818 -0.0565522 -5.99126 -0.999779 -0.0208233 0.00275539 -41.0651
-0.00375678 0.0569025 0.998373 157.11 -0.0216822 0.99814 -0.0569708 -6.04136 -0.999758 -0.0218609 -0.00251602 -41.0607
-0.00970461 0.0549963 0.998439 157.863 -0.02259 0.99822 -0.0552037 -6.09391 -0.999698 -0.0230905 -0.00844497 -41.0629
-0.0214335 0.0522074 0.998406 159.332 -0.0208526 0.998395 -0.0526545 -6.2015 -0.999553 -0.021948 -0.0203104 -41.0816
-0.0269698 0.0535213 0.998202 160.043 -0.0226707 0.998276 -0.0541378 -6.25043 -0.999379 -0.02409 -0.02571 -41.0929
-0.030971 0.055717 0.997966 160.764 -0.0230466 0.99814 -0.056442 -6.30525 -0.999255 -0.0247478 -0.0296293 -41.1096
-0.033495 0.0579337 0.997758 161.478 -0.0230225 0.998009 -0.0587211 -6.35989 -0.999174 -0.0249377 -0.0320945 -41.1297
-0.0346808 0.0579529 0.997717 162.898 -0.016441 0.998149 -0.0585495 -6.46208 -0.999263 -0.018434 -0.0336638 -41.1742
-0.0307214 0.0541284 0.998061 163.607 -0.0139777 0.998412 -0.0545777 -6.51749 -0.99943 -0.0156273 -0.029916 -41.191
-0.0231775 0.0539299 0.998276 164.321 -0.0127477 0.998447 -0.0542351 -6.57308 -0.99965 -0.0139827 -0.022454 -41.2038
0.00250367 0.0549906 0.998484 165.7 -0.00732325 0.998461 -0.054971 -6.67095 -0.99997 -0.00717452 0.00290252 -41.1983
0.0177212 0.0525777 0.99846 166.354 -0.00842485 0.998589 -0.052435 -6.71426 -0.999807 -0.00748266 0.0181391 -41.1741
0.0499536 0.0411515 0.997903 167.702 -0.0147424 0.999072 -0.0404618 -6.80363 -0.998643 -0.0126902 0.0505139 -41.0847
0.0842637 0.0266262 0.996088 169.04 -0.0155899 0.999556 -0.0254001 -6.87231 -0.996322 -0.0133886 0.0846414 -40.9584
0.101486 0.0207509 0.994621 169.69 -0.0172511 0.999669 -0.019096 -6.90351 -0.994687 -0.0152204 0.101811 -40.874
0.119858 0.0184051 0.99262 170.312 -0.0181214 0.999702 -0.0163483 -6.93048 -0.992626 -0.0160282 0.120156 -40.7848
0.138078 0.0168882 0.990277 170.941 -0.0166231 0.999753 -0.014732 -6.95282 -0.990282 -0.0144273 0.138324 -40.6873
0.155348 0.0161928 0.987727 171.562 -0.0180314 0.999746 -0.0135538 -6.97309 -0.987695 -0.0157046 0.1556 -40.5739
0.185813 0.0117335 0.982515 172.808 -0.0246518 0.99967 -0.00727621 -7.01086 -0.982276 -0.0228687 0.186041 -40.3119
0.197835 0.00756219 0.980206 173.436 -0.0205979 0.999782 -0.00355593 -7.02671 -0.980019 -0.0194867 0.197948 -40.1769
0.218185 0.00994966 0.975857 174.643 -0.0223108 0.999738 -0.00520483 -7.06156 -0.975652 -0.0206365 0.21835 -39.8885
0.226865 0.0170489 0.973777 175.236 -0.0264089 0.999587 -0.0113482 -7.08008 -0.973568 -0.0231418 0.227222 -39.7272
0.244329 0.0324805 0.969148 176.427 -0.0202567 0.999392 -0.0283873 -7.11568 -0.969481 -0.0126959 0.244838 -39.429
0.250841 0.0305647 0.967546 177.039 -0.0195436 0.999458 -0.026506 -7.13507 -0.967831 -0.0122605 0.251302 -39.2699
0.256595 0.0231984 0.966241 177.643 -0.0223118 0.999588 -0.0180739 -7.15373 -0.966261 -0.0169209 0.257007 -39.0972
0.260637 0.0128246 0.965352 178.246 -0.0270802 0.999615 -0.00596833 -7.1733 -0.965057 -0.0245863 0.260884 -38.9143
0.262584 0.00464338 0.964898 178.844 -0.0274252 0.99962 0.00265292 -7.1935 -0.964519 -0.0271592 0.262611 -38.7384
0.263625 0.00378478 0.964618 179.437 -0.0237585 0.999714 0.00257059 -7.20903 -0.964333 -0.0235955 0.26364 -38.5742
0.264731 0.00588641 0.964304 180.035 -0.020261 0.999795 -0.00054079 -7.21827 -0.96411 -0.0193947 0.264795 -38.4097
0.266589 0.00531009 0.963796 180.64 -0.0169523 0.999856 -0.000819726 -7.22504 -0.963661 -0.01612 0.26664 -38.2456
0.269064 0.00286453 0.963118 181.256 -0.0185223 0.999826 0.00220081 -7.23096 -0.962944 -0.0184313 0.26907 -38.074
0.271859 -0.00092834 0.962337 181.871 -0.0185073 0.99981 0.0061928 -7.24038 -0.962159 -0.0194939 0.27179 -37.9015
0.278577 -0.00871843 0.960374 183.096 -0.0165822 0.999766 0.0138861 -7.25241 -0.960271 -0.0197935 0.278367 -37.537
0.284978 -0.0110502 0.95847 183.711 -0.014958 0.999761 0.0159736 -7.25296 -0.958417 -0.018889 0.284744 -37.3495
0.292734 -0.0141142 0.95609 184.336 -0.0130488 0.999739 0.0187539 -7.25403 -0.956105 -0.0179658 0.292473 -37.155
0.313865 -0.0140871 0.949363 185.564 -0.0117371 0.999756 0.0187153 -7.25905 -0.949395 -0.0170168 0.313623 -36.7466
0.336828 -0.00720372 0.941539 186.762 -0.0137798 0.999826 0.0125793 -7.25673 -0.941465 -0.0172112 0.33667 -36.2967
0.359635 -0.00995298 0.93304 187.986 -0.0116603 0.999817 0.0151597 -7.25392 -0.93302 -0.0163314 0.359453 -35.8155
0.382019 -0.0122271 0.924074 189.237 -0.0143338 0.999714 0.0191536 -7.25873 -0.924043 -0.0205625 0.381734 -35.2858
0.398387 -0.0121683 0.917137 190.492 -0.0221386 0.999493 0.0228776 -7.24923 -0.91695 -0.0294182 0.397916 -34.7148
0.402547 -0.0150472 0.915276 191.118 -0.0220369 0.999416 0.0261225 -7.24458 -0.915134 -0.0306854 0.40198 -34.4285
0.404746 -0.0180516 0.914251 192.413 -0.0146872 0.999548 0.0262378 -7.2272 -0.914311 -0.0240474 0.404298 -33.8544
0.402494 -0.0162994 0.915278 193.744 -0.010492 0.999694 0.0224166 -7.21232 -0.915363 -0.0186256 0.4022 -33.2682
0.401871 -0.0241319 0.915378 195.108 -0.00373857 0.999601 0.0279936 -7.19359 -0.915689 -0.014672 0.40162 -32.6804
0.400554 -0.027029 0.915874 195.805 -0.00331117 0.999516 0.0309455 -7.18499 -0.916267 -0.015428 0.400271 -32.3758
0.39896 -0.0295915 0.916491 196.492 -0.00240549 0.999442 0.033317 -7.17767 -0.916965 -0.0154967 0.398666 -32.0757
0.397711 -0.0296192 0.917033 197.151 -0.00320565 0.999428 0.0336707 -7.16297 -0.917505 -0.0163309 0.397388 -31.7875
0.394042 -0.0291658 0.918629 198.494 -0.00521424 0.999409 0.0339672 -7.14277 -0.919078 -0.0181745 0.393657 -31.2036
0.392521 -0.0200121 0.919525 199.874 -0.00449786 0.99971 0.0236772 -7.12567 -0.919732 -0.0134297 0.392317 -30.6159
0.391691 -0.017289 0.919934 200.559 -0.00664551 0.999744 0.0216185 -7.11683 -0.920073 -0.0145812 0.391476 -30.3207
0.390163 -0.0199796 0.920529 201.236 -0.00792253 0.999655 0.0250549 -7.11164 -0.920712 -0.0170684 0.38987 -30.0302
0.389038 -0.0229249 0.920937 201.922 -0.0101166 0.999524 0.0291548 -7.10894 -0.921166 -0.0206591 0.38862 -29.7365
0.386413 -0.0220657 0.922062 202.612 -0.0140552 0.999457 0.029808 -7.10399 -0.922219 -0.024478 0.385893 -29.4377
0.381953 -0.0219665 0.92392 203.295 -0.0168659 0.999385 0.0307331 -7.09605 -0.924028 -0.0273214 0.381348 -29.1493
0.375544 -0.023219 0.926514 203.985 -0.0165461 0.999359 0.0317512 -7.08361 -0.926657 -0.0272542 0.374919 -28.8709
0.366545 -0.0236048 0.930101 204.689 -0.0159669 0.999371 0.0316552 -7.07598 -0.930263 -0.0264539 0.365937 -28.5925
0.35654 -0.0225371 0.934008 205.39 -0.0134563 0.999481 0.0292536 -7.07195 -0.934183 -0.0229984 0.356052 -28.3279
0.345793 -0.019166 0.938115 206.085 -0.0146566 0.999559 0.0258239 -7.06264 -0.938196 -0.0226793 0.34536 -28.0697
0.334373 -0.0191425 0.942246 206.775 -0.0177924 0.999487 0.0266193 -7.05016 -0.942273 -0.0256656 0.333861 -27.8201
0.323573 -0.0271327 0.945814 207.481 -0.0129108 0.999369 0.033086 -7.04068 -0.946115 -0.0229169 0.323018 -27.5859
0.315183 -0.0357672 0.948357 208.191 -0.00894114 0.999133 0.0406537 -7.03208 -0.948989 -0.0212927 0.31459 -27.361
0.308049 -0.0412614 0.950475 208.903 -0.00844919 0.998901 0.046102 -7.01635 -0.951333 -0.0222324 0.307362 -27.1306
0.303884 -0.0420956 0.951779 209.609 -0.0140746 0.998716 0.0486653 -6.99416 -0.952605 -0.0281845 0.302901 -26.8961
0.301199 -0.0439973 0.952546 210.318 -0.0128349 0.998657 0.0501856 -6.97204 -0.953475 -0.0273417 0.30023 -26.6711
0.299625 -0.04509 0.952991 211.012 -0.0117786 0.998632 0.0509527 -6.9503 -0.953984 -0.0264916 0.298684 -26.4514
0.298722 -0.0432326 0.95336 211.708 -0.011725 0.998732 0.0489639 -6.92729 -0.954268 -0.0258047 0.297836 -26.2292
0.298038 -0.041178 0.953666 212.439 -0.0149766 0.998744 0.0478049 -6.90164 -0.954437 -0.0285303 0.297047 -25.9862
0.29835 -0.0417673 0.953542 213.172 -0.0157839 0.99869 0.0486834 -6.87697 -0.954326 -0.0295753 0.2973 -25.7466
0.299965 -0.0430192 0.95298 213.879 -0.0166381 0.998595 0.0503154 -6.85416 -0.953805 -0.0309486 0.298828 -25.515
0.301309 -0.0450485 0.952462 214.588 -0.0151126 0.998532 0.0520083 -6.83371 -0.953407 -0.0300648 0.300186 -25.2881
0.306106 -0.0478156 0.950796 216.041 -0.00980704 0.998526 0.0533734 -6.78137 -0.951947 -0.0256624 0.305186 -24.8249
0.31059 -0.0493388 0.949263 216.778 -0.0111189 0.998395 0.0555305 -6.75422 -0.950479 -0.027802 0.309543 -24.5778
0.315549 -0.0532494 0.947414 217.51 -0.0129112 0.998091 0.0603979 -6.72411 -0.948821 -0.0312907 0.314259 -24.324
0.320529 -0.0568247 0.945533 218.239 -0.0136834 0.997817 0.0646054 -6.68981 -0.94714 -0.033646 0.319051 -24.0705
0.32473 -0.0568261 0.944098 218.966 -0.0148463 0.997764 0.0651628 -6.6577 -0.94569 -0.0351767 0.323161 -23.8121
0.329105 -0.0522412 0.942847 219.7 -0.0199902 0.997859 0.062267 -6.62693 -0.944082 -0.0393401 0.327357 -23.5418
0.333688 -0.0464559 0.941538 220.421 -0.0244517 0.998022 0.0579087 -6.58805 -0.942366 -0.0423456 0.331892 -23.2725
0.342739 -0.0435941 0.938419 221.892 -0.0302317 0.997894 0.0573986 -6.52477 -0.938944 -0.0480427 0.340699 -22.7213
0.346581 -0.0411399 0.937117 222.622 -0.0319957 0.997938 0.0556431 -6.49687 -0.937474 -0.0492686 0.34455 -22.4406
0.350554 -0.0383585 0.935757 223.354 -0.0322827 0.998072 0.0530067 -6.46538 -0.935986 -0.0487904 0.34864 -22.1576
0.355037 -0.0379459 0.934082 224.075 -0.0326533 0.998063 0.0529563 -6.43689 -0.934282 -0.0493023 0.35311 -21.8758
0.359531 -0.039412 0.9323 224.806 -0.0325378 0.997971 0.054736 -6.41157 -0.932565 -0.0500143 0.357519 -21.5868
0.363703 -0.0400211 0.930655 225.544 -0.0284698 0.998132 0.0540489 -6.38574 -0.93108 -0.0461532 0.361884 -21.2954
0.367991 -0.0399001 0.928973 226.285 -0.0252992 0.998279 0.0528985 -6.35871 -0.929485 -0.0429684 0.366348 -21.0004
0.372091 -0.0375735 0.927435 227.024 -0.0265602 0.99834 0.0511021 -6.33034 -0.927816 -0.0436475 0.370475 -20.6956
0.376536 -0.0380485 0.92562 227.732 -0.0309725 0.998081 0.0536265 -6.30454 -0.925884 -0.0488611 0.374635 -20.3914
0.381196 -0.0381525 0.923707 228.462 -0.034163 0.997884 0.0553147 -6.27713 -0.923863 -0.0526423 0.379086 -20.0784
0.385308 -0.035769 0.922095 229.198 -0.0312083 0.998172 0.0517609 -6.25504 -0.92226 -0.0487208 0.383487 -19.7676
0.389336 -0.0292546 0.920631 229.92 -0.0302414 0.998551 0.0445198 -6.23288 -0.920599 -0.0451744 0.387887 -19.459
0.392657 -0.0228282 0.919402 230.632 -0.0360359 0.998542 0.0401834 -6.20588 -0.918979 -0.0489098 0.391262 -19.139
0.395518 -0.023938 0.918146 231.35 -0.0419653 0.998145 0.0441015 -6.18099 -0.917499 -0.0559732 0.393779 -18.8134
0.397964 -0.0342095 0.916763 232.078 -0.0411272 0.997635 0.0550804 -6.15734 -0.916479 -0.059624 0.395615 -18.4905
0.399659 -0.0465092 0.915483 232.801 -0.0373812 0.997054 0.0669722 -6.12444 -0.915901 -0.0609879 0.396743 -18.175
0.40132 -0.0544254 0.914319 233.54 -0.0384561 0.996352 0.0761879 -6.08843 -0.91513 -0.0657369 0.397763 -17.8431
0.40357 -0.0561352 0.913225 234.275 -0.040093 0.996072 0.0789456 -6.05052 -0.91407 -0.0684739 0.399734 -17.5077
0.406371 -0.0516703 0.912246 235.001 -0.0396423 0.996463 0.0740995 -6.00847 -0.912848 -0.0662754 0.402885 -17.1788
0.410587 -0.0459473 0.910663 235.697 -0.0384535 0.996969 0.0676392 -5.9674 -0.91101 -0.06279 0.407575 -16.8643
0.415062 -0.0415003 0.908846 236.41 -0.038281 0.997278 0.0630209 -5.92906 -0.908988 -0.0609491 0.412343 -16.5384
0.419248 -0.0396026 0.907008 237.134 -0.036453 0.997508 0.0604039 -5.89364 -0.90714 -0.0583873 0.41676 -16.2028
0.423146 -0.0378429 0.905271 237.856 -0.0354536 0.997671 0.0582774 -5.85922 -0.905368 -0.056755 0.420818 -15.8618
0.427061 -0.039506 0.903359 238.571 -0.0337139 0.997655 0.0595679 -5.82442 -0.903594 -0.0558949 0.424728 -15.5207
0.430285 -0.0445614 0.901592 239.3 -0.0321506 0.997391 0.0646401 -5.7876 -0.90212 -0.0568004 0.42773 -15.1712
0.435588 -0.0558509 0.898412 240.728 -0.0291351 0.996676 0.0760856 -5.70964 -0.899675 -0.0593173 0.432512 -14.4739
0.438913 -0.067796 0.895968 242.186 -0.0259729 0.995775 0.0880716 -5.61119 -0.898154 -0.0619266 0.435298 -13.7604
0.442405 -0.0567691 0.895017 243.622 -0.0352 0.996126 0.0805816 -5.51537 -0.896124 -0.0671543 0.438693 -13.0287
0.443114 -0.0432232 0.895423 244.341 -0.0368466 0.997115 0.0663662 -5.46751 -0.895708 -0.0624011 0.440243 -12.6584
0.444207 -0.0357038 0.895212 245.045 -0.0364573 0.997658 0.0578799 -5.41971 -0.895182 -0.0583477 0.441865 -12.3063
0.444316 -0.0382885 0.895052 245.756 -0.035634 0.99754 0.0603619 -5.38098 -0.895161 -0.058714 0.441859 -11.9526
0.444545 -0.043701 0.89469 246.485 -0.0363565 0.997106 0.066768 -5.34746 -0.895018 -0.0622092 0.44167 -11.5846
0.445747 -0.0452832 0.894013 247.213 -0.0348583 0.997084 0.0678841 -5.31041 -0.89448 -0.0614229 0.442869 -11.2198
0.446468 -0.0452384 0.893655 247.955 -0.0320587 0.997271 0.0665 -5.26818 -0.894225 -0.0583396 0.443799 -10.8507
0.447651 -0.0472769 0.892958 248.676 -0.0282359 0.997356 0.0669592 -5.22731 -0.893762 -0.0551878 0.445133 -10.4884
0.449234 -0.0517731 0.891913 249.403 -0.0279021 0.997019 0.0719278 -5.18816 -0.892979 -0.0571987 0.44645 -10.1204
0.450108 -0.0538014 0.891352 250.14 -0.0293848 0.99675 0.0750017 -5.14722 -0.892491 -0.0599511 0.447064 -9.73901
0.451011 -0.0523546 0.890982 250.876 -0.0313207 0.996735 0.0744231 -5.10242 -0.891969 -0.0614718 0.447898 -9.35532
0.451999 -0.0490268 0.89067 251.597 -0.0300962 0.997082 0.0701576 -5.05951 -0.89151 -0.058517 0.449205 -8.98355
0.453616 -0.0476841 0.889921 252.315 -0.0296586 0.997207 0.0685506 -5.01683 -0.890704 -0.0574895 0.450935 -8.61183
0.455256 -0.0506976 0.888916 253.047 -0.0265262 0.997162 0.0704565 -4.97196 -0.889965 -0.0556553 0.452619 -8.23409
0.458774 -0.0534879 0.886941 253.752 -0.0262324 0.996936 0.0736901 -4.93305 -0.888166 -0.0570738 0.455966 -7.86591
0.46224 -0.0557166 0.885003 254.471 -0.0252649 0.996791 0.0759504 -4.88997 -0.886395 -0.0574668 0.459349 -7.48342
0.466352 -0.0559073 0.882831 255.208 -0.0226983 0.996916 0.0751223 -4.84173 -0.884308 -0.0550723 0.463645 -7.09104
0.470456 -0.0537284 0.880786 255.937 -0.0242623 0.99698 0.0737756 -4.79745 -0.88209 -0.0560781 0.467732 -6.69541
0.479865 -0.0453931 0.876167 257.374 -0.0274707 0.997394 0.0667191 -4.71525 -0.876912 -0.0560851 0.477367 -5.89454
0.496049 -0.0461636 0.867066 258.821 -0.0184584 0.997799 0.0636841 -4.63562 -0.868098 -0.0475951 0.494106 -5.08701
0.518503 -0.0497649 0.853627 260.239 -0.00965368 0.997901 0.0640396 -4.56075 -0.855022 -0.0414453 0.516934 -4.23888
0.544725 -0.0551186 0.836801 261.627 -0.00829163 0.997435 0.0710968 -4.47982 -0.838574 -0.0456666 0.542871 -3.33354
0.55736 -0.0573502 0.828288 262.304 -0.00917418 0.997125 0.0752137 -4.43873 -0.830221 -0.0495199 0.555231 -2.86647
0.56816 -0.0549931 0.821078 262.966 -0.0132926 0.997021 0.0759752 -4.39666 -0.822811 -0.0540803 0.565737 -2.391
0.576835 -0.0488535 0.815398 263.631 -0.0193078 0.997116 0.0733997 -4.3505 -0.816632 -0.0580831 0.574228 -1.89971
0.582623 -0.0440993 0.811546 264.301 -0.0238423 0.99717 0.071303 -4.30301 -0.812393 -0.0608918 0.579922 -1.40183
0.58431 -0.0401775 0.810535 264.977 -0.029749 0.997042 0.0708682 -4.25808 -0.810985 -0.0655216 0.581386 -0.898274
0.581176 -0.0337964 0.813075 265.653 -0.0379221 0.996927 0.0685447 -4.21711 -0.812894 -0.0706701 0.578109 -0.395987
0.574177 -0.0265639 0.8183 266.312 -0.0453938 0.996903 0.0642133 -4.17924 -0.817472 -0.0740156 0.571193 0.0858385
0.564854 -0.0213379 0.824915 266.983 -0.0490086 0.997034 0.0593483 -4.14118 -0.823734 -0.0739511 0.562132 0.55496
0.554294 -0.0234617 0.83199 267.681 -0.0432453 0.997441 0.0569384 -4.10555 -0.831197 -0.0675403 0.551861 1.01062
0.544324 -0.0267468 0.838449 268.372 -0.0421321 0.997359 0.0591684 -4.07289 -0.837817 -0.0675324 0.541759 1.45596
0.525212 -0.0284751 0.850495 269.757 -0.0440176 0.997193 0.0605692 -4.01033 -0.849832 -0.0692484 0.522485 2.32906
0.507704 -0.0289123 0.861046 271.184 -0.0381656 0.997701 0.0560048 -3.94421 -0.860686 -0.0612962 0.505433 3.17148
0.500424 -0.0265663 0.865373 271.893 -0.0401188 0.997744 0.0538297 -3.91498 -0.86485 -0.0616555 0.498229 3.58988
0.493969 -0.0272282 0.869053 272.609 -0.0430145 0.99752 0.0557026 -3.88163 -0.868415 -0.0648972 0.491573 4.00363
0.488856 -0.0303703 0.871836 273.311 -0.0457904 0.997123 0.0604102 -3.84793 -0.871162 -0.0694535 0.486058 4.40235
0.483803 -0.035113 0.874472 274.036 -0.0477879 0.996644 0.0664573 -3.81203 -0.873871 -0.0739414 0.480501 4.80739
0.479731 -0.0388323 0.876556 274.764 -0.0474303 0.996412 0.0701002 -3.77349 -0.876133 -0.0752045 0.476168 5.20564
0.476804 -0.0349767 0.878313 275.477 -0.0516206 0.996369 0.0677009 -3.733 -0.877492 -0.0776192 0.473268 5.60367
0.474313 -0.0254729 0.879988 276.208 -0.0574423 0.996556 0.0598086 -3.69832 -0.87848 -0.0789166 0.471216 6.01108
0.472731 -0.0137136 0.8811 276.925 -0.0592985 0.997117 0.0473343 -3.66767 -0.879209 -0.0746243 0.470555 6.40467
0.471282 -0.00733747 0.881952 277.675 -0.0584717 0.997506 0.0395439 -3.63508 -0.880042 -0.0702056 0.469677 6.80976
0.469876 -0.00729923 0.882702 278.423 -0.0604641 0.997351 0.0404332 -3.60922 -0.880659 -0.0723704 0.46819 7.216
0.468613 -0.0102851 0.883343 279.172 -0.0620059 0.997083 0.0445036 -3.58886 -0.881225 -0.0756275 0.466609 7.62527
0.468736 -0.0134727 0.883236 279.916 -0.0600059 0.997088 0.0470546 -3.56361 -0.881298 -0.0750555 0.466562 8.02594
0.471258 -0.0190865 0.881789 281.418 -0.0563774 0.997069 0.0517117 -3.50828 -0.880192 -0.0740825 0.468801 8.83067
0.478717 -0.0200331 0.877741 282.921 -0.0548795 0.997102 0.0526884 -3.45034 -0.876253 -0.0733928 0.47623 9.66052
0.485812 -0.0181135 0.873875 284.426 -0.0588423 0.996839 0.0533743 -3.38637 -0.87208 -0.0773508 0.483211 10.5171
0.494276 -0.0146074 0.869183 285.921 -0.054852 0.997342 0.0479538 -3.32629 -0.867573 -0.0713788 0.492161 11.3714
0.500192 -0.012052 0.865831 286.67 -0.0520485 0.997677 0.0439557 -3.30164 -0.864349 -0.0670515 0.498402 11.8013
0.51458 -0.0114166 0.857366 288.196 -0.051084 0.997727 0.0439456 -3.24647 -0.855919 -0.0664112 0.512828 12.7139
0.521391 -0.0150492 0.853185 288.96 -0.0534648 0.997304 0.0502643 -3.2182 -0.851641 -0.0718227 0.519181 13.1911
0.528107 -0.0186576 0.848973 289.723 -0.056653 0.996757 0.0571467 -3.18264 -0.847286 -0.0782765 0.525337 13.6795
0.534773 -0.0220296 0.844709 290.488 -0.0601367 0.996133 0.0640504 -3.14109 -0.842853 -0.0850504 0.53138 14.1791
0.541733 -0.024232 0.840202 291.25 -0.0608184 0.995834 0.0679341 -3.09962 -0.838348 -0.0879018 0.538002 14.6825
0.54924 -0.0212706 0.835394 291.98 -0.0601864 0.996073 0.064932 -3.05879 -0.833495 -0.0859426 0.545803 15.1753
0.556191 -0.0155568 0.830909 292.742 -0.0586575 0.996596 0.0579229 -3.01517 -0.828982 -0.0809552 0.553386 15.6924
0.563816 -0.00847769 0.825857 293.48 -0.0578901 0.997082 0.0497572 -2.97917 -0.823869 -0.0758628 0.56168 16.2056
0.570823 -0.00581294 0.821053 294.199 -0.0527167 0.997652 0.0437136 -2.95081 -0.819379 -0.0682359 0.569176 16.7095
0.577674 -0.00529928 0.816251 294.955 -0.0465813 0.998135 0.0394465 -2.92352 -0.814938 -0.0608092 0.57635 17.2443
0.584438 -0.0112517 0.81136 295.717 -0.0379726 0.998429 0.0411983 -2.8978 -0.810549 -0.0548873 0.583093 17.7868
0.592081 -0.0177199 0.805684 296.456 -0.0338965 0.998326 0.0468667 -2.87284 -0.805165 -0.0550587 0.590489 18.3304
0.599311 -0.0258773 0.800098 297.193 -0.029322 0.998097 0.0542446 -2.84165 -0.799979 -0.0559698 0.597411 18.8831
0.606367 -0.0304168 0.794603 297.919 -0.027073 0.997899 0.0588584 -2.80716 -0.794724 -0.057202 0.60427 19.4438
0.61276 -0.0317713 0.78963 298.649 -0.0274838 0.99773 0.0614721 -2.7686 -0.789791 -0.0593697 0.610496 20.0233
0.619375 -0.0289665 0.784561 299.389 -0.0317529 0.997577 0.0618987 -2.72664 -0.784453 -0.0632506 0.616954 20.622
0.625523 -0.0277304 0.779713 300.1 -0.0359447 0.997283 0.0643048 -2.68357 -0.779377 -0.0682506 0.622826 21.2112
0.630444 -0.0311792 0.775608 300.805 -0.0331863 0.997197 0.0670622 -2.6408 -0.775525 -0.0680186 0.627642 21.7876
0.63449 -0.0300598 0.772346 301.526 -0.0333771 0.997246 0.0662324 -2.59782 -0.77221 -0.0678025 0.631739 22.3878
0.638731 -0.0274306 0.768941 302.236 -0.031058 0.997631 0.0613875 -2.5525 -0.768803 -0.0630919 0.636366 22.9814
0.643538 -0.0251852 0.765 302.965 -0.0296094 0.997891 0.0577606 -2.50838 -0.764841 -0.0598223 0.641435 23.5952
0.647596 -0.0255929 0.761554 303.687 -0.0290276 0.997882 0.058219 -2.46496 -0.761431 -0.0598084 0.645482 24.212
0.651636 -0.0264241 0.758071 304.399 -0.0328274 0.997474 0.0629874 -2.42298 -0.757821 -0.0659304 0.649123 24.839
0.655677 -0.0296785 0.754458 305.119 -0.0336004 0.99709 0.0684242 -2.38012 -0.754293 -0.0702142 0.652772 25.474
0.659894 -0.0281667 0.75083 305.825 -0.0337807 0.997174 0.0670975 -2.33312 -0.750599 -0.0696408 0.657078 26.1024
0.664057 -0.0234611 0.747314 306.534 -0.0359861 0.997346 0.0632876 -2.28845 -0.746815 -0.0689195 0.661451 26.7421
0.66846 -0.0199078 0.743482 307.224 -0.0343509 0.997749 0.0576009 -2.24692 -0.742955 -0.0640432 0.666271 27.3696
0.672681 -0.0232016 0.739569 307.929 -0.0283861 0.997963 0.0571268 -2.20715 -0.739388 -0.0594215 0.670652 28.0023
0.676829 -0.0270538 0.735643 308.638 -0.023274 0.998038 0.0581169 -2.1693 -0.735772 -0.0564566 0.674872 28.6489
0.680945 -0.0311582 0.731672 309.33 -0.0174049 0.998124 0.0587032 -2.13202 -0.732128 -0.0527083 0.679125 29.2875
0.686059 -0.0333168 0.726783 310.02 -0.0131054 0.998223 0.0581311 -2.0909 -0.727428 -0.0494061 0.684403 29.9331
0.690352 -0.0390748 0.722418 310.712 -0.00540284 0.998234 0.0591564 -2.05163 -0.723454 -0.0447418 0.688921 30.5825
0.69439 -0.0392312 0.718529 311.409 -0.00756717 0.998059 0.0618064 -2.01264 -0.719559 -0.048355 0.692746 31.2591
0.697766 -0.0398228 0.715218 312.092 -0.00677842 0.998042 0.0621831 -1.9722 -0.716294 -0.0482373 0.696129 31.9315
0.701636 -0.0379606 0.711524 312.764 -0.00698769 0.998165 0.0601439 -1.93261 -0.712501 -0.047171 0.700084 32.604
