0 1 0 0 0 0 1 0 0 0 0 1 0
6 0.998444536025539 0.00183738109843089 -0.0557237158797321 -0.0756851104717353 -0.00206876499257694 0.999989475778478 -0.00409494123160511 -0.00520665342001302 0.055715605463384 0.00420385097071011 0.998437829283759 0.632170055900758
10 0.991187611506439 -0.00107493629026819 -0.132461176607082 -0.209438804875741 0.000516041168565877 0.999990820382241 -0.00425356941472316 -0.014801233381697 0.13246453298024 0.00414772988819036 0.991179067494417 1.25005359238434
13 0.977903024538638 0.0095129096730864 -0.20884247448193 -0.402405660233504 -0.0115093556016204 0.999898930958478 -0.00834641250643909 -0.0329713834419832 0.208741968304937 0.0105656243376288 0.97791367627748 1.78078806462474
15 0.963164793674065 0.0121190247937922 -0.268638622436988 -0.564202646745792 -0.0147862749082011 0.999859407740866 -0.00790764354424103 -0.041067014784098 0.268505020997996 0.0115885283850507 0.963208575392025 2.1548721112909
17 0.942202393746303 0.0161089326893865 -0.334656766712323 -0.762744351361613 -0.0190994013519269 0.999801643173268 -0.00564687311975116 -0.0465367768784827 0.334499420159042 0.011712241273188 0.942323172440126 2.53490942823176
20 0.89994213618441 0.0219684721843345 -0.435455551979449 -1.11946595352919 -0.0262275897931902 0.999648880992151 -0.00377203721897296 -0.0536219986036429 0.435219789363352 0.0148155648230938 0.900202329471265 3.09112056697086
22 0.860372619285579 0.012501878927695 -0.509512177486416 -1.39453439656236 -0.0174728154581085 0.999834976140412 -0.00497204246442506 -0.0577313853391985 0.509365935947467 0.0131804214491957 0.860449080298644 3.46753888710867
24 0.806502175642109 0.0202523488282206 -0.590884153664222 -1.74849406598989 -0.0233733394831954 0.999724014127671 0.00236274794676115 -0.071465349793829 0.590768929181239 0.0119053745592776 0.806752957460124 3.82090116115943
26 0.737997969907514 0.0228902926991676 -0.674414583852199 -2.16015750489675 -0.0261438722714591 0.999644033356012 0.00532019909199307 -0.0798471720838586 0.674296295670562 0.0137055126088465 0.738333708135479 4.15241917320345
28 0.654955736558456 0.0152679557632236 -0.75551298643768 -2.62619928665839 -0.0147805857589142 0.999863432198114 0.00739264753860231 -0.0810043351007265 0.755522678305419 0.00632506757425321 0.655091960022704 4.48438597838389
30 0.561606039125643 0.0149541049903969 -0.827269624464444 -3.17921858592306 -0.00944120458316033 0.99988738820019 0.0116651006948831 -0.0751437345617612 0.82735090528362 0.00125923077274795 0.561683980423366 4.781264813669
32 0.458604958574214 0.0170264621637933 -0.888477119321217 -3.81771640103247 -0.00675270535552189 0.999854332141685 0.0156753139645536 -0.0660491741400524 0.888614591902206 -0.00118915250945285 0.458653129254325 5.02044644941847
34 0.349392778451206 0.0212761527383249 -0.936734760586369 -4.5588389676754 -0.00509686778533629 0.999770522982357 0.0208068093268259 -0.0575573243404134 0.936962490340422 -0.00249533569676682 0.349421042575909 5.20993867642699
36 0.241317440674165 0.0264509974493929 -0.970085685679571 -5.37738049010736 0.00227057878396657 0.999610346111402 0.0278208630173417 -0.0577082303750286 0.970443577596584 -0.00891631543722511 0.241163351321396 5.34616608877053
37 0.190298917295895 0.0269535351406131 -0.981356117329195 -5.82226481972869 0.00537322927802465 0.999579464886031 0.0284959959517436 -0.057885184763187 0.981711490450802 -0.0106958085986869 0.190074062394858 5.39301353142119
38 0.142772998607331 0.0278869080018652 -0.989362517599473 -6.27157374540007 0.00366365735907464 0.999581251767355 0.0287036361801479 -0.0538800886683931 0.989748679455258 -0.0077227894767695 0.142611044590772 5.41250153487497
40 0.0625309534851842 0.0268176556451292 -0.997682661572272 -7.24257235244177 0.000584485643921397 0.999637774503043 0.0269068423107542 -0.0331788990913962 0.998042853905966 -0.00226564169784525 0.0624926286447547 5.4172624068198
42 -0.00340856397828215 0.0217483690833919 -0.999757665703954 -8.25027883683553 0.00159448932328351 0.999762320789993 0.0217430341122036 -0.0188051023170934 0.999992919622636 -0.00151999040098239 -0.00344243137579081 5.37492703605379
44 -0.0512483770697392 0.0175766121928382 -0.998531254669347 -9.31511848237233 0.000781760986510852 0.999845512303704 0.0175596234556552 -0.0050215097005878 0.998685632567866 0.000119289425345825 -0.0512542005357142 5.28164438246523
46 -0.0810740895933553 0.0174805692509511 -0.99655477606365 -10.4622747973042 0.00157662007419076 0.999847190424493 0.017410056559025 0.0137038360783916 0.996706830650694 -0.000159683779680858 -0.0810892609125291 5.16633664795332
48 -0.0979868578508654 0.0201440124794569 -0.994983816174787 -11.7088027843856 -0.00139117130739218 0.999791372026421 0.0203783479193146 0.0131429342573022 0.995186736412271 0.0033810032171873 -0.0979383912790974 5.02079175256953
51 -0.102677603688601 0.0240301927952632 -0.994424386031934 -13.6337505549111 0.00246055869814789 0.999711233195443 0.0239038882556652 0.0442999209223422 0.994711644322946 7.55439223055244e-06 -0.102707081504985 4.80962345588004
53 -0.099818772592783 0.0266584767760548 -0.994648449581082 -14.9462216154339 -0.000766032714727984 0.99963866704936 0.0268690999785781 0.0576114321969874 0.995005339599718 0.00344397383256701 -0.0997622835158174 4.65590304064644
55 -0.0967474645631103 0.0238848013078156 -0.995022333602164 -16.2649093395812 -0.00344822554886495 0.999697978538699 0.0243323128001229 0.0834743781005385 0.995302987959533 0.00578515100278661 -0.0966358845703865 4.51158598344122
57 -0.0926140073191 0.0301708942527588 -0.995244875791022 -17.6414474332951 -0.00502476314870429 0.999513925982598 0.0307678975907045 0.110979471611471 0.995689408100537 0.00785040806847033 -0.0924173884588899 4.36802422590612
58 -0.0905559224653134 0.0322084909818446 -0.995370402420691 -18.3189822021599 -0.00565523549798765 0.999444135490659 0.0328548070271689 0.125913332098596 0.995875315096182 0.00860425139118087 -0.0903234390403671 4.29273939821256
60 -0.0867834326366577 0.0284724510874935 -0.995820242488005 -19.7566860377024 -0.00929870063330958 0.999524805392088 0.0293887320659024 0.159443733771811 0.996183803314595 0.0118102893690037 -0.0864774368184535 4.15446669978567
62 -0.0838233946895406 0.0302488475123175 -0.996021408267362 -21.2726619736611 -0.00769359941449905 0.999489722649163 0.0310016587741447 0.193330719622407 0.996450925550662 0.0102616540029299 -0.0835478989942502 4.01296879023075
63 -0.0826881942948539 0.0324467755670297 -0.996047122017608 -22.0926393547323 -0.00569157276240619 0.999438163500028 0.0330297341675862 0.205696773327993 0.996559214760341 0.00840024374610522 -0.082457063865137 3.9450196738195
65 -0.0807758105237624 0.0296806732336349 -0.996290282031611 -23.7017297666886 -0.00450969306902735 0.999535423785962 0.0301429803675884 0.231838306953462 0.99672209321488 0.00692778705041107 -0.0806044332771576 3.80718054511265
66 -0.0806458370449599 0.0226513801305846 -0.996485405786506 -24.5331977969247 -0.00284716496069565 0.999732430991472 0.0229556109822471 0.241776310591097 0.996738753444956 0.00468843279374171 -0.0805597665024806 3.73843225928276
67 -0.0807265305358902 0.0181955708022169 -0.99657019244548 -25.3635768678188 0.000138906307815201 0.999833556522235 0.0182439019164502 0.25394972683318 0.996736278045841 0.00133433701924081 -0.0807156216109586 3.67247069297632
68 -0.0812480812010357 0.0189196844344248 -0.996514322447024 -26.1776683511115 0.00127260680817253 0.999820971449867 0.0188787054894179 0.264350164138327 0.99669309708308 0.000265687685387135 -0.0812576127940767 3.60370473075001
69 -0.0812818844100995 0.0263957558982865 -0.996341567604855 -27.0051545169862 0.000652638131074396 0.999650448874526 0.0264301745818726 0.27035961446292 0.996690939725155 0.00149804389670916 -0.0812706991127212 3.52989478227975
70 -0.0814950386461273 0.0335354691693416 -0.996109397096352 -27.8486130593369 -0.000930386326095155 0.999430771121639 0.0337234060629916 0.283510208568494 0.996673313105829 0.00367505684273588 -0.0814174483747325 3.4550954542052
71 -0.0818257810912892 0.0389484497519146 -0.995885314587339 -28.6935199545562 -0.00288531188555173 0.99922265987421 0.0393160395924068 0.296118618319291 0.996642471764135 0.00609050538389001 -0.0816497962033298 3.37603381358612
72 -0.0823036540554007 0.039247687492179 -0.995834186777922 -29.5559402199388 -0.00424242982253451 0.999201404884186 0.0397310239821405 0.310987998809817 0.996598269273196 0.00749476510537898 -0.0820714211993763 3.29714807484515
73 -0.0826505969103011 0.0358289357266106 -0.99593431821334 -30.4039230467785 -0.00430487075529306 0.999331360635788 0.0363083976182519 0.32647604638355 0.996569288568613 0.00728827925667441 -0.0824410945301284 3.21986411274439
74 -0.0830000807471634 0.0331031299867198 -0.995999583022527 -31.278064648331 -0.00446083661245959 0.999425783865385 0.0335887404017644 0.343198026722569 0.996539556431495 0.00723085957148332 -0.0828047531073921 3.1446312062918
75 -0.0830328255752233 0.0342542048742028 -0.995957930499793 -32.1432805549615 -0.00597602418413621 0.999373992164174 0.0348699142641784 0.360026314311212 0.996528894218299 0.00884721618796952 -0.0827761424190459 3.06357558685691
76 -0.0827637757510604 0.0367483437164159 -0.995891418106175 -32.9691023751495 -0.0068316993507798 0.999275488530036 0.0374409656264178 0.372042789768838 0.996545776824833 0.00990238643753112 -0.0824527588103214 2.98434476377822
77 -0.0825599633091065 0.0350941673078293 -0.995967997417271 -33.8147558957529 -0.00757488288489908 0.999328814478077 0.0358405036672289 0.385050684844478 0.996557310749201 0.0105033316052896 -0.0822387160497431 2.90428087849645
78 -0.0822159175474944 0.0299390658067395 -0.996164743022179 -34.6621096394919 -0.00843605522053376 0.999491957751292 0.03073531133412 0.396866910981402 0.996578835754674 0.0109306326033265 -0.0819215807754672 2.82350157492865
79 -0.0818611192505088 0.025699800823813 -0.996312339275526 -35.499889687828 -0.0096469198021262 0.999600213661156 0.0265772418979665 0.410167926794358 0.996597057036286 0.0117869880032188 -0.0815804683758721 2.7440127346809
80 -0.0811678223597863 0.0265035151989054 -0.996348005616246 -36.3583224031938 -0.00932120780549751 0.999582488948615 0.0273489098930759 0.41912998112662 0.9966568615619 0.011507018266877 -0.080886889124189 2.66622931446398
81 -0.0806702409500675 0.0289467727428211 -0.996320428663808 -37.1958484870448 -0.00825944406917132 0.999524476852136 0.0297086141907137 0.427857866686855 0.996706623740771 0.010625653920579 -0.0803927961326996 2.59653103972013
82 -0.0800343421700915 0.0339443780296431 -0.996213974642788 -38.0358445357171 -0.00823182359575457 0.999363418951602 0.034713022652223 0.440595052853782 0.996758115669839 0.0109788916355911 -0.0797039696926374 2.52206036490027
83 -0.0796260899159742 0.0396191477993081 -0.996037152385568 -38.8582398731909 -0.00762489268382634 0.999156401352958 0.0403527774380759 0.456903611106335 0.996795639444843 0.0108078102806874 -0.0792568257040576 2.45681292326591
85 -0.0795173221216237 0.0428002628801455 -0.995914219689626 -40.515150241539 -0.00772737437434401 0.999021329962741 0.0435507745597547 0.492065362838651 0.996803532882927 0.0111588429895887 -0.079108767246425 2.31391763406485
87 -0.0791144057823234 0.0340716581779026 -0.996283108813312 -42.1322058864681 -0.00852746136833675 0.999356036318151 0.0348539104991994 0.526373164362119 0.996829069199089 0.0112532121406664 -0.0787729142294213 2.17810622087981
88 -0.0790217432665241 0.0314238318274166 -0.996377492160678 -42.9722961309067 -0.0123686497713944 0.99939520197479 0.0324999503476836 0.539691816352837 0.99679615799518 0.0148920469731851 -0.0785852807018994 2.10181461482932
90 -0.0800766905856038 0.0278875534187245 -0.996398518660669 -44.6324338885951 -0.013697137911441 0.999483392259553 0.0290746798842592 0.560548227718009 0.996694593161763 0.015976012069818 -0.079653342682229 1.9517014778016
92 -0.0820494437305175 0.0226883531825266 -0.996369975166543 -46.254836782313 -0.00593985917490831 0.999711952800901 0.0232535911203128 0.578100055748962 0.99661055927403 0.00782624155475472 -0.0818910439952485 1.82390893817081
94 -0.0858113421789135 0.0324967944424972 -0.995781287183293 -47.8972310042232 -0.00302302937528163 0.999454827304575 0.0328771876987395 0.59111705077669 0.996306817625399 0.00583151168600775 -0.0856663214139977 1.68436362339799
96 -0.0888460465706995 0.035249110905833 -0.995421458573757 -49.5254501054784 -0.00103414888994154 0.999369807873091 0.035481229513277 0.613791196250255 0.996044833601797 0.00418178096613032 -0.088753603662729 1.53137759256172
97 -0.0899104936024411 0.0314312365558225 -0.995453756087513 -50.3029003632055 -0.00457558294766588 0.999478304891519 0.0319715825674211 0.621465200068743 0.995939339106983 0.007429362001432 -0.0897197715077187 1.44467771323968
98 -0.0913309448157329 0.027842810425233 -0.995431281619525 -51.1012779619735 -0.00911153335599983 0.999543843744823 0.0287938255834065 0.631493752081117 0.995778910440951 0.0116996726214739 -0.0910355929380497 1.35941095860194
99 -0.0927895781776404 0.0263144632217914 -0.99533795426828 -51.902191082529 -0.0131384022885288 0.999531316153768 0.0276501430958393 0.642533679984188 0.995599054121146 0.0156427955706322 -0.0924003591974354 1.27618477856283
100 -0.0937473350357152 0.0275127066662187 -0.995215799786961 -52.6987580663432 -0.014529542257015 0.999473834638952 0.0289990736733121 0.650370691594188 0.995489994713911 0.017178615893231 -0.0932982614012172 1.19120540548484
101 -0.0946994499528504 0.0289969121670194 -0.995083510698175 -53.5133702501291 -0.0143366039183577 0.999432310277236 0.0304880134150396 0.659129964848183 0.995402670263003 0.017153316259128 -0.0942299728037668 1.11002606899048
102 -0.0955751537566984 0.0285300045383118 -0.995013280728166 -54.2741102716834 -0.0165549008996308 0.999405377376269 0.0302461059907091 0.667309019639394 0.995284544861713 0.0193631224868748 -0.0950460112102103 1.0270637538413
103 -0.095918192411601 0.0283628319176834 -0.994985050204324 -55.0814874618544 -0.0171236235268707 0.999399018423594 0.030139400977253 0.676007175038332 0.995241921284369 0.0199286662766699 -0.0953748728892052 0.936367227659394
104 -0.0963517992542786 0.0301173370841681 -0.994891590469747 -55.8548957498317 -0.0155838967633124 0.999373954107007 0.0317622734418697 0.686077960093653 0.995225337771368 0.0185646400310987 -0.0958221331341673 0.859428905452662
105 -0.0964802867166994 0.0329596853431722 -0.994789029602329 -56.6268552622218 -0.0147103031398423 0.999295198730611 0.0345356739543651 0.698667740836876 0.995226185978141 0.0179656599107114 -0.0959274403253585 0.779503403737372
106 -0.0967733786769978 0.0371913093409787 -0.994611341021679 -57.4053827177084 -0.0152224723180614 0.999129433416307 0.038841364776934 0.710060953816507 0.995190026837068 0.0188992537078221 -0.096122987330415 0.698487467470982
107 -0.0971232466255356 0.0394007593891949 -0.994492159408243 -58.1602944610011 -0.0153638925277784 0.99903767562162 0.0410813034718361 0.722695541353921 0.995153769912625 0.0192692202256601 -0.0964244335248321 0.615145926752582
109 -0.0979938234849891 0.0372729229569661 -0.994488783130829 -59.6835443749056 -0.0143387033649187 0.999141774720942 0.0388602057804422 0.751362751789003 0.995083721173553 0.0180677398068909 -0.0973752773226593 0.458199329936516
111 -0.0979625708269634 0.0307592785396056 -0.994714633199238 -61.1606442248719 -0.0141607866525148 0.999377959630732 0.0322980792880342 0.77295403675415 0.995089346158602 0.0172499445806979 -0.0974660585722471 0.302299138533505
113 -0.0942486311654445 0.0277949562529069 -0.995160608108229 -62.5802499901547 -0.0170945028012847 0.999417625572768 0.0295328235776167 0.787949890852389 0.995401915558443 0.0197952039996752 -0.0937186022153251 0.153843920054976
115 -0.0841048233390185 0.0303604137300939 -0.995994289124817 -63.9208219973693 -0.0168872136138135 0.999348755164526 0.0318886745957507 0.797975389748828 0.996313806341894 0.0195015596619801 -0.0835373477151167 0.0283842526215604
117 -0.0684947030881131 0.0333400591131588 -0.997094236322326 -65.2343108884445 -0.0167815845605114 0.999261535630012 0.0345653269909078 0.809648703252888 0.997510327800424 0.0191003630510274 -0.0678846231690897 -0.0726818427281403
119 -0.0417769744667245 0.0365969768668081 -0.998456481619814 -66.4735567129825 -0.0221199520136733 0.999050116656863 0.0375442689477451 0.824503204416392 0.998882071181238 0.0236542954263731 -0.0409277678424125 -0.134748299022545
121 -0.00127916359531532 0.0386945574476589 -0.999250266432002 -67.6480247299016 -0.0247631607252596 0.998943433327178 0.0387143756685476 0.841877928685085 0.999692527536038 0.0247941169723847 -0.000319612528422164 -0.13889120115257
123 0.0533669308111064 0.0386792671813086 -0.997825578438497 -68.7192815237123 -0.022837941164046 0.999035447058449 0.037504719224542 0.856185003154737 0.998313777897105 0.0207867700964124 0.0541988104091662 -0.0651920963160749
125 0.124893723119391 0.0390344112091285 -0.991401973301916 -69.6861434893165 -0.0211216640131099 0.999103941664285 0.0366768191124402 0.868827826414179 0.991945277338773 0.0163593548908882 0.12560628277622 0.0808589742561967
127 0.210599960111118 0.0398908950265481 -0.976758093539632 -70.5613600523638 -0.0200759331616729 0.999132850028456 0.0364760867103821 0.875035567660396 0.977366161532557 0.0119274677948085 0.211218185304013 0.307693607552175
129 0.308773813238501 0.0338160563631472 -0.950534169080838 -71.3901846894665 -0.00891560416569995 0.999426777233032 0.03265928584577 0.87649256429563 0.951093709505281 -0.00160974583074734 0.308898307631888 0.630197196864515
131 0.412174395249991 0.0235429855507603 -0.910800744252913 -72.1631380231106 0.00151109718399385 0.999647051238433 0.026523377153099 0.886239635316461 0.911103717743268 -0.0123085653778861 0.41199334306847 1.0459578685309
133 0.511824579181505 0.0216980791984401 -0.858815925274313 -72.8834975456127 0.00252446493832083 0.999638686738012 0.0267604755839149 0.901663476843522 0.859086274609512 -0.0158647198462607 0.51158487413307 1.53074685705665
135 0.600622314239655 0.0109033908767385 -0.799458536576344 -73.5451989424826 0.0205366613364795 0.999366716870911 0.0290587465628999 0.906820327726026 0.799269091844888 -0.0338715408277385 0.600018031015238 2.11639108410513
137 0.684617087764668 0.00120955056300508 -0.728901900208842 -74.1689113881119 0.0189056726596758 0.999632732634222 0.019415854025076 0.910459564991883 0.728657682785209 -0.0270728061654755 0.684342782883268 2.73982878726904
138 0.724840891265724 -0.00583927114404249 -0.6888915627743 -74.439705473234 0.0153377640495131 0.999853004355533 0.00766307217611341 0.915387489484289 0.688745551958829 -0.0161205643115002 0.724823904174805 3.07924554484866
139 0.763756926420641 -0.00820444811418644 -0.64545181413924 -74.6708080786218 0.0104004298490449 0.999945832554017 -0.000403753401133281 0.915740486838896 0.645420164236794 -0.0064046068572125 0.763800885445647 3.44798889694127
140 0.800664085826647 -0.00886888829072003 -0.599047881632066 -74.9147990104317 0.008810546599761 0.999956600293315 -0.00302849772157805 0.912162491721265 0.599048742537694 -0.00285312991693206 0.800707476993742 3.8554408800479
142 0.864936810266155 -0.00878318303747869 -0.501803915830017 -75.3746377729964 0.00599126863336021 0.999956306973565 -0.00717557272642633 0.905581840832759 0.501845014866913 0.0031999749248183 0.864951640968273 4.75235205446175
144 0.912123624058734 -0.00052094353746685 -0.409914897328448 -75.7758789265197 -0.00155933479404651 0.999987547508946 -0.00474060144325921 0.883432870547726 0.409912262452542 0.00496320913064591 0.912111453522081 5.74258519915345
146 0.943368605504929 0.00888779631911853 -0.331627322795147 -76.1548974105294 -0.0112876678397934 0.999922187024221 -0.00531116290824405 0.870366096471627 0.331554313352164 0.00875368341267123 0.943395521679155 6.83616881079582
148 0.960819072982439 0.0085042764702194 -0.277045819811244 -76.4681215322647 -0.00940962455111763 0.999953849460906 -0.00193853401364386 0.851825031310892 0.277016548168107 0.00446947760181461 0.960854752712913 8.00567427017071
150 0.97130532154768 0.011004419853628 -0.237581302035416 -76.7577958964956 -0.0106885220613644 0.99993944953332 0.00261777828414508 0.841113228217274 0.237595723508026 -3.26898984884004e-06 0.971364129541549 9.24913052776103
152 0.977783197511404 0.0196461619648306 -0.208696063653405 -77.0541443236192 -0.0189326780162103 0.999806091521279 0.00541600037643525 0.830044975086914 0.208761999337784 -0.0013444987893934 0.977965551517791 10.5865908608703
154 0.983185767190353 0.0180005972551516 -0.181718809408315 -77.3024713483795 -0.0174551189224247 0.999837062763456 0.00460073341421227 0.820392469302577 0.181772016596949 -0.00135145218282702 0.983339772184201 11.9391571818537
156 0.988071425561051 0.0199329876035929 -0.152700798933561 -77.5177165790871 -0.0192988434436035 0.999797885666622 0.00563404457670649 0.814373614494534 0.152782239254084 -0.00261988964424891 0.988256405770668 13.361102627318
158 0.991462281210009 0.0205943138017707 -0.128757210193757 -77.7151581657048 -0.0210826701042886 0.999774780497487 -0.00243090569035626 0.795454219221553 0.128678148724323 0.00512469708723054 0.991673167692181 14.8413002478278
160 0.993650516038437 0.01848016464033 -0.110982590938466 -77.8955084119415 -0.0195965051816959 0.999767675072589 -0.00897623889023291 0.779831015382648 0.11079092454354 0.0110941153237679 0.993781812896559 16.3862072588201
161 0.99432775828184 0.0202880639415418 -0.104406434532141 -77.9778207336195 -0.0206859722373104 0.99978229618293 -0.00272961385283922 0.766629481106941 0.104328326272434 0.00487387942939711 0.994530967660887 17.1350921887631
162 0.9946949706377 0.0249080735163314 -0.0998073307015608 -78.0608510677477 -0.0244719047422984 0.99968487686558 0.00559221284769615 0.752418967779266 0.0999151703514014 -0.00312007050482722 0.994991067243166 17.8650673982717
163 0.99512679391411 0.0255702885304516 -0.0952303752943009 -78.1391433749173 -0.0248014962739736 0.999649618251983 0.00924805445683971 0.741509284111633 0.0954334837297477 -0.00684113098354729 0.995412301064272 18.6360305937845
165 0.995758311140746 0.0242618902432197 -0.0887510364782004 -78.2858006246777 -0.0237056751525153 0.999692211429119 0.00731596702574328 0.725409687112051 0.0889012191125202 -0.00518103172971425 0.996026972601909 20.2009285819089
166 0.996045870720269 0.0228590953113028 -0.0858492002446773 -78.3471966967722 -0.0221274663045037 0.999710359145132 0.00946430414001336 0.719722275929548 0.0860406802393204 -0.00752725577221836 0.996263189004038 20.9559942681731
167 0.996285295805409 0.0209115652969004 -0.0835363142517149 -78.4024413961661 -0.0199821449844688 0.999728958833617 0.0119466627671192 0.712214367181604 0.0837634958901995 -0.0102330497059809 0.996433119406399 21.7033953520455
168 0.996582908053364 0.0189368331356343 -0.0803984062447341 -78.462276146601 -0.0178918614646112 0.999746090095919 0.0136980520970363 0.703886202793257 0.0806373900199611 -0.0122127674470246 0.996668680977813 22.467419959469
169 0.996812171113904 0.0180414535869474 -0.0777174463788853 -78.5271430608494 -0.0173053062935962 0.999798881390986 0.0101352426422589 0.695229441704609 0.0778846704638962 -0.00875800900905357 0.996923906516905 23.2399785372059
170 0.996868670125485 0.0207669979011887 -0.0762993205763946 -78.5967533320935 -0.020612663769183 0.999783588173261 0.00280978855759524 0.686069790632301 0.0763411593741281 -0.00122825794188545 0.997080999100796 24.0220464942809
171 0.996988784250441 0.0212270314679312 -0.0745840278738477 -78.6634442039028 -0.0216382457564128 0.999754772839584 -0.00470961835571711 0.672247701854956 0.074465766627441 0.00630930420338742 0.997203611245495 24.7917538248296
172 0.997074289053124 0.022017537776988 -0.0731989763551855 -78.7348370316565 -0.0227210737268068 0.999703179054906 -0.00879241697233847 0.658372681285659 0.0729836619930044 0.010429852240246 0.997278598619432 25.5883251915013
173 0.997195923516362 0.0233674604907942 -0.0710932620756769 -78.8023131051116 -0.0239389255212134 0.999687518503171 -0.00719674883968925 0.642180201557782 0.0709028770025554 0.00887846491139897 0.997443710137859 26.3740070800727
174 0.997282837705931 0.0267370174823392 -0.0686445446729398 -78.8623155844054 -0.0270198195954814 0.999629793822002 -0.00319447216443494 0.624066283600559 0.0685337213803087 0.00504055547839708 0.997636066827095 27.1307990603693
175 0.997340785907464 0.0303973501475867 -0.0662371336146714 -78.9209853149038 -0.0303372953606178 0.999537888576413 0.00191254030266824 0.606436588188438 0.0662646608358139 0.000102001037766153 0.997802076726694 27.8893302896199
177 0.997737886005185 0.0252376483645757 -0.0623070777274205 -79.0282717792814 -0.0250655796025195 0.999679534668631 0.00354184752625592 0.581628112428663 0.0623764983715386 -0.00197207244682225 0.998050741886989 29.4181669143839
179 0.997920431329731 0.0225850612364139 -0.0603715805957652 -79.1223116790806 -0.0225238185567459 0.999744870005922 0.00169484349298299 0.558949174635021 0.0603944561388405 -0.000331520422230998 0.998174533717377 30.9242213635388
180 0.997997889395644 0.020464850884866 -0.0598448213306739 -79.1635927592482 -0.0204736585092787 0.999790284058663 0.000466057017313894 0.548375265856157 0.0598418087049976 0.00076011851585572 0.998207583697277 31.6843155224853
181 0.998059699116694 0.0195005484376479 -0.0591317648115243 -79.206179230815 -0.0195024675317831 0.99980966040944 0.000544712888929727 0.537670199897699 0.0591311318956962 0.0006095593413036 0.998250037654967 32.4564998074484
182 0.998040632664993 0.0224018231424753 -0.0584213477211326 -79.2554452146277 -0.0223482618370386 0.999749013496443 0.00157009737002984 0.528185125918723 0.0584418577949348 -0.000261405396785672 0.998290779745408 33.2247397140895
183 0.998059446292065 0.0221972037937476 -0.0581775369959499 -79.3070033241732 -0.022192684388597 0.999753449994878 0.000723866677680925 0.51740909075635 0.0581792611400696 0.000568653741541541 0.998305990268574 34.01299021037
185 0.997880646375172 0.020012761917699 -0.0619169197416481 -79.4057883557264 -0.0199846260265544 0.999799710855578 0.0010737297990642 0.498160754925817 0.0619260067536005 0.000165932299830552 0.998080729276958 35.5827284003835
186 0.997644520039116 0.021972329483144 -0.064981754154574 -79.4615293130851 -0.0219569584017423 0.999758464830665 0.00095077714352841 0.48724683324912 0.0649869495642433 0.000478264065824663 0.997885999325483 36.3551055037169
188 0.997185931374656 0.0257106525528251 -0.070421449955016 -79.5903061179786 -0.0260699948553276 0.99965134612414 -0.00418826460927781 0.461089981745048 0.0702892142273771 0.00601236538327818 0.997508535214509 37.95815807734
189 0.996976852898985 0.0262716909558308 -0.0731228626214669 -79.6537099588356 -0.0268971813836131 0.999609449201341 -0.0075822622619689 0.44797299829786 0.0728951055781774 0.00952613886701111 0.997294117229733 38.7669525923554
191 0.996696296033833 0.0253185087325122 -0.0771716695944814 -79.7983987532664 -0.0259844554854566 0.999633171970802 -0.00763737970237139 0.41559402755988 0.0769499937983261 0.00961741187407371 0.996988567558968 40.4144561518355
192 0.996557686901601 0.0236939885346246 -0.0794441412858848 -79.8682832632125 -0.0243180802217201 0.999680477899787 -0.00689732414662911 0.397261899302451 0.0792553320077617 0.00880551039831108 0.996815457010456 41.2323022287033
193 0.996433419374899 0.0229324796636616 -0.08120678622703 -79.9368356008548 -0.023415389098243 0.999713322572349 -0.00499922241275547 0.382371198851037 0.081068861508132 0.00688288077988131 0.996684737339719 42.0516428809939
194 0.996349802774401 0.0226834335610717 -0.0822953969143652 -80.0103918755189 -0.0228715035575742 0.999737510627527 -0.00134319369073954 0.367952831637786 0.0822433270024282 0.00322051023215505 0.996607075771297 42.8983044565149
195 0.996290245961065 0.0225287377689578 -0.0830554138956507 -80.0858999574156 -0.0223206685462308 0.999744968668919 0.00343298366311853 0.355075195165835 0.0831115729516029 -0.00156639577357385 0.996539017222001 43.7400400541604
196 0.996342655612039 0.0223255272354099 -0.0824795940921758 -80.1630884273514 -0.02194091594111 0.999743771392834 0.00556666586917203 0.344789045094172 0.0825827392111346 -0.00373662881416245 0.996577206637544 44.5957854148061
197 0.996446648698632 0.0253177508418618 -0.080331113459069 -80.2448548153089 -0.024945312558723 0.999672926388506 0.00563663261072901 0.337285380957213 0.0804475461317002 -0.00361271894147963 0.996752296502615 45.4517606916638
198 0.996585720078103 0.0254854781238808 -0.0785327507553801 -80.3203454604934 -0.0252213092359432 0.999672410402459 0.00435401430428937 0.32884060726188 0.0786179883794695 -0.00235844968871989 0.996902026087936 46.3250519419325
199 0.996777221800307 0.0230672139083186 -0.0768314632332928 -80.3946356067299 -0.02297053237212 0.999733847874185 0.00214197507399857 0.31754170702275 0.076860423773242 -0.000370212350028107 0.997041793607577 47.2199718013478
200 0.996988796446425 0.0192405404947727 -0.0751208450550009 -80.4612694377469 -0.0192592628631443 0.999814410249216 0.000475238866916757 0.30534465498378 0.0751160472487521 0.000972964275463896 0.997174324171176 48.1091411203263
201 0.997144172277223 0.0179051928557897 -0.0733682749038624 -80.5271884375544 -0.0179374016013707 0.999839087679909 0.000219934530065862 0.293705960301631 0.0733604070147031 0.00109672977681264 0.997304892130001 48.9876716890995
202 0.997255320445919 0.0156010930853619 -0.0723770111074621 -80.5913710780802 -0.0154377846720188 0.999876867013014 0.00281524717563105 0.279017676836651 0.0724120200431406 -0.0016901795115871 0.997373371735225 49.8520418425275
203 0.997350218909926 0.0128269741706944 -0.0716101220076241 -80.6537236630905 -0.0124740893517133 0.999907760172889 0.00537291735294645 0.266553907065614 0.0716724349744582 -0.0044654092377359 0.997418228320082 50.7185352952232
205 0.997476071409048 0.01399496643163 -0.0696105443230342 -80.785402798557 -0.0138534778996308 0.999900873196682 0.00251494147002925 0.239439018137945 0.0696388405737487 -0.00154424579998805 0.99757107375287 52.4537098995634
206 0.997488938650431 0.0164838718027483 -0.0688774218479976 -80.8527027026869 -0.0167493393537252 0.999854345152403 -0.00327843119082575 0.223943992553658 0.0688133482781517 0.00442385016131704 0.99761974351378 53.3062461510305
208 0.997474603898214 0.0228807618669309 -0.0672375290629347 -80.9878290573887 -0.0238922704565923 0.999612570107189 -0.0142782735696085 0.180226163216357 0.0668847814568399 0.0158486725024002 0.997634825770122 54.9973107058995
210 0.997630209678004 0.0197708265702314 -0.0659020421121487 -81.1080852611973 -0.020419472199434 0.9997493227586 -0.00918350689101538 0.13585354540792 0.0657039564479806 0.010507428822058 0.997783836332615 56.6993514183458
211 0.99760293012808 0.0191886971221357 -0.0664844921964777 -81.1690764007804 -0.0192378592271747 0.9998149303351 -9.9254093904095e-05 0.113272875318835 0.0664702833770398 0.00137803547657197 0.997787453542086 57.5590838068307
212 0.997535622537723 0.0179434150127372 -0.0678285752906411 -81.2339877589821 -0.0174645616441453 0.99981824578275 0.0076462073266837 0.0925933518280224 0.0679534462323681 -0.00644276785127797 0.997667690109066 58.4435468168871
213 0.997404842360297 0.0157654670242698 -0.0702497721401188 -81.2978231899728 -0.0154108017634387 0.99986563291749 0.00558778126952545 0.0782273026238572 0.0703284268645328 -0.00449067478389674 0.997513782468566 59.296639901944
214 0.997312536996248 0.010582459340758 -0.0724963109710279 -81.3559884359547 -0.0104682004725706 0.999943294113191 0.00195584685665409 0.0653086972398003 0.0725128976732612 -0.00119168467381928 0.997366762810284 60.1522010629886
216 0.996911258831075 0.0113176163231365 -0.0777164948811022 -81.495558592791 -0.0114873720246405 0.999932508285687 -0.00173757228941979 0.0307035806325322 0.0776915844851269 0.00262496366750576 0.996973985250335 61.8151413846145
217 0.996612918781502 0.0128030243977278 -0.0812328300878752 -81.5662443504424 -0.0132461299611404 0.999900170773311 -0.00491818346099829 0.0109156167189825 0.0811617530544222 0.00597754579862364 0.99668301820958 62.601879297258
218 0.996283156250152 0.0134736033781888 -0.0850784025722273 -81.6380964300829 -0.0142254738335034 0.999864882186549 -0.0082373092870513 -0.00749620274426199 0.0849559207262626 0.00941697308509965 0.996340209040801 63.3847822407835
219 0.995981426089306 0.0153469658423421 -0.088235307697916 -81.7172410684624 -0.0164807662288997 0.999790534188039 -0.0121355713711466 -0.0305794194061809 0.0880305812182351 0.0135409891599475 0.996025731787563 64.1794164956288
220 0.995613865897668 0.0199900720148559 -0.0913970844892803 -81.8046122917626 -0.0211836869695614 0.99970227742428 -0.0121081757124764 -0.0548350640676083 0.0911278302094119 0.0139911948578183 0.995740912601152 64.966807772385
221 0.995210750512264 0.023558883142862 -0.0948711815562427 -81.8927355319959 -0.0246410019891335 0.99964380839014 -0.0102507252537419 -0.0745603032365599 0.0945958935989724 0.0125393529465103 0.995436779279274 65.752493013355
222 0.994761531234637 0.0265139253399032 -0.0987244029548392 -81.9822443280694 -0.0270723066783549 0.999624141521733 -0.004320404847999 -0.0957253813390984 0.0985727456593988 0.00697046985557992 0.995105434797318 66.5524783916344
223 0.994322974009023 0.0272431151312296 -0.102857357713475 -82.072296220454 -0.0272392065435529 0.999627902656935 0.00144286401809337 -0.115738037242538 0.102858392874519 0.00136707996972025 0.994695069912195 67.3563545827491
224 0.993813455956375 0.0266025758829714 -0.107829113491843 -82.1652781119131 -0.026227331467926 0.999644010257236 0.00489692157408828 -0.128970271446056 0.107920998161236 -0.00203855665164883 0.994157383135417 68.1714321382767
225 0.993124019907475 0.0260512638629177 -0.114131558886935 -82.2656503236831 -0.0255481087330836 0.999656363742492 0.00586929035754976 -0.140125009005712 0.114245241576968 -0.00291308775757425 0.993448307007837 68.9731975319351
226 0.992460160122366 0.0238814103693922 -0.120218587617124 -82.3606060228996 -0.0228887670068804 0.999691624034096 0.00963126061202697 -0.149656551916532 0.120411523181098 -0.00680698720732794 0.992700725299608 69.7507718429267
227 0.991635038101176 0.0245071539856151 -0.126725493148006 -82.4604571636836 -0.0235165440067387 0.999680121011941 0.0093074062729438 -0.159091146004508 0.126913054364235 -0.00624940453770299 0.991894158453847 70.5025039147592
228 0.990769535792656 0.0292755664025914 -0.132358105747293 -82.5824423899196 -0.0283878621122506 0.99956008016125 0.00858926264183875 -0.169465902703112 0.132551334319576 -0.00475261610506292 0.991164747360527 71.2707750641033
229 0.989904329211785 0.0311950712202436 -0.13826165968673 -82.7063484352852 -0.0308191233137288 0.999513164304074 0.00485963177924402 -0.177700679721802 0.138345945534874 -0.000549467397202683 0.990383813195491 72.0609260280674
230 0.989090717206043 0.0298527702055678 -0.144251049382283 -82.827915807908 -0.0298613073493661 0.999551832290937 0.00210639199050671 -0.18737690239998 0.144249282356007 0.0022241121564656 0.989538881431595 72.8489217099391
231 0.988292316646125 0.0313760896773492 -0.149311211416943 -82.9586898859488 -0.0316061159277597 0.999500055104505 0.0008326356062814 -0.198535209063035 0.149262688888406 0.00389626008510423 0.988789901274862 73.6247902976871
232 0.987558049282916 0.0333605585674142 -0.153675542714484 -83.0959610441135 -0.0328486430951577 0.999443101226924 0.00586975780726558 -0.204522660630726 0.1537857793924 -0.000748693514823619 0.988103928498765 74.3867804177413
233 0.986540441040245 0.0340423806303543 -0.159934594485173 -83.2290843317853 -0.032848533454096 0.999409274297355 0.0101032815633736 -0.212933009975572 0.160184056766064 -0.0047136789720709 0.987075908524017 75.1324591030426
235 0.984415368455725 0.0304160100138252 -0.173208685356763 -83.5012814765091 -0.0293697001620046 0.999531611495948 0.00860106578901085 -0.232783984245427 0.173389166502908 -0.00337993419341791 0.984847588708159 76.6375878700402
236 0.982931206205193 0.0285433508122904 -0.181745759214379 -83.6422713779731 -0.0287507853885556 0.999585494679119 0.00149370902164009 -0.238755757897686 0.181713060090753 0.00375712010809243 0.983344419743636 77.3802026316797
237 0.981299224988967 0.0259455714903066 -0.190731901778634 -83.7936386820059 -0.0264618012666255 0.99964981246957 -0.000159697458929899 -0.250467913649599 0.190660966403138 0.00520382067275237 0.981642152793281 78.1231966150413
238 0.979144739515274 0.0256040509150602 -0.201544068769847 -83.9526865477557 -0.0255550117353764 0.999669367079253 0.00284568068650632 -0.263945451757951 0.201550292618916 0.00236412776807609 0.979475313851822 78.867937778552
239 0.976790064703531 0.0254083159635892 -0.212686593316003 -84.1194050028977 -0.0240524953285306 0.999670542203216 0.00896016292255731 -0.26895660110151 0.212844184710185 -0.00363655482870469 0.977079387001913 79.5982171544866
240 0.974155058876535 0.0272574347061899 -0.224229689199472 -84.2995910226138 -0.0241042061596232 0.999568476796325 0.016788312615877 -0.275516204920666 0.224590535220584 -0.010949541009185 0.974391707190194 80.3250265368634
241 0.971486664223616 0.027996745237187 -0.235435433806799 -84.4818682197715 -0.0238680835587041 0.999507600924158 0.0203683647372504 -0.282535866824656 0.235889753535219 -0.0141682021075009 0.971676533742652 81.038717854321
242 0.968605569573882 0.031375779564998 -0.246614701603825 -84.6859788326757 -0.0283520391925486 0.99947307140087 0.015803209108784 -0.288022848982552 0.246980591270001 -0.00831504667457855 0.968984750929921 81.7630558966976
244 0.962221725737128 0.0284842110590438 -0.270772968074374 -85.1049649280246 -0.0290317593404814 0.99957652107925 0.00198379855316889 -0.29168329903638 0.270714808366773 0.00595216157769808 0.962641191879661 83.1741523162031
246 0.955508062047089 0.0285443696332033 -0.293580589149317 -85.5566312854519 -0.0254528275654412 0.999573077185958 0.0143463212677827 -0.300346799404851 0.293864759595194 -0.00623556951990582 0.955826668774638 84.5895087343378
247 0.951720209267915 0.0283973424882418 -0.305650509913924 -85.7948007252705 -0.0235255626673444 0.999530858327704 0.0196115055992403 -0.303287244918398 0.306064031163776 -0.011474065987682 0.951941781117674 85.2998013932385
249 0.943769798229521 0.0243825722753682 -0.329702984698419 -86.2859236804589 -0.0211818908442756 0.999687207461369 0.0132971703136877 -0.30433729738558 0.329924075281072 -0.00556573511105882 0.943991063062889 86.6815365336293
250 0.940680592478696 0.0202237091308515 -0.338690160062142 -86.5420341106585 -0.019154876715749 0.999795409691686 0.00649841961081522 -0.310958508268443 0.338752289485891 0.000374631051150793 0.940875521001393 87.3703253088018
251 0.937864705989058 0.0161646079278563 -0.346624434670432 -86.8049450138572 -0.0170163302239374 0.999855039832948 0.000586367090070438 -0.316533370763789 0.34658366632859 0.0053483428455071 0.938003815271046 88.0845380990585
252 0.935149907967517 0.0161992543154995 -0.35388166636316 -87.0883597581063 -0.0178149951678011 0.999840444279355 -0.00130840759445402 -0.324601251833523 0.353804007291489 0.00752795741777075 0.935289289087392 88.8245917385152
253 0.932119057534803 0.0214558139414171 -0.361515851144236 -87.3778453430726 -0.0235264612231063 0.999722334256551 -0.00132665404298379 -0.337841208053754 0.361387006134348 0.00974178816970393 0.932365019378413 89.5264837508899
254 0.929066384166077 0.0215542614810621 -0.369284534775799 -87.665309500204 -0.0228199017286894 0.999739149436711 0.000940834020914908 -0.350099861303468 0.369208485679386 0.00755293953159666 0.929315902805266 90.2217032392149
255 0.925866213661993 0.0223177060049623 -0.377191827056049 -87.9578716685882 -0.0210524735966685 0.999750410814482 0.00747726097817131 -0.353783713198859 0.377264559367384 0.0010178776695546 0.926104970384234 90.9330996312068
