0 1 0 0 0 0 1 0 0 0 0 1 0
4 0.995248267979851 0.00580506836761732 0.097196637104136 0.104420277352369 -0.00617030623422568 0.999974985978935 0.00345756235005788 -0.00366808181524325 -0.0971741344395807 -0.00404086595619687 0.99525919186825 0.618763111750081
6 0.984511949096356 -0.000182114585185592 0.175317394803744 0.237992159004954 -0.000795726338909102 0.999984518478766 0.00550723364171771 -0.00396542527440171 -0.175315683571344 -0.00556144199545079 0.984496562440339 0.999563443744847
8 0.963794763130905 0.000125575307585074 0.266645155201224 0.420203949280173 -0.00271664491112175 0.999952612042887 0.0093484495524265 0.000498434345038948 -0.266631345497617 -0.00973436692597479 0.963749432009524 1.42494197911128
10 0.932824858309716 -0.0132012021531277 0.360088200280391 0.695672149673587 0.00451379312011651 0.999678358994274 0.024956045964519 -0.00705798256789168 -0.360301830957224 -0.0216542563997624 0.932584411079579 1.88513061265306
12 0.886062131822054 -0.0198630736272477 0.463140752749136 1.03075280701442 0.00514250758459548 0.999441283704842 0.0330253696748369 -0.00469779489607018 -0.463537973813042 -0.0268808246245497 0.885669220477264 2.35181747525117
14 0.825501509988265 -0.027538136677655 0.563727689612119 1.43733991333983 0.00438690774130988 0.9990918615579 0.0423816848324814 0.00491169319511114 -0.564382859455852 -0.03251312345951 0.824872647598005 2.80379684251698
16 0.751386475201798 -0.0374254309408159 0.658800198848415 1.93907427607925 0.00729628336114834 0.998800480343487 0.0484186401578208 0.0153557646975689 -0.659822043533657 -0.0315743184330703 0.750758238904213 3.24955755473929
18 0.668950568156591 -0.0420169610243932 0.742118395102324 2.53258821676204 0.00712139892432881 0.998717527062418 0.0501257101265242 0.0404539840673198 -0.74327277835283 -0.0282467011277846 0.668391876697393 3.68627640991347
20 0.583955293839895 -0.0430134509646669 0.810645457541379 3.24486761919185 -0.0005078270450765 0.998575692848272 0.0533509865352663 0.0715063751377997 -0.811785659461938 -0.0315662587061576 0.583101718744887 4.13322938081889
22 0.505942010225883 -0.0467476375165881 0.86129979721071 4.07257690693313 -0.00375608121900492 0.998401452792867 0.0563953093348144 0.105092000740404 -0.862559316303794 -0.0317678681644024 0.504957650115156 4.5593201676017
24 0.431586479715556 -0.045280393039285 0.900934401903347 5.01165173069279 -0.00832644400613719 0.998496873028368 0.0541725473167301 0.139269216608883 -0.902033137338616 -0.0308817188443028 0.430560725780086 4.96901457559454
26 0.36819428103463 -0.0418768050959565 0.928805310389829 6.03958122070955 -0.00511017649628277 0.99887890075734 0.0470619561640331 0.188771378492503 -0.929734831825488 -0.0220743021806762 0.36756750083987 5.33765134244271
28 0.322977533596134 -0.0395304770097804 0.945580696809922 7.14967921802727 -0.00271620751580324 0.999084460875279 0.0426949909741694 0.236680160948185 -0.946402734045549 -0.01635791627722 0.322574462048963 5.68869662899883
30 0.296640256886116 -0.0416061942683054 0.954082534476471 8.38683971152508 -0.000514567403327416 0.999043390852976 0.0437268614626679 0.285447890428751 -0.954989158689734 -0.013462087189435 0.296335078911656 6.06017206411228
32 0.274897136943118 -0.0451201772021967 0.960414355218475 9.738028185485 -0.00322306102305041 0.998849410195957 0.0478483816741026 0.339716735091036 -0.961468239713678 -0.0162488572038551 0.274435418015697 6.4564708163225
34 0.254774429426096 -0.0486223812150222 0.965777331560225 11.1481616706533 -0.00498730007831395 0.998655724708745 0.0515933168577118 0.400664148679216 -0.966987650876957 -0.0179612792259474 0.254189448050134 6.83207183595178
36 0.233748474407885 -0.0514578539100675 0.970934467398782 12.6573199095905 -0.00540431337621316 0.998514356035209 0.0542206066779321 0.4660632949887 -0.972282080524432 -0.0179212182220263 0.233123113029405 7.19724303545901
38 0.212163841912462 -0.0578893417539011 0.975517979483845 14.2053397589835 -0.00854286154749074 0.998095877811677 0.0610871362229247 0.537288590098319 -0.977196768159578 -0.021294196548304 0.211265315401838 7.53555541402982
40 0.187054212048214 -0.06424909073706 0.980246283387233 15.8035789563107 -0.0103685849315843 0.997674186182576 0.0673699537735574 0.60925075362209 -0.982294871309801 -0.0227656004620078 0.185952986623141 7.84234173290927
42 0.158150489502106 -0.0639251978256437 0.98534359070996 17.3788467490564 -0.012254833503596 0.997698238686974 0.0666936546959947 0.684515066948557 -0.987338970022982 -0.022622855784842 0.157003072167696 8.09579207789358
44 0.121195815149232 -0.0614784469460178 0.99072295570024 18.9543981360046 -0.015698680977366 0.997836643000058 0.0638403109480669 0.755256237643832 -0.99250447142866 -0.0232902221432226 0.119968494808576 8.28670538436946
45 0.0957609107608125 -0.0604032098449309 0.993569977510739 19.7934756699917 -0.0202439046340516 0.997832519999885 0.0626134678471489 0.791062123832574 -0.99519848889326 -0.02610965857892 0.0943305540822543 8.36763036935117
46 0.065054733325297 -0.0600405902430599 0.996073797062868 20.6435170705125 -0.0243516058783887 0.997795476921791 0.0617347999556101 0.825427347438542 -0.997584523217516 -0.0282721374798679 0.0634492338740298 8.42281735091904
47 0.0318116686152085 -0.059701814243696 0.997709231748373 21.4822208257689 -0.0278218817637283 0.997774750212942 0.0605928274024725 0.86282639805481 -0.999106581218962 -0.0296857072260694 0.0300798628894283 8.44483448775169
48 -0.00266440987813654 -0.0592030376981664 0.998242406055418 22.314478363859 -0.0292914879393894 0.997822231790774 0.0590999363652473 0.895055847697419 -0.999567361239 -0.0290825389433105 -0.00439275247571858 8.4335223043127
49 -0.0363529045589959 -0.0581830595972363 0.997643823168384 23.1291362647499 -0.0303651678254566 0.997907043157935 0.0570919416268164 0.924601047632044 -0.998877581544934 -0.0282181642154907 -0.0380435578679388 8.39567038071681
50 -0.069099527607531 -0.0563327585512162 0.996018009675742 23.9725663893292 -0.0325300643457087 0.998000723910179 0.0541880982174318 0.954534112209218 -0.997079259737199 -0.0286561579554616 -0.0707938868346096 8.33195503048794
51 -0.101232058735642 -0.0536046459959517 0.993417642390044 24.802536743289 -0.0348603456239156 0.998125258880949 0.0503063006672115 0.979495833060242 -0.994251892926096 -0.0295382719786963 -0.102910951319031 8.23704128671512
52 -0.1336522974833 -0.0491787286928805 0.989807312572294 25.6168889521128 -0.0321218798283804 0.998458164143405 0.0452711750639665 0.999906743722724 -0.990507571002729 -0.0257438749906316 -0.135025940791909 8.10868085164996
53 -0.165457767727309 -0.0432009803777024 0.985270217957034 26.4309112997068 -0.0268957533747243 0.998866188398373 0.0392804802021431 1.017680724183 -0.985850062407617 -0.0200003242201299 -0.166432092704465 7.95243567629117
54 -0.19593166015805 -0.0366689622872723 0.979931717903082 27.2430652917941 -0.0207404869769886 0.999232031519179 0.033244238388195 1.03324095767897 -0.980398192954102 -0.0138106622154179 -0.196541722953433 7.7698174582723
55 -0.22494878596359 -0.0308422455379378 0.973882333541216 28.0684397744107 -0.0148346935186955 0.99949146245317 0.0282267311502857 1.04271915311422 -0.974257653581286 -0.00809767703737851 -0.225291926319798 7.56072679323216
56 -0.252967787805259 -0.02468955345599 0.967159616755713 28.8862618645451 -0.00641514988788833 0.999695151515097 0.0238421871715433 1.04903102016729 -0.967453432566565 -0.000173168561776329 -0.253049058144502 7.32614164884034
57 -0.279010087450959 -0.0142261844960112 0.960182788210294 29.6877991465718 -0.000503791651896006 0.99989229022729 0.0146681334189626 1.04631739270004 -0.960288038712646 0.0036088251149725 -0.278987202370843 7.07156909247754
58 -0.304034888004745 0.0014187138309489 0.952659841773026 30.4947011775964 0.00458351549005975 0.999989495289219 -2.64000936948113e-05 1.0329450411096 -0.952649871811094 0.00435850459199472 -0.304038196903 6.80186345551913
59 -0.328406144859465 0.0187263560276167 0.944350955740752 31.2537850925242 0.00563863849625366 0.999824499356739 -0.0178655042457634 1.01279061985271 -0.944519777333674 -0.000542287722307815 -0.328454100521783 6.51653592983467
60 -0.353677024421197 0.0336154265111197 0.934763374066958 32.0439123977783 0.0058866683231594 0.999414215992963 -0.0337130836208104 0.983534594804782 -0.935349084316984 -0.00642090115530166 -0.353667728943047 6.22194874769943
61 -0.378042775183143 0.0440316722947955 0.924740434914983 32.817017771451 0.00973145052634682 0.999002136058073 -0.0435893452813903 0.940252561661525 -0.925736981546314 -0.00747957126650543 -0.378094031969811 5.89923569531111
62 -0.401602147832537 0.0481884924657498 0.914545561494981 33.5784514059191 0.0126437625959993 0.998811270747783 -0.0470763283892814 0.889414784934084 -0.915726951729449 -0.0073426576304379 -0.401734035470251 5.55386415858108
64 -0.44431656960479 0.0436043572481596 0.894808049809347 35.0848099928061 0.0196385723601399 0.999048840018169 -0.0389325279683631 0.785944270645778 -0.895654572059055 0.000274385361670889 -0.444750280789553 4.80607217749745
66 -0.475789312935991 0.0429631138059407 0.8785093628118 36.5320726321203 0.0293124559288554 0.999026020013183 -0.032981680733974 0.690138099074062 -0.879070707977075 0.0100589357646161 -0.476585258047253 4.00874806887048
67 -0.487072585258815 0.047251605921872 0.872082325487164 37.2585211137482 0.0333333724588682 0.998813579693135 -0.0355009760584743 0.645350164062591 -0.872725147437504 0.0117778927822472 -0.48806976783222 3.59766976424136
69 -0.507565190321822 0.0491193966967085 0.860212103170912 38.6666585278125 0.0282843341524723 0.998785479059502 -0.0403430695588748 0.550836742387055 -0.861148984795967 0.00385378878927026 -0.508338051199046 2.79208261954926
71 -0.527588646375986 0.0490103832231146 0.848085020827204 40.0583638434918 0.0295520865287936 0.998788970596087 -0.0393353072620995 0.460327445175773 -0.848985803413078 0.00430982040606472 -0.528398080097872 1.93803789859671
73 -0.537980896563475 0.0550110194314014 0.841160117144101 41.4647971392499 0.0339098738713443 0.998472918251182 -0.0436113743534743 0.369069040155158 -0.842274703043366 0.00506154720291423 -0.539024772485573 1.03897924651186
75 -0.534468734617441 0.0574287147896409 0.843234910587816 42.9140431929618 0.0355837046256598 0.998333220699807 -0.0454376541236969 0.276860962890822 -0.844438850173028 0.00572041648492428 -0.535621419618086 0.123463320961536
77 -0.52126437386394 0.0547574360341461 0.851636704081735 44.3624342667037 0.0314241811592533 0.998494157232522 -0.0449659739245901 0.183412222198275 -0.852816494551263 0.00332282582795014 -0.522200139266366 -0.760969956616268
79 -0.507840375501572 0.0528023402769839 0.859831417122971 45.9203100016997 0.0266625430752243 0.998604959062786 -0.0455767981759655 0.0840608470696201 -0.861038478703004 -0.000220446103369307 -0.508539762060285 -1.67157351781377
81 -0.5024278456623 0.0476676675243873 0.863304148823533 47.5632870114497 0.0177148173927429 0.998837038330129 -0.0448414552020652 -0.0179172019867685 -0.864437646766893 -0.00723632038272984 -0.502687965361651 -2.59761536750432
83 -0.50391272964618 0.043967368641372 0.862634819257425 49.2423118563442 0.0132259598419834 0.998979299801914 -0.0431906535437535 -0.122899641252794 -0.863653307112753 -0.0103551466446399 -0.50397989647522 -3.55756578000963
84 -0.504363041654321 0.0431454923219048 0.862413119511469 50.1247741125549 0.0132910930018829 0.999020486883696 -0.0422067960579558 -0.180816081642696 -0.863389407544485 -0.00982513506080331 -0.504442462190704 -4.07459628607652
85 -0.504330560296137 0.0425705941975782 0.862460683429135 50.998199888419 0.0132059598263264 0.999047477064516 -0.041590157442482 -0.237687243288203 -0.863409687562313 -0.00958556626862035 -0.504412359427146 -4.57757151213194
87 -0.504687833920819 0.0414419857542642 0.862306646216446 52.760919875108 0.0128428993531018 0.999097021222023 -0.0404994089029262 -0.347575615624073 -0.863206377541615 -0.00936504148542282 -0.50476434676932 -5.59651226505113
89 -0.505047658368163 0.0389806463699919 0.862210746851032 54.5683568102571 0.0102490786220816 0.999180015059371 -0.0391695531421091 -0.463787129676036 -0.863030601522469 -0.0109456253604696 -0.505033042603387 -6.62979916128689
91 -0.503375394759431 0.0364932980377235 0.863296849958991 56.3404529631614 0.00855375714393448 0.999269235824022 -0.0372535578756921 -0.582152223628235 -0.86402548873833 -0.011368092804197 -0.503319700862669 -7.64190680313024
93 -0.498870713053257 0.0328301654097543 0.866054381604817 58.0706348656917 0.00880079868837229 0.999422649645337 -0.0328163574813173 -0.695755988957359 -0.866631731244697 -0.0087491493908286 -0.498871621546822 -8.63985859324734
95 -0.494292576959352 0.0328136130432289 0.868676070328827 59.8520472265099 0.00918289684423286 0.999428656109766 -0.0325274615083117 -0.802303665479587 -0.869247101098664 -0.00810112002600635 -0.494311489939181 -9.64665535593968
97 -0.494378373805855 0.0346912638493294 0.868554281392714 61.6385202304298 0.00839406434062168 0.999347236913024 -0.0351374409732611 -0.911819973079999 -0.86920628345458 -0.0100804904067272 -0.494346862553244 -10.6460521416668
99 -0.501910567607727 0.0369364214088385 0.864130477935594 63.3872036556655 0.00574667726398409 0.999208083076581 -0.0393723559727811 -1.02667588984508 -0.864900432318145 -0.0147955225636838 -0.501725357828319 -11.6428299002812
101 -0.512696108506262 0.033395212065121 0.857920427623483 65.1005248218601 0.00843282250245994 0.999390921206109 -0.033862576916806 -1.13617760829904 -0.85852873442138 -0.0101265207218571 -0.512665452074637 -12.6450277367977
102 -0.517907059656412 0.0308747272507933 0.854879540505702 65.9449180103107 0.00568266072703839 0.999450582381077 -0.0326533420217123 -1.18957028797628 -0.855418017652839 -0.0120534059632398 -0.517797962992878 -13.151299751959
103 -0.522944917094603 0.034100985154128 0.851684059083201 66.8134457343454 0.00781499631765534 0.999349206109578 -0.0352149127602394 -1.24542315744576 -0.85233065151822 -0.0117595518483561 -0.522871086810939 -13.6825548224713
104 -0.527954786208248 0.0357066443598746 0.848521525518569 67.6663004998723 0.00825347552514036 0.99928430554146 -0.036915536570365 -1.29986180278138 -0.849232373300476 -0.0124864825743476 -0.527871635808708 -14.203925671911
105 -0.532874152539646 0.03664974586933 0.845400457583782 68.4589544833946 0.00690579617111613 0.999216708487397 -0.0389651056569152 -1.35324929630257 -0.846166323800704 -0.0149253344125045 -0.532709852413373 -14.6903140126419
106 -0.53640732209597 0.0366872331317406 0.8431614505698 69.292357722896 0.00545061211642702 0.999184475653595 -0.04000842961685 -1.40871272754433 -0.843941630463498 -0.0168650685734596 -0.536169836742637 -15.2161436067383
107 -0.539687002640743 0.0360474544977381 0.841093645324279 70.1332676609262 0.00642504720284707 0.999230132259621 -0.038702216381765 -1.46517303465368 -0.84184123084409 -0.015483016781405 -0.539503121624198 -15.7498541450066
108 -0.542045105708758 0.0292284856004509 0.839840936729501 70.9518329559271 0.00730443950411905 0.999521064824893 -0.0300713507319334 -1.51344879392641 -0.840317647405261 -0.0101654611708726 -0.541998998946005 -16.2748694296648
109 -0.544150618617704 0.0203135231961881 0.838741596102952 71.7972303520013 0.00655181159537962 0.999779250210041 -0.0199630812819035 -1.56296683283056 -0.83896196458647 -0.00536764611418878 -0.544163587859758 -16.8170362475957
110 -0.545783254258932 0.0190164619512539 0.837710578628077 72.6244432635556 0.00786989713239553 0.999814681510879 -0.0175689315106394 -1.60533964416343 -0.837889434286921 -0.00299613253320654 -0.545831768130243 -17.3497643590532
111 -0.547043375402159 0.0234213388225196 0.836776545032408 73.4383308136895 0.00763451691045908 0.99970652855902 -0.0229906700210606 -1.64217915838528 -0.837069447286279 -0.00618850904775278 -0.547061644401807 -17.8712723468309
112 -0.548170104042544 0.0300529563965041 0.835826750496666 74.2214518874963 0.00989051454672491 0.999517262372314 -0.0294519938502662 -1.68304037341556 -0.836308384960947 -0.0078779458988317 -0.548202720909362 -18.3824909834843
113 -0.548298739283655 0.0338900276851938 0.835595571148777 74.9957570637594 0.0153322501753537 0.999417969918506 -0.0304736526943086 -1.72346415456842 -0.836141982323884 -0.00389710501138673 -0.548499223306666 -18.9002785886352
114 -0.547941873084744 0.0352868721016621 0.835771823153702 75.7949709479265 0.0189361076233003 0.999377103660136 -0.0297796660148497 -1.77170404521204 -0.836302055209995 -0.000491260784254414 -0.548268758105348 -19.4369808971177
116 -0.546749758963865 0.0269477784200603 0.836862305466783 77.347786802662 0.0161589882013871 0.999635404724712 -0.0216320299825944 -1.84895209219938 -0.83714012457489 0.00169554094134078 -0.546985865418526 -20.4497026313421
117 -0.546237039002734 0.0201119031430915 0.837389161963235 78.1087474425064 0.0128002098461101 0.999795395095962 -0.0156627766633334 -1.88404859731414 -0.837532836281313 0.00216316824884734 -0.546382712806423 -20.9325512848555
118 -0.545737790605317 0.0142708577649203 0.837834474418354 78.9130071611335 0.00436994930263612 0.999889842701941 -0.0141847102395262 -1.92125283843952 -0.837944608818697 -0.00407983824928666 -0.545740036529794 -21.4334463375861
119 -0.54450482480646 0.00914375617463289 0.838707867785623 79.7068934624653 -0.00278763940373317 0.999915325440284 -0.0127110588152762 -1.95201091426523 -0.838753077388716 -0.00925924795377682 -0.544433229605146 -21.9232065804773
120 -0.542371883073154 0.00997002793346453 0.84007936469996 80.5176532639632 0.000533068394090447 0.99993346582102 -0.0115230104248416 -1.98292710309563 -0.840138355444965 -0.00580193710494379 -0.542341111511991 -22.4443559196201
121 -0.539033814049278 0.0132258202641507 0.842180280575263 81.2983496799883 0.00482506540596872 0.999908791547545 -0.0126145681557383 -2.01916027800974 -0.842270304626322 -0.00273610384817943 -0.5390484650571 -22.9536016955259
122 -0.534004954406572 0.0164984714220676 0.845320358864006 82.0866135171899 0.00721194628564163 0.999862101504235 -0.0149588036389216 -2.04763891781877 -0.845450587852424 -0.00189167023289265 -0.534050302016319 -23.4461599702107
123 -0.526172964206672 0.01871096212664 0.850171695385268 82.8647106650201 0.0122343045309721 0.99982099380909 -0.0144326758172681 -2.07660790911267 -0.850289558639061 0.0028071756087503 -0.526307691597314 -23.9353635563774
124 -0.517730806362606 0.0220670052968552 0.855258942905805 83.6630226558596 0.0195825882999867 0.999711060665459 -0.0139397782843452 -2.11007359013862 -0.855319434117219 0.00953113111713621 -0.518013342647686 -24.4314035817073
125 -0.507988771169984 0.0209154588120329 0.861109721201597 84.455808773914 0.0169388188957682 0.99975440045035 -0.0142903881884697 -2.13720805118534 -0.861197123067434 0.00732682488141647 -0.508218292525496 -24.8953666743541
126 -0.497210522217481 0.0185705640026613 0.867431167729661 85.2536096602283 0.014800631010053 0.999806977819998 -0.0129208522995452 -2.16299760040005 -0.867503681789262 0.00641414492083434 -0.497389405624014 -25.3404245783124
127 -0.485374097081262 0.015425376314143 0.874170488891107 86.0764198265697 0.0152467802894358 0.999841643715499 -0.0091773189491426 -2.19120918817757 -0.874173622098812 0.00887385248106453 -0.485532422366199 -25.7925969638018
128 -0.474264545055898 0.0146293275838994 0.880260827299139 86.9072188505013 0.0147150528610377 0.999853975787134 -0.00868874685780096 -2.21937262554001 -0.880259398428792 0.00883232002958673 -0.474410562277735 -26.2360534538714
129 -0.462432617880369 0.0138182159843104 0.886546744863078 87.7221623428244 0.0153473605542738 0.999853498476978 -0.0075789252116584 -2.24141884660933 -0.886521591640229 0.0101014103152847 -0.462576943940483 -26.6539019129168
130 -0.450455941616085 0.014891039515856 0.892674465639577 88.5421997931575 0.0168620650095307 0.999824448656169 -0.00816961645382457 -2.26742301746504 -0.892639409518973 0.0113722825996128 -0.450627957146573 -27.0636411495263
131 -0.438263103015471 0.0187536840206922 0.898651073482307 89.3761275535343 0.0166384958945356 0.999780278762653 -0.0127496922174551 -2.30099720040979 -0.898692724455705 0.00936448252304125 -0.438478840398778 -27.4680526424376
132 -0.42640183517534 0.0278529463484784 0.904104910029147 90.2105733106566 0.0194173553154355 0.999577326873894 -0.021636402478104 -2.33026842355395 -0.904325406737894 0.00832952455720998 -0.42676243713452 -27.8657346461139
133 -0.413806135484845 0.0325100115467184 0.909784359826179 91.0415014781315 0.0191712442080141 0.99945173477927 -0.0269943187027302 -2.36150512314818 -0.910163142316044 0.00627128343643637 -0.414202517343201 -28.2391826879054
134 -0.402790578043893 0.0289732158266269 0.914833483757416 91.8922904709731 0.0176523226623579 0.999558868257842 -0.0238843964070065 -2.40113782017184 -0.91512192944093 0.00652852600260717 -0.403124338888813 -28.6006403626379
135 -0.391157297338349 0.025266363797894 0.919976945145579 92.7494115423811 0.0162658452296372 0.999656731871278 -0.0205387609996408 -2.44153380611918 -0.920180086188527 0.00693031636127459 -0.391434004267908 -28.9581897315982
136 -0.381602826897023 0.0258657782506243 0.923964417074429 93.5857620554425 0.0133509344946823 0.999658350282034 -0.0224707645513363 -2.4808981186492 -0.924229968704932 0.00376088113245064 -0.381817784709917 -29.2936009668764
137 -0.37503754903791 0.0303221089486133 0.926513576004446 94.4371530151952 0.00851516238710523 0.999535414930346 -0.0292651039557628 -2.52204394306074 -0.926970511300742 -0.0030860993063735 -0.375121509873685 -29.6206692424865
138 -0.370180127772348 0.0353973815880036 0.928285353961357 95.2804724560365 0.00293636988357746 0.99931336114797 -0.0369348610807479 -2.56333776743443 -0.928955354543131 -0.010946762437387 -0.370029887519623 -29.9389024663536
139 -0.366740579428265 0.0373230594298399 0.929574277094315 96.1211863868038 5.50205513024198e-05 0.999195802222906 -0.0400967055113179 -2.61131606384863 -0.930323247249772 -0.014653943323183 -0.366447701004825 -30.2572088622941
140 -0.363094217830377 0.036970275002941 0.931018682811658 96.9660101001782 -0.00140452806506276 0.999189657162597 -0.040225070791814 -2.66248581015231 -0.931751370419739 -0.015913132485432 -0.362748061242841 -30.5787344789266
142 -0.352286510488651 0.0326796181157587 0.935321472589793 98.6591712761196 -0.00424969194454249 0.99932401537497 -0.0365164676991592 -2.76327866479038 -0.935882553874206 -0.0168390871087308 -0.351909491914098 -31.2030634861168
144 -0.341340524496041 0.026103705837086 0.939577161747953 100.367014099763 -0.00549995307481247 0.999541710722858 -0.0297677517020897 -2.86136171468063 -0.939923612243539 -0.0153285702788384 -0.341040522636628 -31.8083394834501
145 -0.335404067200505 0.0244983491445667 0.941755776512441 101.2149086873 -0.0134362462146039 0.999435744259621 -0.0307840930332054 -2.90376339195817 -0.941978544868735 -0.0229787724956624 -0.334885647679283 -32.0918169226128
146 -0.329043363010014 0.0245861625228623 0.943994695891592 102.056361514008 -0.0204991314088182 0.999239469908568 -0.0331702786893291 -2.94710723261513 -0.944092289381999 -0.0302655313722253 -0.328289120654664 -32.3654106938995
147 -0.322062209824765 0.0288384771392737 0.946279174049116 102.897730380876 -0.0182292892799426 0.999161723703592 -0.0366543707900479 -2.99511186157082 -0.94654298688181 -0.0290549844597056 -0.321266527766135 -32.6479802176109
148 -0.314925551133216 0.032184618391226 0.948570528523025 103.732528598586 -0.0162742270087391 0.999094844110199 -0.0393019338924333 -3.0405120972513 -0.948976842066606 -0.0278144353066591 -0.31411671462987 -32.9242426585278
149 -0.308474354063886 0.0302311167008008 0.950752150914155 104.600608765962 -0.0179230226000358 0.999132703438622 -0.0375846535212146 -3.08566546437693 -0.951063792889703 -0.0286342540055386 -0.30766498232948 -33.1969957105805
150 -0.301436497521869 0.0253895845610289 0.953148155827606 105.470599728466 -0.0185115919076566 0.999301157164173 -0.0324733468461435 -3.13381311444824 -0.953306539853154 -0.0274329416243305 -0.30075583915702 -33.4655615228951
151 -0.294457113312097 0.022716160803547 0.955394674706875 106.323194030697 -0.0198203895163499 0.99935725557112 -0.0298701840767601 -3.17818682618906 -0.955459136007044 -0.0277317827718804 -0.29381760948753 -33.7192899663376
152 -0.28793155290231 0.0261436202808747 0.957294067652085 107.18289296828 -0.0211996570401815 0.999208319444967 -0.0336646534712973 -3.21979804996238 -0.957416312470518 -0.0299874218727333 -0.287149367306954 -33.96737947054
153 -0.281404215837493 0.0289952971914789 0.959151155996626 108.038228424347 -0.0204200334517446 0.999136096846751 -0.0361950578348586 -3.26387018435302 -0.959372028747303 -0.0297713405579416 -0.2805690249095 -34.2096608232052
154 -0.274657722148297 0.0294916395416569 0.961089683048078 108.897068571661 -0.0227385090590947 0.999050795512779 -0.0371546523473622 -3.30859481112368 -0.961273164022631 -0.0320585586455295 -0.273726419893098 -34.4434885530657
156 -0.260046839268851 0.0286431762287342 0.96517107801768 110.630461279035 -0.0188834317595755 0.999217921280236 -0.0347413557217591 -3.4047078887853 -0.965411341030994 -0.027260121935421 -0.259302580706024 -34.9019700688714
157 -0.252144997805866 0.0298060867404264 0.967230322764285 111.490466392443 -0.0161108699148177 0.999257691353395 -0.0349929441698119 -3.45073455973364 -0.967555342061666 -0.0244062177386405 -0.251477626407651 -35.1255089689498
158 -0.245391972579787 0.0304985101201167 0.96894407510127 112.352745666365 -0.0145168936585926 0.999277317812103 -0.0351297865742674 -3.49509808257228 -0.969315242628479 -0.0226866257231348 -0.244771888543991 -35.3435475364867
159 -0.238438152732515 0.0293955756382249 0.970712700779383 113.20919059559 -0.0203205595481621 0.999171956607641 -0.0352487728652728 -3.53955526511365 -0.970945066510539 -0.0281300775284283 -0.23764338105045 -35.5413331480126
160 -0.23237764436457 0.0277326687166869 0.972230183385305 114.080027746286 -0.024023976252243 0.999124786615166 -0.0342419236642872 -3.58417765663216 -0.972328894440871 -0.0313138923969809 -0.231508015365225 -35.7357114220245
161 -0.227782891309792 0.0276291455974475 0.973319877912758 114.973484315434 -0.0215633195006808 0.999209069995769 -0.0334104428330805 -3.63127384635764 -0.973473152007113 -0.028598334772256 -0.227006954892556 -35.9406477430328
162 -0.223334823176666 0.0282771201989646 0.974331545845613 115.859341897987 -0.0196055318172281 0.999246598464227 -0.0334941573984875 -3.67607762857818 -0.974544601277341 -0.0265826998426478 -0.222612174398132 -36.1417656321348
163 -0.21864191213114 0.0294702242923526 0.975360046413527 116.73079050603 -0.0188936359961395 0.999228618749439 -0.0344267046191402 -3.7216956005639 -0.97562223466795 -0.0259552182084177 -0.217916456169031 -36.3329092365296
164 -0.212735804453708 0.0286810480044875 0.976688729836072 117.597260804196 -0.0130068387566329 0.999397422271314 -0.0321809649173406 -3.76357088320193 -0.977023182759239 -0.0195496762841853 -0.212234564829084 -36.5229617843654
165 -0.20732504428173 0.0275172229764636 0.977885028238618 118.474628236139 -0.00595257497780611 0.999550328546717 -0.0293889018726941 -3.80487837526856 -0.978254002222691 -0.0119139893324121 -0.207068017794818 -36.7161448279516
166 -0.2024398945259 0.0264813845704291 0.97893657883214 119.341498303491 -0.00416322437389142 0.9996020120355 -0.0279013457989382 -3.85181425299943 -0.979285840123891 -0.00972387812615555 -0.202249077938646 -36.8912791098778
168 -0.194624492501296 0.0299800180106702 0.980419555822247 121.089172231956 -0.0078747315630524 0.999452828559473 -0.0321252562212067 -3.93051281657771 -0.980846214001677 -0.0139729025097937 -0.194281914943283 -37.2301216163802
169 -0.19291872207448 0.0292829253850799 0.980777689873725 121.968708600781 -0.0104222034485142 0.999437041791719 -0.031890079490273 -3.97640859366397 -0.98115938784095 -0.0163740580037448 -0.192504924290426 -37.3982431364886
170 -0.191800764407976 0.0281511530271071 0.981030060373158 122.848343668395 -0.0110419028682502 0.999463375208166 -0.0308389039777388 -4.0190071237196 -0.981371766026293 -0.0167473639939085 -0.191386997065348 -37.5642731406278
171 -0.190856600638309 0.0238703620211471 0.981327653645697 123.73497407795 -0.0094865167816111 0.999612751188795 -0.0261601540538432 -4.05740333502063 -0.981572088026214 -0.0143022193294599 -0.190556245056704 -37.7365386983964
172 -0.189592798711679 0.0185913554170094 0.98168677905961 124.587760330361 -0.0104174275356117 0.999726356618841 -0.0209449059477014 -4.09499107529813 -0.981807541160799 -0.0141976542208991 -0.18934724379935 -37.8979470662955
173 -0.188710633872626 0.0167241153487883 0.981890320060847 125.443312995917 -0.00978613176393234 0.999773305210174 -0.0189095164989063 -4.13167168780509 -0.981983975576227 -0.0131773348945786 -0.188504189758704 -38.0572616482526
174 -0.187424098400655 0.0212612143580638 0.982048964208365 126.304745497214 -0.010145083372015 0.999670501911857 -0.0235789077497235 -4.16766665609391 -0.982226697164192 -0.014382224143559 -0.187146645726307 -38.2171976169662
175 -0.187416672482182 0.0249647346728802 0.98196321361771 127.151144468458 -0.0101734018691978 0.999574035556003 -0.0273541466087568 -4.20349353804008 -0.982227821215687 -0.0151165295289048 -0.187082863365107 -38.3711060811676
176 -0.187205995795922 0.0239769143711183 0.982028015239534 128.011033517106 -0.0131522670920971 0.999551280367393 -0.0269120007848395 -4.2393170842093 -0.982232626727699 -0.0179539826541388 -0.186806642008414 -38.5259256188924
177 -0.18693152277841 0.0229359191511647 0.982105162090311 128.872660736606 -0.014914329431309 0.999545930120994 -0.0261819853366984 -4.28282729484796 -0.982259725617089 -0.0195416783119551 -0.186504568950449 -38.6815843876533
178 -0.186393246909943 0.0235008163988587 0.982194109702841 129.718949866629 -0.0104516736791476 0.999609875316776 -0.0259009591807691 -4.32311587548319 -0.982419625223191 -0.0150933362039804 -0.186074907439342 -38.8426689494582
179 -0.185618429256331 0.0259841828998545 0.982278280814271 130.553028142862 -0.0125503440161404 0.999506070801832 -0.0288115132431432 -4.35688006767594 -0.982541748520381 -0.0176758781764923 -0.185200636460032 -38.9912253393591
180 -0.185807229675844 0.0266806078291581 0.982223914678346 131.388995367285 -0.0208822328863727 0.999298279867791 -0.0310946973446164 -4.39934906135798 -0.982364293808498 -0.0262886481040899 -0.185119694335832 -39.1320289682451
181 -0.185023858072705 0.0280693239018392 0.982333082513047 132.217347540381 -0.0261123613125359 0.999098656519688 -0.0334666868279281 -4.4442689337685 -0.982387050266123 -0.031843171893652 -0.184124131697006 -39.2733149464727
182 -0.184852094025193 0.0316768299275798 0.982255710993955 133.046894734447 -0.0229374303310437 0.999069076142697 -0.0365356727758926 -4.48811839247746 -0.98249864001143 -0.0292841175574367 -0.18395342572122 -39.4243502966382
183 -0.184145139764185 0.0327267466872565 0.982354074431667 133.878353158347 -0.0212601645550718 0.999079081508722 -0.0372692137665917 -4.53632192722917 -0.982669106517713 -0.0277479538517128 -0.183279781079974 -39.5790040509089
184 -0.182797241980642 0.0336510981861388 0.982574563030785 134.69166455891 -0.0225899061303867 0.999006442291893 -0.0384164600180101 -4.58181597265438 -0.982891074567925 -0.029218690082923 -0.181855447222642 -39.7175568026225
185 -0.180941142126299 0.0331966093704253 0.982933511592894 135.508947668919 -0.0138943193201905 0.999244155475117 -0.0363051737284045 -4.6262797634168 -0.983395775350219 -0.020226291680099 -0.180343134463756 -39.8693091245284
187 -0.175512860328386 0.0252847781421825 0.984152384467796 137.128693751699 -0.00416634838222401 0.999642096283422 -0.0264257616587142 -4.71635899028124 -0.984468322192495 -0.00873838270996642 -0.17534469842886 -40.1653792768255
189 -0.166685952700394 0.0301421053959341 0.985549210671219 138.736528953889 -0.00199842611884335 0.999520254671461 -0.0309073906136592 -4.79655833290829 -0.986008011866744 -0.0071213751339318 -0.166545749122553 -40.4300476410979
191 -0.151917587592648 0.0343224598768018 0.987797051690293 140.336581103059 -7.21652101369367e-05 0.999396499657672 -0.0347365983391362 -4.86964026712387 -0.9883931613342 -0.00534838480266424 -0.151823428389001 -40.672058029914
193 -0.130058639136103 0.0285853391768451 0.991094157368618 141.9196252755 0.00633975766642995 0.999587864532888 -0.0279983669400865 -4.95690280331518 -0.991486035130499 0.00264186728007072 -0.130186261481305 -40.8813522238325
194 -0.1165327982191 0.0312093531997574 0.99269637010119 142.703231558741 0.0103075492704987 0.999490336357266 -0.0302129435255097 -4.99177882431829 -0.993133355278768 0.00671146789399993 -0.116795097634468 -40.9696157114705
195 -0.103049538191899 0.0321451284304823 0.994156669442309 143.486103909291 0.00895412405946755 0.999467144748443 -0.0313886959067027 -5.02732208870619 -0.994635921501312 0.00566721153510184 -0.103282459172177 -41.036328407746
197 -0.0755473340145743 0.0337377681553765 0.996571303682373 145.062121444224 0.0117235918032141 0.999388424767601 -0.0329444052270567 -5.10615981798038 -0.997073296061289 0.00919453318156916 -0.0758966589584222 -41.154786240643
198 -0.062450575282516 0.0400243156349419 0.997245195428305 145.830594154207 0.00778578964245689 0.99918470062222 -0.0396145872391408 -5.15240853309212 -0.998017688784385 0.00529038755089183 -0.0627112802694632 -41.1851412937218
199 -0.0498921353492048 0.0494634819508916 0.997529016512097 146.58189433621 0.000343862108956096 0.998773667865985 -0.0495080007309587 -5.19545159174532 -0.998754552725116 -0.00212704744197476 -0.0498479596376113 -41.2032350612959
200 -0.0364123073294615 0.0577321529319506 0.997667851738637 147.323990498033 -0.00373893813576444 0.998315034426584 -0.0579060651353943 -5.24070712697338 -0.999329857562838 -0.00583871181764156 -0.0361350968969056 -41.2086699513829
201 -0.0229396034658405 0.0585327658210972 0.998021888496521 148.07478284415 -0.00356345836784579 0.99827345559229 -0.0586294262660657 -5.28949038803974 -0.999730501864023 -0.00490134523982946 -0.022691418147603 -41.2208680597893
203 -0.000791196944289307 0.0524510535389764 0.99862318268206 149.604865319108 -0.0116643290084132 0.998555074190181 -0.0524567177568844 -5.40065162736679 -0.999931656382664 -0.011689772953029 -0.000178247378087359 -41.2016487684138
205 0.0143295880226256 0.0666614632656202 0.997672748060399 151.114976213866 -0.0187758455833734 0.997617206746629 -0.0663880744236737 -5.51213432396133 -0.999721026351718 -0.0177808357042152 0.0155470689175987 -41.1564510064723
207 0.0170443372327778 0.0650380536479923 0.997737210965882 152.616894594722 -0.0234835609736606 0.997632935618301 -0.0646300869070128 -5.6268338951181 -0.999578917811041 -0.0223288456327805 0.0185313172876552 -41.1066202014994
209 0.0122113078072054 0.0576485074789478 0.998262256898 154.100524667605 -0.0228349140242699 0.998092415261862 -0.0573593697511232 -5.7468834786991 -0.999664669108168 -0.0220947998902812 0.0135044124147089 -41.0715512157461
211 0.00607518327047718 0.0578768444366954 0.998305245416591 155.575455168755 -0.0197379787828987 0.998136115465218 -0.0577469237065624 -5.85535659552765 -0.99978672942873 -0.0193537046080655 0.00720623175784607 -41.058834846645
212 0.000969648992614425 0.0563119860684371 0.99841275032216 156.309623748129 -0.0207814361941292 0.998198739523033 -0.0562797328026418 -5.91308195300905 -0.999783572424823 -0.0206938792800083 0.00213814634765341 -41.050869044706
213 -0.0042894250131249 0.056653163554052 0.998384705357797 157.076580166695 -0.0215627637412572 0.99815651589064 -0.0567328564845554 -5.9637760322484 -0.99975829481575 -0.0217712848581857 -0.00305991874536415 -41.0464212112276
214 -0.0103069142172032 0.0547549783702989 0.998446623442129 157.824155546036 -0.0222465295078687 0.998239965519094 -0.0549732950194261 -6.01655498245392 -0.999699384537259 -0.0227785773064394 -0.00907066545077173 -41.0474674896102
216 -0.0220614982272005 0.0520715473548599 0.998399641552441 159.291364229288 -0.020562892548652 0.998407807536246 -0.0525263486328477 -6.12282136517377 -0.999545125417559 -0.0216887944971004 -0.020955630442884 -41.0663336490238
217 -0.027645218615858 0.0533672676417295 0.998192204253338 160.016610551716 -0.0221276561673307 0.998296505875328 -0.053985675782114 -6.17149179076713 -0.999372857706383 -0.0235800996937492 -0.0264172325994045 -41.0776634730278
218 -0.0316270228960081 0.0556454757034581 0.997949554063967 160.742345710265 -0.0227251110534559 0.998150897257016 -0.0563769069089597 -6.22544620280078 -0.999241362609827 -0.0244615481674662 -0.0303039916662351 -41.0922836875226
219 -0.0338711724099905 0.0578206556284065 0.997752231499521 161.457776805583 -0.0229450312373092 0.998016941982542 -0.0586149217975541 -6.27892271550445 -0.999162784145352 -0.0248788122408545 -0.0324773071604267 -41.1135406010049
221 -0.0347247323918001 0.0577964545134508 0.997724291979499 162.871509654398 -0.0163830085279843 0.998159300530964 -0.0583918469917536 -6.38127025370017 -0.999262623133624 -0.0183733668447288 -0.033713934788143 -41.160524113356
223 -0.0231675677668091 0.0538465710034178 0.998280426831532 164.266432529533 -0.0126908661254608 0.998452142489596 -0.0541503561846199 -6.49063838791206 -0.999651041974526 -0.0139235752990908 -0.022448348049124 -41.1911208240404
225 0.00235646722164362 0.0547745132055682 0.99849596882778 165.625200965137 -0.00742261857368011 0.998472192398524 -0.054755691397276 -6.58890186954438 -0.999969675438082 -0.00728242473198966 0.00275943731219375 -41.1873759327076
226 0.0176913318802812 0.052452776942978 0.99846668595766 166.28377802453 -0.00842071719576156 0.998595373706768 -0.0523103348617538 -6.63305127751393 -0.999808035723964 -0.00748236609703078 0.018108172171129 -41.1682423101654
228 0.0500773045955385 0.0410627997891241 0.997900851807395 167.650621928925 -0.0148099747689146 0.999075120290859 -0.0403679162596993 -6.72263344356019 -0.9986355332211 -0.0127573699987218 0.0506391281414476 -41.0782234466301
229 0.0669585399629535 0.0336240736912729 0.997189037040838 168.313234569574 -0.0153063321782018 0.999349010280374 -0.0326691268155141 -6.75828483369821 -0.997638346356675 -0.0130758296119769 0.0674296118828994 -41.019112055715
230 0.0848119252299089 0.0262351362878117 0.996051532282721 168.974766656491 -0.0159510016227565 0.999560951587849 -0.0249693734007039 -6.79152937329566 -0.996269292353241 -0.0137703189778926 0.0851931653903053 -40.9480039874457
231 0.101934023901259 0.0205411594077321 0.994579064499894 169.642412910694 -0.0176051277610377 0.999667465699778 -0.0188419080217693 -6.82412225699822 -0.994635367482886 -0.0155890599963376 0.102261757077685 -40.8635567035288
232 0.119798121060096 0.0181676945472559 0.992632029034581 170.29679256857 -0.0185241567622797 0.99969939811492 -0.0160614141628995 -6.85259942386913 -0.992625440841971 -0.016463544074813 0.120098650740879 -40.7722306991782
233 0.137671324789587 0.0166874640285312 0.990337384367053 170.949413647936 -0.0172706415457881 0.99974649931179 -0.0144451394738408 -6.87620051327063 -0.990327385903912 -0.0151150804866628 0.137924628223551 -40.6731298224639
234 0.155193793978772 0.0160223206357242 0.987754104801352 171.57460737826 -0.0181292395425316 0.999746275846684 -0.0133684181672795 -6.89591636134737 -0.987717680809696 -0.0158325352401877 0.155444890053627 -40.5598301237388
235 0.171518702569018 0.0150763773081304 0.985065499099579 172.182789710134 -0.022016385798785 0.99969184860812 -0.0114667599102159 -6.91220981314841 -0.984934826993847 -0.0197208182827784 0.171797776181352 -40.4360358328311
236 0.185919791937764 0.0115999820992447 0.982496448533589 172.801185194674 -0.0243907726382456 0.999676664137892 -0.00718730744062011 -6.92913481874611 -0.982262144835037 -0.0226275847901137 0.186142609927545 -40.3018644994616
