0 1 0 0 0 0 1 0 0 0 0 1 0
1 0.999999831465796 -0.000573294645372641 -9.16603968935856e-05 -0.00653146522813821 0.000573446629616141 0.999998446491399 0.00166678545444509 -0.0204201602485152 9.07046953223523e-05 -0.0016668377358804 0.99999860671134 1.31766346526325
2 0.999998479556125 -0.0017049953531465 -0.000365891081912093 -0.0116857896737221 0.00170565315970078 0.999996916170326 0.00180510308202632 -0.0420233396978969 0.000362812261199512 -0.00180572442074837 0.999998303861851 2.67388220611373
3 0.999995207543759 -0.00302901245038959 -0.000640291410210926 -0.0163848313877566 0.00302934593046977 0.999995276060933 0.000520498849904578 -0.0623566688969666 0.000638711788016544 -0.000522436019614453 0.999999659553871 4.01567173469895
4 0.999994218471674 -0.00330582644422557 -0.000796576892444406 -0.0230619111824943 0.00330635199599905 0.999994316629829 0.000659351590717221 -0.0825301908884295 0.000794392663278421 -0.000661981542255624 0.999999465360224 5.33283645767689
5 0.999992656150144 -0.00376561985862401 -0.000712567793782601 -0.0308704540700708 0.0037667110315808 0.999991725908774 0.00153622979919029 -0.102978262746131 0.00070677704049243 -0.00153890255431889 0.999998566121544 6.66142435074777
6 0.999986049686876 -0.00523075043771363 -0.00073463017592632 -0.0334526704947516 0.0052327415021572 0.999982568829722 0.0027350416965198 -0.123655973069245 0.000720311049911396 -0.00273884767164203 0.999995989924671 7.99878241118396
7 0.999988139380882 -0.00478037333307184 -0.000932270539467811 -0.0416336588275662 0.00478349916092759 0.999982846657128 0.00338001882885392 -0.1449425181307 0.000916096796036865 -0.00338443825508128 0.999993853153287 9.34021192708077
8 0.999991588308869 -0.00389973581364104 -0.00127097289119951 -0.0504717603691943 0.00390164737055918 0.999991255996445 0.00150501775656859 -0.164586746297567 0.00126509260616257 -0.00150996398486307 0.999998059772849 10.6839958439747
9 0.999998605146114 -0.00106978604135359 -0.0012826783118672 -0.0623474384172077 0.00106889978107769 0.999999189687442 -0.000691431643962039 -0.185992471452967 0.00128341695641812 0.000690059624949176 0.999998938328751 12.0243565728979
10 0.999996397204483 0.00242471000419823 -0.00115167679874171 -0.0765886216465475 -0.00242648392518669 0.999995868118537 -0.00154140248315946 -0.209553707381373 0.00114793458612828 0.00154419145504066 0.999998148857755 13.3685772799737
11 0.999988303303145 0.00472667788377525 -0.0010255598865735 -0.089670644344953 -0.00472834102399227 0.999987500401186 -0.00162537151123958 -0.235273541234692 0.00101786445991126 0.00163020169664598 0.999998153195479 14.7220638039934
12 0.99998276020165 0.0058075406368714 -0.00086704742660772 -0.102008718259101 -0.00580817685655855 0.999982863697142 -0.000733071392721863 -0.259510762989429 0.000862775226717465 0.000738094719515638 0.999999355417339 16.0803346711748
13 0.99999443644632 0.00330736211272496 -0.000434087851065993 -0.108513828205696 -0.00330644950382022 0.999992356917 0.00208650407671772 -0.281602204015654 0.000440985357827901 -0.00208505717878052 0.999997729031659 17.4317365942938
14 0.999999679127522 -0.000749123971948554 -0.000283827638524667 -0.113102269008427 0.000750186109994291 0.999992646951358 0.00376075311838162 -0.301873843869517 0.000281008281212675 -0.0037609648352115 0.999992888063637 18.7923531221518
15 0.999995068584869 -0.00307231508931606 -0.000650911618422855 -0.117584542924396 0.00307319722165956 0.999994354832491 0.00135858823304346 -0.320336248766148 0.000646733932789189 -0.00136058191305817 0.999998865275395 20.1630219671582
16 0.999991344795519 -0.00411251715730531 -0.000630505099517448 -0.127631634626908 0.00411212165573692 0.999991348440375 -0.00062729569527708 -0.339575337327878 0.000633079408974516 0.000624697552230789 0.999999604481637 21.5317178330626
17 0.999998317708387 -0.00183322810173779 -6.2089641977834e-05 -0.137971465455101 0.00183308984720867 0.999995991394346 -0.00215800297753152 -0.366427027518517 6.60455047869887e-05 0.00215788553124888 0.999997669581297 22.8980764050932
18 0.999999234656536 0.000952199919927111 0.000789937753398124 -0.152520524595242 -0.000952116126236877 0.999999541072003 -0.000106445595901974 -0.388811431776634 -0.000790038748361468 0.000105693401960799 0.99999968233379 24.2802037946683
19 0.999998403757179 0.00134439486515845 0.00117689657208131 -0.159267199630371 -0.00134855017491262 0.99999283517652 0.00353709033680482 -0.410784864201127 -0.00117213289373871 -0.00353867179482789 0.999993051929066 25.6560456993053
20 0.999998196624303 -0.00104936242294751 0.00158290449722593 -0.160611744176152 0.00104056668459867 0.99998407202384 0.00554733445842401 -0.427074213425571 -0.00158870044908903 -0.00554567733681115 0.999983360608445 27.0490560395388
21 0.999986848937646 -0.00499099603539797 0.00117979249513087 -0.160424183378779 0.00498663452177124 0.999980827239667 0.00367132526721662 -0.443314795051199 -0.00119809344510545 -0.00366539379140437 0.999992564702584 28.4126942635171
22 0.999984266015727 -0.00550312365675715 0.00108781938142056 -0.162322521031835 0.00550158733291013 0.999983871693826 0.00141027977488773 -0.46320225830497 -0.00109556278072834 -0.00140427285223861 0.999998413878717 29.7886849128466
23 0.999982176007103 -0.00568773528558817 0.00181585666300544 -0.166071340044765 0.00568977294588109 0.999983187063366 -0.00111896131158989 -0.485827932648674 -0.00180946177738729 0.00112927317934618 0.999997725292494 31.1983789751667
24 0.999994600961215 -0.00218282503522371 0.002456282411799 -0.176706480427641 0.00218741926067576 0.999995860507605 -0.00186926847507389 -0.511858627703385 -0.0024521919580117 0.00187463130227812 0.999995236244694 32.5917305010618
25 0.999995260251685 -0.00133423734007252 0.00277475852744695 -0.182963708570818 0.00134558676047727 0.99999072078393 -0.00409240055536851 -0.537511322436997 -0.00276927254623152 0.00409611483675793 0.999987776411696 33.9614883775335
26 0.99999528977073 -0.000314947350336796 0.00305307132569489 -0.191143783916913 0.000325837060749631 0.999993585277931 -0.00356696414316954 -0.564863637303293 -0.00305192833518524 0.00356794214573765 0.999988977700395 35.3503232805077
27 0.999995420567409 -0.000352898852896129 0.0030057123299524 -0.198827631365969 0.00035966707472411 0.999997400592334 -0.00225154350847286 -0.593306159920242 -0.00300490994975935 0.00225261425344232 0.999992948097745 36.7663305346295
28 0.99999592876603 0.000863876456722501 0.00271958982813403 -0.210271834035692 -0.000862161420193551 0.999999428795737 -0.000631732448078447 -0.621157775757484 -0.00272013401348156 0.000629385150719276 0.999996102365045 38.1781799051943
29 0.999988846482241 0.00376197954159498 0.00285559469201978 -0.224165798619073 -0.00376100455523523 0.999992867288351 -0.000346723461248828 -0.646103833324091 -0.00285687869045407 0.000335979689417953 0.999995862672339 39.5966763781959
30 0.999975650490779 0.00625078097167112 0.00310260580611643 -0.233778994357032 -0.00624830520426769 0.999980153506175 -0.000807016630255101 -0.669700594264198 -0.00310758871446568 0.000787610951791072 0.999994861267482 41.0034873046404
31 0.999957752885744 0.0086785474475352 0.00302906881627873 -0.241056277235036 -0.00867728360613907 0.999962259156158 -0.000430130830001579 -0.693545044491298 -0.00303268740748237 0.000403828569033897 0.999995319853836 42.4270944672896
32 0.99995367809625 0.00922881654459785 0.00273324111020625 -0.246125401142149 -0.00922794424851925 0.999957366639995 -0.000331583101954023 -0.717967414452686 -0.00273618470257124 0.000306345545810745 0.999996209715657 43.8480711464278
33 0.999962805903249 0.00830444840005959 0.00232872215412614 -0.250844154418458 -0.00830343496774996 0.99996542708749 -0.000444519370145436 -0.743042143090555 -0.00233233313159105 0.00042516644368423 0.99999718972388 45.2644216492487
34 0.999971181733998 0.00739031181818211 0.00173752488948041 -0.260679568782266 -0.00738890274616146 0.999972368756078 -0.000815990542369176 -0.766696361603095 -0.00174350730405516 0.000803128624509265 0.999998157581649 46.7003144619398
35 0.999976830937075 0.00673872134013397 0.000962924578450157 -0.270426034909268 -0.00673819780325481 0.999977149076118 -0.000545908383092194 -0.792492726307168 -0.000966581299204812 0.000539407358627302 0.999999387379959 48.1272355240019
36 0.999975637424666 0.00697984356655466 -7.96298924537272e-05 -0.279470689522208 -0.00697979901582079 0.999975491480479 0.000546666327962389 -0.815828065677106 8.34435862952339e-05 -0.000546097209117813 0.999999847407491 49.5507193654152
37 0.999972829893819 0.00728096842261856 -0.00115194313052736 -0.290907805295347 -0.00728070859207383 0.99997346893313 0.000229591464322914 -0.840139155148457 0.00115358421644897 -0.000221198264050439 0.999999310157154 50.9730845433561
38 0.999969372857807 0.00748054803903513 -0.00230103181181363 -0.300051874261573 -0.00747921788504384 0.999971858478916 0.000586131427499861 -0.862383122289929 0.00230535164157898 -0.000568903557688316 0.999997180847302 52.4238591373118
39 0.999965827417111 0.00759470627277265 -0.00326564459841706 -0.313638329173311 -0.00758987407655752 0.999970087060096 0.00148956252807475 -0.886238664259377 0.0032768597032621 -0.00146472579459501 0.999993558363669 53.8720795564471
40 0.999975443897127 0.00579864223229363 -0.00393539718529614 -0.326231921544893 -0.00578895455615058 0.999980196765245 0.00246861955117672 -0.909832967650742 0.00394963389328675 -0.00244577709603498 0.999989209225032 55.3121274380255
41 0.999979971792594 0.00444139803385943 -0.00450887981512612 -0.340357742108238 -0.00442925454131649 0.999986546674451 0.00269966188876057 -0.93220980271234 0.00452080942870293 -0.00267963684297494 0.999986190818903 56.7522485703224
42 0.999984705865819 0.00192971149436865 -0.00518307321953397 -0.353185806769133 -0.00191853255313727 0.999995824811729 0.00216092386552963 -0.955527188342567 0.00518722153884923 -0.0021509469213731 0.999984232955724 58.1862041834421
43 0.999986423131898 0.000964880538595427 -0.0051207965608898 -0.366901325224937 -0.000952224374397251 0.999996487810472 0.00247338542529135 -0.978472236681633 0.00512316509714305 -0.00246847569716206 0.999983829772822 59.6167464587975
44 0.999988204595952 -0.000463147692435022 -0.00483489019320243 -0.376597067515831 0.00047841358825594 0.999994902963762 0.00315676526457048 -0.999474198525578 0.00483340350104406 -0.00315904110641485 0.999983329195984 61.0490808044355
45 0.999989603312865 -0.00145064389150581 -0.00432306586575755 -0.389344553705221 0.00146688929320059 0.999991866393972 0.0037570442773716 -1.02280283469885 0.00431758057031188 -0.00376334667558997 0.999983597725392 62.4632583792444
46 0.999988241176477 -0.00308861043258657 -0.00373871560459436 -0.404555056317754 0.00310126371682113 0.999989467529928 0.00338334044536975 -1.04744067422111 0.00372822640608759 -0.00339489540431858 0.999987287425725 63.8762945601057
47 0.999983124864349 -0.00475498317308667 -0.00333768206317099 -0.416568523221301 0.00476350922821811 0.999985400074001 0.00255119945768811 -1.07140842431548 0.00332550242276736 -0.00256705548515996 0.999991175590951 65.2847071714402
48 0.999986805922861 -0.00423109173879842 -0.00291304701159165 -0.427606523820192 0.00423767689225704 0.999988471420118 0.00225812342737155 -1.09677223967544 0.00290345910091774 -0.00227043818552394 0.999993207494778 66.7237866023006
49 0.999994015097681 -0.00275631253049592 -0.00209105477023184 -0.441952388780835 0.0027605249719905 0.99999416102931 0.00201430116050221 -1.12213707970316 0.00208549051709544 -0.00202006151401755 0.999995785031508 68.1636955920718
50 0.999998684374033 0.00041392582437764 -0.00156841181275146 -0.455630674696693 -0.00040880465503909 0.99999458922013 0.0032641092533408 -1.145526053464 0.00156975442553395 -0.00326346378494384 0.999993442816086 69.5891370509264
51 0.999992991731377 0.00364591880670291 -0.000850743313063303 -0.470141186061893 -0.00364199364642154 0.999982922528516 0.00457061632692385 -1.1686854689398 0.000867392880543189 -0.00456748589307595 0.999989192792706 71.0156878040601
52 0.999970617302395 0.00766321836689475 -0.00019903800564051 -0.485886423946452 -0.00766209220783478 0.999957391124359 0.00514861911235904 -1.19081175572844 0.000238484517400854 -0.00514694278448849 0.999986725964454 72.4138056951829
53 0.999929785435053 0.011836594204328 0.000565011017799121 -0.503823369749821 -0.0118392386269772 0.99991774998402 0.0049321086392335 -1.21074135185819 -0.000506585177099611 -0.00493845163363772 0.999987677457538 73.8189080314381
54 0.999881891283822 0.0153051546235662 0.00139847225092585 -0.518450304922829 -0.0153109069237107 0.99987396193192 0.00419956899452654 -1.23353202240097 -0.00133402093737152 -0.00422048486729341 0.99999020389983 75.2140140996751
55 0.999848569841792 0.0172474786648284 0.0023155701304478 -0.532165827490173 -0.0172567775695773 0.999842856749744 0.0040577622434871 -1.25783560510739 -0.00224522008650982 -0.0040971070545965 0.999989086290719 76.6434534052287
56 0.999841012007681 0.0176221611785238 0.0027221577570441 -0.541525858906635 -0.017634026725263 0.999834834960335 0.00439817022090871 -1.28236850253233 -0.00264420288722675 -0.00444547356729351 0.999986622888453 78.0690945406598
57 0.999856965503189 0.0166748311739542 0.00282816903212418 -0.551328562421057 -0.0166865098777568 0.999852127454245 0.00415735653028948 -1.30489733135708 -0.00275842760529706 -0.00420395415538061 0.999987358843404 79.4427360643056
58 0.999877792100223 0.0153829771716498 0.00278655308934519 -0.559407634675288 -0.0153922251389458 0.999875993193468 0.00332830897723379 -1.3274570535705 -0.00273500823677837 -0.0033707934840967 0.999990578696236 80.8098072865171
59 0.999883924883565 0.0150210393695091 0.00255051675078516 -0.564502134102133 -0.0150292989385382 0.999881769545588 0.00325070819969135 -1.35206413122889 -0.00250138618618438 -0.00328866335205388 0.999991463843819 82.1986720843733
60 0.999884308288802 0.0150233371433814 0.00238104575786504 -0.571458608704603 -0.0150314238548251 0.999881187995753 0.00341558034563881 -1.37716546302139 -0.0023294494459735 -0.00345097569930809 0.999991332178435 83.626435085294
61 0.999889006119389 0.0147627441596797 0.00200918552058936 -0.58210828019091 -0.0147685837221684 0.999886665172892 0.0029233104992199 -1.39982197592719 -0.00196580172489646 -0.00295265885421755 0.999993708694844 84.9967133027845
62 0.999891285378485 0.0146873980171965 0.00130298259617612 -0.593564047713496 -0.0146917216331564 0.999886381076698 0.00337316658323448 -1.42340251596764 -0.00125329151251019 -0.00339194292830195 0.999993461970405 86.3989419654783
63 0.99990114357626 0.0140577889988483 0.000285733005644531 -0.602510502117089 -0.0140588855904311 0.999891971591048 0.00428869254234706 -1.44789283557209 -0.000225412603521297 -0.00429228566517557 0.999990762693799 87.8315664550391
64 0.999930920226678 0.0117231693296927 -0.000849750255496312 -0.611665339383577 -0.0117184581429517 0.999917013669267 0.00535196351694612 -1.46945182381222 0.000912421712396066 -0.00534163604171854 0.999985317097714 89.2315423710015
65 0.999948982900762 0.00985918962311565 -0.00219726550657169 -0.62260838465 -0.00984644962199162 0.99993507413432 0.00573541156617512 -1.48921288509524 0.00225366935740407 -0.00571348369799749 0.999981138361349 90.5983931664877
66 0.999963626819477 0.00798072985090478 -0.00300881855294004 -0.630627347740887 -0.00796336897582231 0.999951826102063 0.00573848670855547 -1.51285801104178 0.00305447091859615 -0.00571431764922413 0.999979008170277 91.96985787124
67 0.999972407543642 0.00658013945804202 -0.00344759569642086 -0.639263138765437 -0.00656185349781233 0.999964485194719 0.00528870758636692 -1.5358472721304 0.00348227368920211 -0.00526593904005404 0.99998007162942 93.3184776665483
68 0.999977979719839 0.00542463021935043 -0.00382275586622324 -0.650011475064545 -0.00540565585716792 0.999973105615542 0.00495650384469768 -1.55744715280105 0.00384954025609556 -0.00493573019845563 0.999980409611721 94.7019203625964
69 0.999975171454706 0.00584581361065436 -0.00393483638288402 -0.662961710915209 -0.00582807387051702 0.999972869577655 0.00450484889748172 -1.58043682549551 0.00396106413610994 -0.00448180453152898 0.999982111539527 96.0407945816551
70 0.999976372342252 0.00573097498426404 -0.0037961405347377 -0.677036259798526 -0.00571615501297335 0.999976044349974 0.00390337008821094 -1.60108417459241 0.00381841971205346 -0.00388157853297084 0.999985176399628 97.3684704248699
71 0.99997098176037 0.00657435843782237 -0.00384882427925755 -0.691330819588312 -0.00656208824621852 0.999973374613017 0.0031920311565501 -1.62397717834516 0.00386970735978954 -0.00316668220486041 0.99998749866624 98.721538596842
72 0.999964467864018 0.00759483908976282 -0.00365806350849743 -0.709711281769543 -0.00758192910179739 0.99996502534286 0.0035302184278886 -1.64400358883333 0.00368474700989195 -0.00350235781351608 0.99998707798112 100.05327674851
73 0.999959042488767 0.0084062588586859 -0.00335382720912762 -0.722847571908507 -0.00838988877254246 0.999952966803176 0.00486558813621008 -1.66632197370733 0.00339457086128511 -0.00483725061658243 0.999982538795123 101.392657311862
74 0.999948038453407 0.00965795269597215 -0.00326256691980159 -0.737097216699611 -0.00963773931797213 0.999934609941462 0.00615547090440136 -1.68839791852609 0.00332180282717586 -0.00612370728713267 0.999975732623067 102.733612035817
75 0.999954422255717 0.00900516366189526 -0.00317181945527397 -0.748600882526988 -0.00899010337537034 0.99994839730433 0.00473083182990564 -1.71084542457841 0.00321425769572511 -0.00470210122447133 0.999983779264214 104.104437039522
76 0.999957463334941 0.00868556402049068 -0.00310362665233508 -0.762263572168415 -0.0086779154348704 0.999959297022717 0.00246942939536862 -1.72914040326425 0.00312494871259751 -0.00244239134444717 0.9999921346791 105.452672705578
77 0.999963666114394 0.00789625826375918 -0.00321178400456288 -0.775539531450349 -0.00789217761471357 0.999968035492793 0.00128122019233531 -1.75059251939483 0.00322179818700134 -0.0012558256708033 0.999994021441292 106.776318311279
78 0.999979527024 0.00564449474643944 -0.00301416852779863 -0.788790987160482 -0.00563690348905227 0.999980934483351 0.00252110865678785 -1.77358825405857 0.00302834144568682 -0.00250406646509989 0.999992279369809 108.160622391851
79 0.999992336757052 0.00325615787537961 -0.00217344497552282 -0.800737086761722 -0.00324617677450204 0.999984242234261 0.00458013313332192 -1.79824901821576 0.0021883243634584 -0.00457304264804878 0.999987149176138 109.500377700689
80 0.999997663401942 0.00166397164161644 -0.00137999602592985 -0.810090546571164 -0.00165687905195999 0.999985495031505 0.00512488813569107 -1.81873649890699 0.00138850367765522 -0.00512258967438026 0.999985915467095 110.85009211603
81 0.999999298301555 0.000974380975059426 -0.00067377897893149 -0.818688536006011 -0.00097194464008045 0.999993022959439 0.00360684849397848 -1.83821913082871 0.000677288722500679 -0.00360619108719133 0.999993268310257 112.157794301924
82 0.999995114728309 0.00312551603788436 4.08535669495771e-05 -0.829425956505859 -0.00312556475918977 0.999994330979385 0.00125253903246654 -1.86126226997796 -3.69385045158136e-05 -0.00125266060394221 0.999999214738171 113.482927011486
83 0.999985351055124 0.0052577667958714 0.00128590959280002 -0.843071589639309 -0.0052566348019327 0.999985794737811 -0.000882107220154973 -1.88448552778129 -0.00129052924016963 0.000875334741097278 0.999998784160947 114.856397639351
84 0.999960779372121 0.00840859636237082 0.00278122719600683 -0.858774276664317 -0.00840646271122781 0.999964362442934 -0.000777964511201937 -1.90770838461855 -0.00278766966942287 0.000754553716230656 0.999995829764556 116.189769327036
85 0.999944154749524 0.00974853347566458 0.00408086722827148 -0.86674124545271 -0.00975297407982292 0.999951866493786 0.00106966919784917 -1.93254698695433 -0.00407024309584027 -0.00110941005420542 0.999991101125641 117.534239391004
86 0.999938264071614 0.00986465989972907 0.00511434556035671 -0.869729573693142 -0.00988206366810116 0.99994542858977 0.00338890248904516 -1.95661450010518 -0.0050806360928193 -0.0034392335604519 0.999981179227594 118.851380138759
87 0.999942243235603 0.00898701992644756 0.00589437577620228 -0.87032343919009 -0.00901014670484139 0.999951768168726 0.00390878403022558 -1.97852436324382 -0.00585896315969656 -0.00396166746198431 0.999974988558021 120.181429430719
88 0.999934683877575 0.0092382704558457 0.00672921523194215 -0.868329883059442 -0.00926123955713439 0.999951366762681 0.00339021405099049 -1.99704363426731 -0.00669756825411455 -0.00345231348964902 0.999971611652576 121.536676338537
89 0.999904374769057 0.0112325500811917 0.00806666823264306 -0.870865462692551 -0.0112556899970194 0.999932651013757 0.00282893607064587 -2.01632553199989 -0.00803434878462521 -0.00291946146991623 0.999963462324665 122.872916043548
90 0.999868153437249 0.0133115266582522 0.00929940858403677 -0.872061873759162 -0.0133350180482347 0.999908037197247 0.00246869236700547 -2.03696295033924 -0.00926569132010502 -0.00259237465970843 0.999953712207712 124.21782577434
91 0.999847452064892 0.0140029934567233 0.0104397688477305 -0.876770272154784 -0.0140188646029793 0.999900681522344 0.0014486291431934 -2.05747974670801 -0.0104184468413681 -0.0015947618637716 0.999944454807371 125.605525301596
92 0.999819432075694 0.015216519582298 0.0113824766917641 -0.875274070333035 -0.0152245913046371 0.999883905219859 0.000622817702709106 -2.08000579023722 -0.0113716781278656 -0.000795998797475973 0.999935023550266 126.906742261842
93 0.999819573549408 0.0142596571031441 0.0125492042290146 -0.869379636064582 -0.0142672505313431 0.999898084577809 0.000515771174154666 -2.10383476161232 -0.0125405705514803 -0.000694720756096738 0.999921122615836 128.259059829049
94 0.999813089381943 0.0138488179987405 0.0134906093476785 -0.863237053859097 -0.0138713999665264 0.999902536387195 0.00158176781568688 -2.12763007275925 -0.0134673888895568 -0.00176860580454063 0.999907746479647 129.637467403873
95 0.99981982564514 0.0124131375901928 0.0143607194140431 -0.850963155131788 -0.0124506116503707 0.999919305050885 0.00252302518542042 -2.14946878311323 -0.0143282419177506 -0.00270137034142953 0.999893696390684 130.992445752974
96 0.99982538352998 0.011518332081656 0.0147149745220399 -0.844487875052405 -0.0115600326370347 0.999929393645256 0.00275197559239196 -2.16822023728385 -0.014682237382575 -0.00292160063785635 0.999887941799057 132.358448218121
97 0.99984893071067 0.00926427535409259 0.0147067657523419 -0.830759304618036 -0.00930819307867471 0.999952412721289 0.0029205880371939 -2.18805958707831 -0.0146790087656086 -0.00305704024122033 0.999887584284665 133.688210699559
98 0.999864264710753 0.00782596517623938 0.0144984972837319 -0.81906298053302 -0.0078792036111202 0.999962411522134 0.00361852087093851 -2.20783102311498 -0.0144696338889622 -0.00373226632211525 0.999888343708046 134.999697164485
99 0.999883525163908 0.00625108615356282 0.0139233626576774 -0.809433553575912 -0.00629809277547265 0.999974606207052 0.00333481160515444 -2.22777953665637 -0.0139021628960392 -0.00342211381328394 0.999897504249241 136.317618252974
100 0.999907167714382 0.00484647947445094 0.0127345039206732 -0.799140971738151 -0.00488845055459921 0.999982715393762 0.00326679734512327 -2.24725317361169 -0.012718451343507 -0.00332874607361263 0.999913576487988 137.655336538136
101 0.999925132329486 0.00341046760108406 0.0117515295430459 -0.791811548669303 -0.00345954757503484 0.999985368343055 0.00415868132703528 -2.26701105956096 -0.011737174550768 -0.00419902495178551 0.999922300442899 138.996553977514
102 0.999940009153267 0.00197555641260755 0.0107738234357299 -0.78393045493833 -0.00202230151697394 0.999988582367029 0.0043295995374662 -2.28666483691598 -0.010765147056038 -0.00435112772060163 0.999932587375979 140.306207634015
103 0.999952532602229 0.00163115396876404 0.00960582527004748 -0.777998596182177 -0.00167282250770798 0.999989220240477 0.00433140481847386 -2.30587533692475 -0.00959865653340107 -0.00434726805867527 0.999944481985465 141.62070702287
104 0.999962701088867 0.00120920640325757 0.00855185657810323 -0.775358308752051 -0.0012413433703759 0.999992184804371 0.00375358452912566 -2.32425667794716 -0.00854725088522329 -0.00376406031497751 0.999956387225088 142.986425814619
105 0.999971844732392 0.000971385584437069 0.00744084353701254 -0.771128609448982 -0.00099707870807941 0.999993551458709 0.0034500543543006 -2.34430615993035 -0.00743744422136046 -0.0034573763237579 0.999966364920546 144.340929793904
106 0.999976840117576 -0.00143883721843448 0.00665199037330077 -0.76828823714134 0.00143132736303076 0.999998333140432 0.0011335864928252 -2.3676461860004 -0.00665361033180316 -0.00112403906325538 0.999977232743694 145.706951674302
107 0.999961378711246 -0.00682890918385318 0.00553236705777341 -0.761065754631761 0.0068249118517735 0.999976435402049 0.000741092994886602 -2.39027857113191 -0.00553729754652685 -0.000703306455419094 0.999984421726614 147.034372489124
108 0.999883358298047 -0.0146070047950057 0.00446152547210983 -0.754115139201149 0.0145933659057442 0.999888784651103 0.00307441059097775 -2.41251641436125 -0.00450593721224206 -0.00300894331278162 0.999985321287258 148.359124609826
109 0.999766726805802 -0.0214212356817499 0.00276091178414133 -0.746823377888756 0.0214085320880832 0.999760450773872 0.004551463748989 -2.4284299301342 -0.00285774838752407 -0.00449129494597884 0.999985830671546 149.679645881495
110 0.999692257279242 -0.0247381472441576 0.00184791960331067 -0.744624869450772 0.0247359350371743 0.999693287006405 0.00121055035666668 -2.44994002048627 -0.0018772995953269 -0.00116446779934489 0.99999755987751 151.032482311154
111 0.999702323058591 -0.0243065252775638 0.00211142136649357 -0.743612267600575 0.0243104684783585 0.999702722092481 -0.00186240791623282 -2.47418042691288 -0.0020655250224748 0.00191318316291534 0.999996036660429 152.37023429263
112 0.999774616446908 -0.0210308888300723 0.00290138302461069 -0.754758743989705 0.0210420587133149 0.999771083460086 -0.00387458928805683 -2.50377595856281 -0.00281923279346842 0.00393476709130999 0.999988284698573 153.705982825682
113 0.999774336006954 -0.0209170764176385 0.00370850050458023 -0.756769931726295 0.0209315369181431 0.99977328783588 -0.00390431710794594 -2.53312799454182 -0.0036259928430996 0.00398106065937982 0.999985501560862 155.05412252219
114 0.99970287372609 -0.0239998283614548 0.00426292181705441 -0.753071233842054 0.0240019524450075 0.999711811349108 -0.000447803430424334 -2.56023800664649 -0.00425094608589725 0.000549988822989333 0.999990813442638 156.412406336258
115 0.999560557619625 -0.0292641895220506 0.00472216716781648 -0.745255586915256 0.0292540090164448 0.999569565087908 0.00221077055259458 -2.58288704387632 -0.00478483099064761 -0.00207165672541603 0.999986406723013 157.765301957177
116 0.999443584681165 -0.0330249421242919 0.00467699020199167 -0.739011408251729 0.0330086906630398 0.999448899973609 0.00351036782340435 -2.6023386419371 -0.00479034240677082 -0.00335403327816105 0.999982901394016 159.113679175678
117 0.999394679858441 -0.0344696464253295 0.0047029082446754 -0.736362198068623 0.0344545769355685 0.999400985065281 0.00324856564297853 -2.62168027620368 -0.00481206804150317 -0.00308456250682657 0.99998366460423 160.46197423697
118 0.999454062718394 -0.0325450742904956 0.0056916302693447 -0.739740885844724 0.0325226506082739 0.999463038620749 0.00398893825355588 -2.64124171130142 -0.00581839437550726 -0.00380165364080786 0.999975846566549 161.799736088388
119 0.999569916262463 -0.0285042884042827 0.00689115705943411 -0.742502154650742 0.028483297689501 0.999589382986882 0.00312524761197162 -2.66196331972513 -0.00697741039237187 -0.00292762061584896 0.999971371981091 163.153138416698
120 0.999658265037163 -0.0249544046011385 0.00778658037212005 -0.745867752880781 0.0249472102890851 0.999688249844181 0.00101971676039915 -2.68337052992744 -0.00780959932909331 -0.000825114829553791 0.999969164196495 164.510795156218
121 0.999719375961396 -0.0220464940017151 0.00866726194303642 -0.745852376407084 0.0220431829662587 0.999756905553217 0.000477371313846386 -2.70419928782739 -0.00867567934359656 -0.000286183311153538 0.999962324633803 165.848870181409
122 0.999754117878396 -0.0202478194204552 0.00904044213010382 -0.745659973999758 0.0202335155358505 0.999793885248828 0.00167088842041142 -2.72551668257852 -0.00907241060863191 -0.00148755765253124 0.999957738375967 167.205707305975
123 0.999792585397439 -0.0183271663651847 0.00888263234222351 -0.744920845426171 0.0183166085073228 0.999831432172686 0.00126850002190176 -2.74729794353855 -0.00890438302712438 -0.00110553721734687 0.999959744064914 168.552239008773
124 0.999833598115099 -0.0162065735498099 0.00837395091878412 -0.744147756397844 0.0162169332185974 0.999867811521376 -0.00117070937349016 -2.77054281076566 -0.00835387079138518 0.00130631436806947 0.999964252553846 169.904787945407
125 0.99989013558011 -0.0124811362996559 0.0079961244523954 -0.748128243785057 0.0125121323573699 0.999914353880013 -0.00383815692599413 -2.79864876373605 -0.00794753505562832 0.00393778381660439 0.999960664498936 171.249791857515
126 0.999940962542095 -0.00736070971310633 0.00799320854904129 -0.752494553860524 0.00740048482566503 0.999960324794949 -0.00495798954466994 -2.82894146233157 -0.00795639709505416 0.00501685045614645 0.999955762499905 172.637202909072
127 0.999960148381694 -0.00269832145929335 0.00851003582612637 -0.759892349912482 0.00273029061930318 0.999989251702868 -0.00374726458531484 -2.85978911059226 -0.0084998330332885 0.0037703501217429 0.999956767714668 174.063016300133
128 0.999958750077449 0.000300190839181559 0.00907788681392406 -0.764587060255711 -0.000283375064018959 0.999998241897448 -0.00185361824185262 -2.88962317591354 -0.00907842729328362 0.00185096933348665 0.999957077114016 175.475463521771
129 0.999957745487519 0.00126563731574144 0.00910524034292712 -0.759518185633659 -0.00126894652895645 0.999999130922153 0.000357672539413123 -2.91695800068551 -0.00910477974605175 -0.000369211489262814 0.999958482472474 176.88407190811
130 0.999961435306432 -0.0020027727509911 0.00855083628704893 -0.756917375223653 0.00199163494844913 0.999997157519129 0.00131085616820854 -2.93909220292529 -0.00855343732847452 -0.00129377547105435 0.999962581727386 178.284368955916
131 0.999968493721173 -0.00405205182975522 0.0068258655844799 -0.748402553734975 0.00404198715976368 0.999990724589879 0.00148764041684945 -2.96064314524021 -0.00683183026785029 -0.00146000348578894 0.999975596944752 179.678016057297
132 0.999979328988835 -0.00431460384576513 0.0047671572969129 -0.747238250390054 0.00432805220262904 0.999986673645464 -0.00281433750837597 -2.98622024036097 -0.00475495101664772 0.00283491183881309 0.999984676740447 181.043162572543
133 0.999990891198897 -0.00263663216740987 0.00335644008583757 -0.754095516449151 0.00266067103943155 0.99997069950325 -0.00717781057146913 -3.01380342652434 -0.00333741649423144 0.00718667557315226 0.999968606179889 182.414289786335
134 0.99999339217995 0.00222033481669505 0.0028784908785704 -0.771475142065069 -0.0021982043267937 0.999968178753809 -0.00766872724297493 -3.04698981150355 -0.00289542642350081 0.00766234905830139 0.99996645189363 183.788437624125
135 0.999981589173016 0.00539888461168734 0.00277008302383335 -0.785787580908168 -0.00538081056645681 0.999964454866663 -0.00649121566927739 -3.08286835388383 -0.00280502988525092 0.00647619086862418 0.99997509506946 185.185713571868
136 0.999967288528433 0.00746507792751968 0.00311359673533827 -0.80176847909561 -0.00745564998053676 0.999967619644547 -0.00302868713904463 -3.11202102575164 -0.00313610530148029 0.00300537417879217 0.999990566240294 186.613192671722
137 0.999960733456285 0.00821873720127142 0.00331419739693095 -0.808303694194111 -0.00821500525516826 0.999965608624273 -0.00113809373290061 -3.13918009566556 -0.00332343711042416 0.00111082289486084 0.999993860400287 188.040811037333
138 0.999963956608342 0.00775966855219339 0.003445726070168 -0.81337617515529 -0.0077588598846569 0.999969868842479 -0.000247992832070701 -3.16210128700333 -0.0034475465886332 0.000221248987788583 0.999994032717898 189.478473813494
139 0.999976982010903 0.00587405960159141 0.00339571379280478 -0.812320108163663 -0.0058753119538848 0.99998267578354 0.000358946007027403 -3.18559809878319 -0.00339354649448497 -0.000378888622650964 0.999994170125807 190.962513980852
140 0.999988333173252 0.00316604361522595 0.00364824412675528 -0.81529410393873 -0.00316949279659938 0.999994535302723 0.000940042607036077 -3.2091679287926 -0.00364524797431149 -0.000951594723201831 0.999992903292163 192.401291112195
141 0.999992390079202 0.000374222921585118 0.00388326420564174 -0.815457740909749 -0.000378285470560491 0.999999381928514 0.00104548682098999 -3.23264947544819 -0.00388287056037423 -0.00104694784734543 0.999991913575513 193.795244509304
142 0.999986570169234 -0.00284826287224206 0.00432976671223772 -0.813481162742351 0.00283901074394206 0.999993676952846 0.00214151169095855 -3.25636602094975 -0.00433583892315847 -0.00212919067660415 0.999988333455893 195.218230963005
143 0.999962281786429 -0.00729110252958238 0.00471962163531876 -0.810135841502658 0.00727368623998365 0.999966712679259 0.00369689354984254 -3.27678100096429 -0.00474641896167246 -0.00366242506267534 0.99998202891337 196.666451481744
144 0.99993810707745 -0.00999184160249496 0.00489337467979953 -0.806844148191185 0.00997488615298027 0.999944203753522 0.0034772152609166 -3.29677383434329 -0.00492784543196465 -0.00342818919056689 0.999981981766808 198.113017005927
145 0.999956542385725 -0.00782941740341227 0.00506098440108852 -0.806472602059153 0.00783428358515094 0.999968867456774 -0.000942400087071323 -3.32042945354132 -0.00505344839613019 0.000982008319629999 0.99998674907169 199.556573380413
146 0.999984349400516 -0.000463646869022925 0.00557548075119464 -0.81724685172202 0.00049747182560497 0.999981472585449 -0.00606687791366647 -3.34605015201072 -0.00557256456300203 0.00606955660797805 0.999966052927185 200.939209206273
147 0.999939635547518 0.00862402789871099 0.00680818653533282 -0.829181657600183 -0.00858218547454799 0.999944251784682 -0.00615137507010439 -3.37609711306582 -0.00686085662130394 0.00609257462612472 0.999957903704374 202.370563711497
148 0.999828271939017 0.0166094399052479 0.00821907157004072 -0.84532502001899 -0.0165888569985852 0.999859102398361 -0.0025661595086654 -3.40572764270716 -0.00826053599471526 0.00242937382413226 0.999962930156865 203.825934409638
149 0.999800482118688 0.0177631313337805 0.00913603417561486 -0.851706833525844 -0.0177593837650883 0.999842169066694 -0.000491166257841913 -3.43078197438299 -0.00914331687755897 0.00032881792437507 0.999958144941702 205.310588280492
150 0.999839020456693 0.0156889668442888 0.00870571602795066 -0.843540124047694 -0.0156900893276844 0.999876901132621 6.06491216004592e-05 -3.45388028632286 -0.00870369284210998 -0.000197232820472562 0.99996210269696 206.751217789635
151 0.999896674515171 0.0123313154163275 0.00738775700769566 -0.833530668484995 -0.0123319353716952 0.999923958057775 3.836744233914e-05 -3.47719527948795 -0.00738672210727091 -0.00012946881996525 0.999972709414779 208.159892514233
152 0.999925615200507 0.0103956622030473 0.00637920631795225 -0.831895658969086 -0.0103919207766912 0.999945810712985 -0.000619370746079854 -3.50138191160977 -0.00638529940236486 0.000553032467636767 0.999979460842387 209.581832900303
153 0.999925036150118 0.0108087205936268 0.0057527071291333 -0.830985913265799 -0.010803065765394 0.999941131911676 -0.00101315411747507 -3.52846181040389 -0.00576331937803599 0.000950931294096824 0.999982939794185 211.050405199732
154 0.99990979887242 0.0121708225648235 0.00568024621057657 -0.836019270632169 -0.0121662794250645 0.999925640542463 -0.000833685009836337 -3.55505265003503 -0.00568997046287935 0.000764502347907365 0.999983519750346 212.525689721485
155 0.99989691523741 0.0132945899487015 0.00542335475590506 -0.835836317845107 -0.0132953496373573 0.999911607519531 0.000104046757530137 -3.58157446727411 -0.00542149211314887 -0.000176141429582021 0.999985288090512 214.007721228969
156 0.999909138433646 0.0125591557475214 0.00489719141892953 -0.836553575319085 -0.012557781038959 0.999921099481577 -0.000311363021727292 -3.6094796159283 -0.00490071548467165 0.000249836873250647 0.999987960212159 215.499691849149
157 0.999916429701439 0.0120997584293302 0.00455296157232837 -0.835959116095167 -0.0120938506950074 0.999925991667642 -0.0013228616137482 -3.63482275972688 -0.0045686309211969 0.00126768822433234 0.99998876022587 216.94369492375
158 0.999923667964983 0.0115402981056153 0.00441358845921824 -0.841376306852235 -0.0115330718919278 0.999932115304417 -0.00165922740165064 -3.6616619095178 -0.00443243682294931 0.00160819851644497 0.999988883538883 218.414157998336
159 0.999917241225232 0.0121267142802791 0.00429575386687694 -0.846982136082192 -0.012119277118965 0.999925022063988 -0.00175310366132567 -3.68918096916961 -0.00431669116732299 0.00170089714506707 0.999989236505208 219.897793575453
160 0.999911985138104 0.0125933085163129 0.00417499195066582 -0.850117115065728 -0.0125848981077179 0.999918736943992 -0.00203466163025109 -3.71817489830663 -0.00420027579969716 0.00198194070148903 0.99998921473897 221.396109275634
161 0.999911689778318 0.0127097005236932 0.0038828027591667 -0.855115549661921 -0.0127012782374673 0.999916945716213 -0.00218613830653358 -3.74755567593321 -0.00391026543894387 0.00213662868998972 0.999990072271739 222.880752869326
162 0.999898893966148 0.0137615514061006 0.00358071894610366 -0.867219616863806 -0.0137523770703991 0.999902117813173 -0.00257428002477585 -3.77592795433007 -0.00361579454439746 0.00252477635240258 0.999990275719811 224.389382279827
163 0.999904770885265 0.013415979824485 0.00323429223082223 -0.872398359777226 -0.0134074477073655 0.999906616683994 -0.00264542199698022 -3.80452575433547 -0.00326948113002752 0.00260180647183026 0.99999127051001 225.911936189055
164 0.999902589376045 0.0136419638588215 0.00295103052423785 -0.879341705991737 -0.0136346315253221 0.999903942054807 -0.00249067991218619 -3.83505907621991 -0.00298472481965542 0.00245020107968391 0.999992543938414 227.418920234158
165 0.999913708552123 0.0127947392564508 0.00297827079007529 -0.885229131602656 -0.0127875556052234 0.999915310581741 -0.00241869507466726 -3.86356526837772 -0.00300896513487589 0.00238040155863179 0.999992639881533 228.905231363035
166 0.999931097870963 0.0113193000291649 0.00311013784578079 -0.890749409770231 -0.0113114480950559 0.999932821034453 -0.00253072323118963 -3.89438238481157 -0.00313857492548222 0.00249536869615998 0.999991961208943 230.437543585888
167 0.999940678520631 0.0103528664144069 0.00338490719310706 -0.894865677547282 -0.0103450105995017 0.999943773960435 -0.00233016597251181 -3.92353153342867 -0.00340884077021811 0.00229501084282812 0.99999155632927 231.939120639024
168 0.999954610606555 0.0088844269269981 0.00344146551214235 -0.89724530821335 -0.00887942994015228 0.999959504570894 -0.00146456214260643 -3.95374852367344 -0.00345433794385572 0.0014339374151126 0.999993005661969 233.420150188542
169 0.999954044075882 0.00892249712342192 0.00350696184350532 -0.906837148791936 -0.0089181523315684 0.999959447958202 -0.00125259655082363 -3.9825926360207 -0.00351799591816359 0.00122126336665021 0.999993066086215 234.909747136666
170 0.999949592001737 0.00939392174186294 0.00354509377401634 -0.913605994824988 -0.00938844338954101 0.999954712573244 -0.0015588243272044 -4.0114859485625 -0.00355957669958077 0.00152546283778245 0.999992501160309 236.370062129462
171 0.999942186661216 0.0100385934033141 0.00385356687600326 -0.921113382786288 -0.0100299776732716 0.999947170202072 -0.00224863352774618 -4.03946646779477 -0.003875936410542 0.00220985233700547 0.999990046785262 237.856170331382
