0 1 0 0 0 0 1 0 0 0 0 1 0
2 0.999974563701863 -0.00136312772171644 -0.00700098793627137 -0.0113041851491737 0.00133668824570155 0.999991963055081 -0.0037798266864755 -0.00720590571213796 0.00700608405625656 0.00377037240339428 0.999968349038177 1.36781505349024
4 0.999862589677394 -0.000133396314924312 -0.0165766090934594 -0.0428797058358048 3.8206031032576e-05 0.999983510234035 -0.00574263008701411 -0.0181492554524915 0.0165771017947466 0.00574120766391981 0.999846107273838 2.81088541268929
5 0.999784446636064 -0.00124639692077311 -0.0207245448523094 -0.0600265779833802 0.00112399314959347 0.99998186376286 -0.00591682218392771 -0.0279484218250876 0.0207315436960001 0.00589225254655972 0.999767715249852 3.55169715170177
7 0.999543618004436 0.00311187041203236 -0.0300478280270106 -0.117384789549385 -0.00334781217540212 0.9999639356836 -0.00780509358069685 -0.0460776627400333 0.0300224559328565 0.00790212596102615 0.999517988104794 5.07896272642465
9 0.999247541018026 0.00258560113766569 -0.0386996955567565 -0.184959002546786 -0.00272261867562182 0.999990209683628 -0.00348824948078292 -0.0644401757534421 0.0386902974526676 0.00359098922999345 0.999244797674411 6.66950078740098
10 0.999109833186937 0.00217896397586344 -0.042128296252798 -0.22151345287848 -0.0022150351190609 0.999997219110833 -0.000809561623317635 -0.07421673975747 0.0421264150930619 0.000902156634133578 0.999111881254955 7.4861346703464
11 0.998987986203283 0.00358967519830159 -0.0448343356533789 -0.265450569054059 -0.00365174541422241 0.999992483955232 -0.00130260833550728 -0.0847981142123654 0.0448293227356699 0.00146501365752197 0.9989935863448 8.30247513660361
12 0.998885623707425 0.00299537822294165 -0.0471013636737775 -0.307049236818026 -0.00306804445739585 0.99999421228543 -0.00147054372608455 -0.0918160902900528 0.0470966862298757 0.00161341406477413 0.998889032396102 9.12673344442762
13 0.998798520103882 1.23820173394378e-05 -0.0490052658903216 -0.346191623023996 -0.000117489091810439 0.999997699159382 -0.0021419318979546 -0.0977913105415582 0.0490051266155774 0.00214511599402373 0.99879622348243 9.96134799015268
14 0.998704241646025 7.36843268626321e-05 -0.0508903948585461 -0.392299481225622 -0.000138965991406682 0.999999172100546 -0.00127925238905957 -0.107285782815608 0.0508902584655648 0.0012846668212642 0.998703425058944 10.7956531354567
15 0.998628662246878 -0.00139137946999306 -0.0523341093569112 -0.437869144380476 0.00131803207060784 0.999998100333789 -0.00143600845204746 -0.117960125859405 0.0523360079722509 0.00136506116492426 0.998628599068515 11.6436644048455
17 0.998437210438084 0.0012432059661782 -0.0558712023455985 -0.540736894926984 -0.00160577455885441 0.999977941877154 -0.00644493965816947 -0.137345148102061 0.0558619575443189 0.00652458412904368 0.998417183095954 13.3765445779001
18 0.998324972289814 0.00528991363493315 -0.0576130759140413 -0.601277799800139 -0.00576214016225518 0.999951129302024 -0.0080334767291786 -0.149278973904575 0.0575677639247232 0.00835199505164344 0.998306664675422 14.2557233214166
19 0.998259305236819 0.00624517139116137 -0.0586460343279806 -0.66116285629159 -0.00670811636971546 0.999947851679622 -0.00770033090714154 -0.163380355364551 0.0585948861495098 0.00808033140435114 0.99824914102719 15.1512401435831
20 0.99818215799433 0.00538366805081512 -0.0600282898315563 -0.71887176072289 -0.00576976447750672 0.999963757748175 -0.00626043193583119 -0.177309694805783 0.0599924101837623 0.00659540055400019 0.998177044121871 16.04334686021
21 0.998077825921091 0.00599465233472365 -0.0616823925282908 -0.776368995077535 -0.00630165161743751 0.999968701902817 -0.00478376438456915 -0.18958771578112 0.0616517849824382 0.00516327010531285 0.99808436419488 16.936310365019
22 0.998027966907301 0.00546862936211241 -0.0625321626347539 -0.836422002329323 -0.00576830166344292 0.999972724174782 -0.00461276515614836 -0.203814438572189 0.0625052315154419 0.00496437300835632 0.998032289574759 17.8469657739461
23 0.997916099138192 0.00521276996219683 -0.0643139651252811 -0.895733772004776 -0.00557629179875554 0.999969469178449 -0.00547409177364968 -0.217084077254408 0.0642834663859206 0.0058213177453585 0.997914699866235 18.750896828955
24 0.997850994981978 0.00370863296681502 -0.0654189411026603 -0.955685644276273 -0.00412077695328639 0.999972497819303 -0.00616626323837256 -0.229543212366162 0.0653942735319932 0.0064225887725351 0.997838834352864 19.6640204011653
25 0.99781563323853 0.00365382321864137 -0.0659591664644051 -1.01978453518435 -0.00395792518669841 0.999982130381182 -0.00448037348110607 -0.240538257200459 0.0659416173065893 0.00473164814843807 0.997812264212457 20.5982633901667
26 0.997805806705401 0.00501862089826989 -0.0660180698692708 -1.08776721652311 -0.00510244759381762 0.999986376097183 -0.00110120324024453 -0.252418979739578 0.0660116439239079 0.00143564072923174 0.997817819946186 21.5254685886566
27 0.997857550260165 0.00605219573825903 -0.0651435362528621 -1.15299731077396 -0.00588880932959698 0.999979016225399 0.00269982102421165 -0.262445162202003 0.0651585091408775 -0.00231041892931193 0.997872251668975 22.4561362023991
28 0.997956019145854 0.00498088983232911 -0.063710082302871 -1.21295209383489 -0.00463447536090725 0.99997367003172 0.00558398436790664 -0.26934508736599 0.0637362180293868 -0.00527730800409476 0.997952826806729 23.3963500815074
29 0.998064036273655 0.00495781360184275 -0.0619967707338871 -1.27670243412423 -0.00457243171686871 0.999969343470926 0.00635649168331369 -0.27399497874599 0.0620263844290102 -0.00606070974514092 0.998056108358668 24.3395601641281
30 0.998150433702242 0.00522157291292399 -0.0605677048957779 -1.33659517184005 -0.0050192719286001 0.999981307145651 0.00349174291454998 -0.280051207102183 0.0605848051027136 -0.00318127892357168 0.998157983915911 25.2848432388855
31 0.998199250176502 0.00637629908799124 -0.0596456180872519 -1.39610289224474 -0.00647184441570598 0.999978064961957 -0.00140883810216524 -0.287440833821036 0.0596353265852442 0.00179231829754074 0.99821862105362 26.2201245909357
32 0.998276455337137 0.00544094549156316 -0.0584338500501121 -1.45673305318795 -0.00570228508312132 0.999974468307608 -0.00430658539301829 -0.295722716019493 0.0584089262386492 0.00463236927223909 0.998281993472072 27.1736874698157
33 0.99832261705792 0.00281862259846591 -0.0578273952143127 -1.51298759920592 -0.00301472697410158 0.999989996652338 -0.00330424220195164 -0.305674823016393 0.0578175033350327 0.00347303353064021 0.99832112786728 28.1470823860231
34 0.99832457026591 0.000978556931366569 -0.0578540822217305 -1.5717379362724 -0.000878029944601855 0.999998060463022 0.00176298996331943 -0.317132563694279 0.0578556951976472 -0.00170923858090584 0.998323493180778 29.1341812002066
35 0.998285128465406 -0.00273551376263422 -0.058474945483201 -1.62995398323351 0.00304999128892949 0.999981359654534 0.00528941363551238 -0.328868439527682 0.0584593862262199 -0.00545869104497853 0.998274863378884 30.1173179485897
36 0.998161303778236 -0.0105140042205842 -0.0596947849898266 -1.67744777398552 0.0108152640986959 0.999930345963429 0.00472581039966247 -0.336005988979945 0.059640939816602 -0.00536273593491568 0.998205489546659 31.0918311747718
37 0.998048268151672 -0.0126157548357085 -0.0611596040648801 -1.73628096057991 0.0126817633741612 0.999919344294458 0.000691218823861454 -0.342430073254809 0.0611459509466439 -0.00146548137687695 0.998127759882053 32.0759845899379
38 0.997969393339711 -0.0123360416056475 -0.0624892953606617 -1.80263936108589 0.0121567795903434 0.999920828169797 -0.00324809208913442 -0.351406870698715 0.0625244165679304 0.00248182790124956 0.998040348815171 33.0534665381453
39 0.997842419559843 -0.0111003510239705 -0.0647092569429124 -1.86858044813284 0.0108671368226412 0.9999331298158 -0.00395490000582803 -0.36270246625926 0.0647488306013106 0.0032431626420426 0.997896322686801 34.0358814692025
40 0.997795196320104 -0.0111319294732876 -0.06542802416951 -1.93855292582999 0.0109830628225138 0.999936213757353 -0.00263452987209678 -0.375426503207638 0.0654531781624158 0.00191012115113331 0.99785381339434 35.040526261591
41 0.997745279552724 -0.00797197841971158 -0.0666393629196155 -2.01153596693346 0.00800322330969859 0.999967953310461 0.000201912708561995 -0.388783117772428 0.0666356177048856 -0.000734787154511165 0.997777106643025 36.0349674463354
42 0.997658060673112 -0.00790666794478277 -0.0679402574029303 -2.08185093469504 0.00802678097656945 0.999966667156874 0.00149511281461833 -0.399389755082586 0.0679261714004231 -0.00203695291678471 0.997688270985329 37.0455873950056
43 0.997586686924699 -0.00665708419754166 -0.0691121212276809 -2.151739188285 0.00695682274488815 0.999967407233086 0.004097205002787 -0.407568899065983 0.0690825932337447 -0.00456811794128578 0.997600484969096 38.0472269917438
44 0.997590981703553 -0.00687341217796767 -0.0690289028507169 -2.22247351563339 0.00739060008851771 0.999946481126815 0.00723974532914927 -0.416695432070515 0.0689754467479084 -0.00773246966570852 0.997588390398964 39.0387188151575
45 0.997581377159056 -0.000958938746955925 -0.0695016286278255 -2.3045063126819 0.00162273641669296 0.999953604855293 0.00949499149164563 -0.422016316319765 0.0694892989744646 -0.00958480951214321 0.997536650331532 40.0381945056049
46 0.997575559580859 -0.00103159977835795 -0.0695840407624714 -2.37938588491117 0.00166080120528288 0.999958254192154 0.00898507720261627 -0.429988302801035 0.0695718669168258 -0.00907885867704391 0.997535628265392 41.041214702679
47 0.997592322023443 -0.0010538765397742 -0.0693429764584341 -2.45534909992797 0.00155988471256589 0.99997254932154 0.00724343586044915 -0.43339883858968 0.0693334392595631 -0.00733416304835467 0.99756658136328 42.0634553690415
48 0.997598534783791 0.00131252019429955 -0.0692491204851942 -2.53445016116637 -0.000966118928378878 0.999986855078391 0.00503550242232157 -0.440110878123873 0.0692548194095517 -0.00495650695233389 0.997586689479858 43.0559682603703
49 0.997527047291912 0.00120317868471208 -0.0702733397678868 -2.60626492848002 -0.000844502828202276 0.999986466919425 0.00513349714903639 -0.450307482630232 0.0702785652674652 -0.00506145621917851 0.997514563765807 44.0564417673082
50 0.997430778661488 -0.000840594852543931 -0.0716319424490967 -2.67563302222495 0.00129280589371977 0.999979527403048 0.00626685149806954 -0.45636955016503 0.0716252080740991 -0.00634335676685221 0.997411445389148 45.0363418585206
51 0.997369106404097 -0.000502554849805786 -0.072488709667891 -2.7518631057002 0.00103785312340969 0.999972471129712 0.0073470976332087 -0.463643942754358 0.0724830218160576 -0.00740300083483777 0.997342171537458 46.0146205886844
52 0.997356953777311 0.0019357401576386 -0.0726316712053669 -2.83066640904385 -0.00165711489280354 0.999991036745484 0.0038962031420313 -0.475601375634226 0.0726385622260964 -0.0037655462729903 0.997351221956935 46.9834079656676
53 0.997309374213921 0.00250755067428581 -0.0732647547914664 -2.9085024233677 -0.00253810628795419 0.999996726528377 -0.000323958333112965 -0.483957105931197 0.073263702619434 0.000509040417289919 0.997312473980119 47.929735611488
54 0.997255948400124 0.00333333110441812 -0.0739558130529118 -2.98560844394064 -0.00346707332241471 0.999992578306484 -0.0016800995585333 -0.493209300423881 0.0739496638474166 0.001931899505125 0.997260103975465 48.8967382198783
55 0.997246814851603 0.00180902181068505 -0.0741317591078337 -3.05607941124784 -0.00166111178505239 0.999996505055535 0.00205683843649965 -0.507474147361307 0.0741352208870452 -0.00192803444076294 0.997246334516815 49.8739631026465
56 0.997233074283614 -0.000141033745523598 -0.0743382516900594 -3.12637087089853 0.000532118140176257 0.999986123777703 0.00524109743563089 -0.519485744994834 0.0743364809843517 -0.00526615244058743 0.997219311502408 50.8420154117897
57 0.997231355715707 -0.00197626556560939 -0.0743351703558043 -3.20325594816902 0.00242591457357946 0.999979301601751 0.00595913639348883 -0.530231285848582 0.0743218549007891 -0.00612296843766933 0.997215508875397 51.8079155567801
58 0.997216419408145 -0.00504679412973107 -0.074390474738444 -3.27426846264761 0.00541934558559505 0.999973761140129 0.00480704947848011 -0.539810855412554 0.0743642626281122 -0.00519681635973183 0.997217603907743 52.7705232965225
59 0.997172594579973 -0.00763049189191213 -0.0747568873892664 -3.34763282912221 0.00791368689299901 0.99996258651446 0.00349272545032115 -0.54932071253281 0.0747274392603117 -0.00407445269934609 0.997195672201197 53.7374428911824
60 0.997088546069843 -0.00914370932285382 -0.0757022052264446 -3.41959115927981 0.00952720700668693 0.999943540025117 0.00470628183265023 -0.559003551096813 0.0756548982087697 -0.00541381028996717 0.997119364487103 54.6816436846599
61 0.996962088455787 -0.0122080445209848 -0.076925664318546 -3.49073914950692 0.0129272805939338 0.999877196661163 0.0088587252727952 -0.567060438343547 0.076808069877596 -0.00982625289654257 0.996997474999657 55.6314040228556
62 0.996897527525619 -0.0131814316766503 -0.0775987723631111 -3.56436327218477 0.0142965756223597 0.999802113104096 0.0138326627248483 -0.570829479458016 0.0774010822843084 -0.0148991439867885 0.996888703903138 56.588947083513
63 0.996878223976 -0.0114929934419774 -0.0781134922033171 -3.64698682342454 0.0127819327116293 0.999789953897028 0.0160209326424562 -0.573476088745548 0.0779129562948961 -0.016969360280264 0.996815736258747 57.562961317429
64 0.996760039848797 -0.01026333788538 -0.0797752270825717 -3.72772852222378 0.0112554771831414 0.99986468434936 0.0119969672973585 -0.57755539654777 0.0796413033168414 -0.0128560058495876 0.996740681380865 58.5169890251663
65 0.996682812439257 -0.00883872481643731 -0.0809027090510134 -3.80880838004425 0.00922151834474398 0.999947979526165 0.00435911011079982 -0.58156105456901 0.0808599714790402 -0.00509069594061777 0.996712470990129 59.4188479511945
66 0.996618722424372 -0.00719209956758174 -0.0818498370005872 -3.88584503892185 0.0071788263086681 0.999974127716033 -0.000456455243617274 -0.589958119715485 0.0818510022299219 -0.000132673921482258 0.996644568455369 60.3109422077364
67 0.996560906375187 -0.0023139509092575 -0.0828311868552855 -3.96968253767872 0.00236357954001974 0.999997081190375 0.000501101275889298 -0.601618587928459 0.082829785563067 -0.000695156040212707 0.996563466810647 61.2182601960842
68 0.996499556778942 0.000479857122091214 -0.0835966690515521 -4.05383954904347 -0.000240393909966629 0.999995839581457 0.00287454875507604 -0.616466836219466 0.0835977006271129 -0.00284439043023924 0.996495526278437 62.1058608285635
69 0.99639815574538 0.00297386770772502 -0.0847459222503497 -4.1374445808446 -0.00261226582599423 0.999987006854058 0.00437746391377574 -0.630333765212856 0.0847578391327888 -0.00414031809394115 0.99639297793171 63.0157084120573
70 0.9963029798794 0.00358645687394791 -0.0858341983740682 -4.21708855306681 -0.00324112265778226 0.999986085137035 0.0041622897814212 -0.639988174161701 0.085847931875758 -0.00386870254718875 0.996300740606598 63.9034816237618
71 0.996161149827087 0.00526927894146968 -0.087379621620911 -4.2966069049574 -0.00484589972406832 0.999975473212225 0.00505670147927207 -0.651049313059131 0.0874041236500937 -0.00461385667562203 0.996162251591344 64.7427814609509
72 0.996033071146263 0.0061401218971103 -0.0887717302187541 -4.37908018678998 -0.00566038404394304 0.999967990541783 0.00565490444696816 -0.663422945677647 0.0888036104863857 -0.00512998975806891 0.996035944115304 65.5879921688771
73 0.99589768169806 0.00608405336718531 -0.0902817361544071 -4.45535199024005 -0.0055560990304101 0.999965971354618 0.00609802397329796 -0.673682909243668 0.090315764692511 -0.00557139367123539 0.995897596252028 66.4064845823505
75 0.995639294241323 0.00865438337520814 -0.0928843227409017 -4.61187850852857 -0.00776805463180553 0.999920824479857 0.00989960093942835 -0.6880352029252 0.0929626435181269 -0.0091349011991136 0.99562769170519 68.0065165651374
77 0.99530466663303 0.0133578088043205 -0.0958654761760446 -4.7743615442674 -0.0118851449125454 0.99980268635978 0.0159163965197617 -0.701056491230909 0.0960591687915337 -0.0147022886556381 0.995267038939483 69.5599604711536
79 0.994988633281537 0.0162652353802622 -0.0986562808875527 -4.93390676303301 -0.0158985908197621 0.999863476499044 0.00450146344998422 -0.718145723000746 0.0987160293492643 -0.00291040912423587 0.995111388271808 71.0383325967204
81 0.994802872432727 0.016291930860847 -0.100507800634686 -5.07781098406673 -0.0166413048604159 0.99985804230799 -0.00263859897990202 -0.731138772127843 0.100450544907129 0.0042974667956163 0.994932771501171 72.4180839389298
83 0.994553370079797 0.0193844115472835 -0.102410149164445 -5.2247360421519 -0.0191524217556415 0.999811299182456 0.00324819457278527 -0.759770043916123 0.102453788625958 -0.00126910049018288 0.994736955471211 73.7252881603251
85 0.994631610573136 0.00801207948176199 -0.103168628134075 -5.35067265117289 -0.00859209944858823 0.999949676274179 -0.00517887499665706 -0.785435993236464 0.10312194274622 0.00603750789178434 0.99465039758837 74.9938182382498
87 0.995086263996148 0.00648683668304855 -0.0987990291249682 -5.4775322174972 -0.00753789788792119 0.999918862544148 -0.0102688082973884 -0.808633251533854 0.0987244007407496 0.0109630870773106 0.995054422340866 76.2154801343318
89 0.995901323722781 0.00993939796218922 -0.089898619429672 -5.59226507166166 -0.0103678871350961 0.999937003764484 -0.00430063005382116 -0.831358606273664 0.0898502104814768 0.00521506190329027 0.995941636244704 77.3690190036596
91 0.997105439423978 0.00188771985834681 -0.0760077573991765 -5.65925137219341 -0.00163013071377545 0.99999271701228 0.00345088340195539 -0.856468077474865 0.0760137181367395 -0.00331699203108605 0.997101254747427 78.446888715092
93 0.998694167327981 0.0106474804222343 -0.0499659014301693 -5.72243300797464 -0.0105237075668605 0.999940871397531 0.00273957803202007 -0.871974491945759 0.0499921166197077 -0.00221017406655264 0.99874716690786 79.4442331887198
95 0.999851032233088 0.0140528505358786 -0.0100215135705052 -5.73136008123991 -0.01401579188188 0.999894709684487 0.00375860651038509 -0.88220765662067 0.0100732775376931 -0.00361758715062091 0.999942719430896 80.4337313850508
97 0.998916980200008 0.00954732343043672 0.0455380641157634 -5.66204248649788 -0.00984782589493871 0.999931160993304 0.00637915352734314 -0.89814863976741 -0.0454740254787248 -0.00682069570477043 0.998942236126225 81.3705038567748
99 0.993230263776466 0.00897446668507971 0.115814947507866 -5.5298671851595 -0.0100098424661022 0.999914941401454 0.00836140035707448 -0.910816632281141 -0.115730057341795 -0.00946408526197136 0.993235613999931 82.2535579266819
101 0.979261897923379 0.0088622536771967 0.202404534868322 -5.32204225216526 -0.0107991957803988 0.999905836589389 0.00846730919299655 -0.92183246183073 -0.202310436324964 -0.0104775194695214 0.979265392495706 83.1080634973463
103 0.952509809564624 0.0117890460754887 0.304279610023074 -5.03352782714737 -0.013589052434061 0.999900449231354 0.00379858932760284 -0.942821733464789 -0.304204537009408 -0.00775306517226838 0.952575188446207 83.8781830664474
105 0.908715480915409 0.0123781339229136 0.417232496990902 -4.65985294776326 -0.0135735768944873 0.999907869579567 -0.000101799512552549 -0.956315664508026 -0.417195317273535 -0.0055708305877788 0.908799776128712 84.5900740314926
107 0.84633502154198 0.0107096082790206 0.532543271107659 -4.20058088240802 -0.0100282769480047 0.999941012894085 -0.0041718573568365 -0.969160857753597 -0.53255653687941 -0.00180970242349566 0.846392497606251 85.2242661306489
109 0.769124946802937 0.00892307435468354 0.639036145260532 -3.6718134395235 -0.00820859642038113 0.999957972643344 -0.00408312280244957 -0.991538133394321 -0.639045722268905 -0.00210515820625587 0.769165868430692 85.7531654982766
111 0.681141444692021 0.00726387626544719 0.732115816264385 -3.06679255094487 -0.00888427838449789 0.999959163372292 -0.00165565255174832 -1.00386762620584 -0.732097945578632 -0.00537658715038082 0.681178163471321 86.211635917099
113 0.587770880214535 0.00355704577885652 0.809019616447684 -2.4060999024718 -0.000408040184547998 0.999991510696817 -0.00410024846881608 -1.01618387629201 -0.809027333206388 0.00207989413801606 0.587767341866946 86.5631307621376
114 0.541252471603558 0.00560988178529086 0.840841418585808 -2.06828116483643 -0.0026953023953787 0.999984182207551 -0.00493666686057021 -1.02425640825969 -0.840855812448268 0.000405661250119054 0.541259030512114 86.6836748125297
115 0.493353640516121 0.00861751799502928 0.869786136802085 -1.72744241534187 -0.00674428234073846 0.999958762464418 -0.00608177822171487 -1.03330426422683 -0.869802678798588 -0.00286561585615874 0.49339141480225 86.8144424761622
117 0.405250356054889 0.00807874130142668 0.914170051388893 -1.01814353657082 -0.000444134984475688 0.999962575646307 -0.00864002609488196 -1.04888008981396 -0.914205639701212 0.0030953587496927 0.405238777873872 87.0509192165573
119 0.330855843818772 -0.00319556108232605 0.943675897223373 -0.276112408765574 0.0188782618788425 0.999816562288055 -0.00323311041091609 -1.05464191888347 -0.943492459874165 0.0188846541896974 0.33085547901876 87.2158738439515
121 0.266791752759999 0.00829304283745784 0.963718520160188 0.469655706147817 0.00504383881140904 0.999937267583452 -0.0100010293362141 -1.07552601203029 -0.963741002733251 0.00752903302127036 0.266733187497305 87.4038839060329
123 0.212341250611004 0.0143551588317092 0.977090130286798 1.25703026966851 0.00151259513367524 0.999886067539157 -0.0150187881349115 -1.10804608946941 -0.977194405092925 0.00466705003146272 0.212295344506391 87.550475040136
125 0.168597753083174 0.0219258935398201 0.985441044836162 2.10049237715901 0.0156230032829509 0.999567535505948 -0.0249131236697798 -1.1188739777741 -0.985561119070617 0.0195958453516381 0.168182292234434 87.6525872359379
127 0.131257230623164 0.0296243752587371 0.990905613971213 2.98585316244443 0.0153653900582443 0.99937254107554 -0.0319128333523681 -1.13106353413068 -0.99122925915123 0.0194144413967422 0.130719682021327 87.7636415871243
129 0.101385133395862 0.0218352088767791 0.994607600202015 3.93190954682963 0.0135906080062347 0.999635414764389 -0.0233309434624629 -1.17528442544014 -0.99475441697955 0.0158827328295605 0.101051416108537 87.8627465382785
131 0.0760648721465256 0.0186817238955034 0.996927845141074 4.92494726697964 0.0196235035154831 0.999602771729644 -0.0202291092288143 -1.20405252537125 -0.996909751850743 0.0211019416809368 0.0756680561543892 87.9277081458353
133 0.0580343103486252 0.0199025805865195 0.998116178662763 5.95957921627427 0.0251500441855617 0.99945478888803 -0.0213915928870916 -1.22985642620888 -0.997997742532429 0.0263441123361534 0.0575021186165898 87.9675131052427
135 0.0467236037520765 0.0211918439267389 0.998683038107389 7.0810444450865 0.0282566203477707 0.999346814759331 -0.0225279212734023 -1.25952438556286 -0.99850812127841 0.0292719931224951 0.0460942746954077 88.0103930898166
136 0.0407675108372125 0.0218439050081821 0.99892985433119 7.67246698920292 0.0288162587109041 0.999319425282021 -0.023028449533504 -1.27506306608979 -0.998753039191393 0.0297242336823746 0.0401103058820496 88.0300755687935
138 0.0335025185609821 0.0218148906962364 0.999200526317907 8.91000799242252 0.0336743670098789 0.999169476304263 -0.0229432915761668 -1.30971530108025 -0.998871172001953 0.0344161032915739 0.0327400912898648 88.0646669826394
140 0.0279448315219929 0.0207012356507495 0.999395089658609 10.2265286242136 0.0365659184515822 0.999095233220123 -0.021717471414054 -1.34755273055785 -0.998940448674995 0.0371506904291178 0.0271625882721103 88.1022428234632
142 0.0280941020406561 0.0199630286691292 0.999405922994699 11.6125279013272 0.0448379504408922 0.998769073798291 -0.0212107384210166 -1.38556402236916 -0.998599158637133 0.0454072098951282 0.0271644189842243 88.1297868499314
144 0.0345115220759484 0.0197994497072034 0.999208154808243 13.0656314205931 0.0492353157354928 0.998556052466538 -0.0214870604520605 -1.42484343648271 -0.998190782630469 0.0499378801486016 0.0334868570910476 88.1719930860127
146 0.0428477956093726 0.0177631454858917 0.998923689314587 14.608508132529 0.0513316136710946 0.998482237762196 -0.0199571117980051 -1.46298761313435 -0.997762061740844 0.0521314831540752 0.0418709519215582 88.2310248977456
148 0.0513524389096901 0.0140809816973154 0.998581320159989 16.1636825614836 0.0481094364152325 0.998704839023034 -0.016556770209909 -1.50133775480742 -0.997521132180084 0.048891415058422 0.0506085011411113 88.3086395687071
150 0.0594532983174154 0.0139629859560265 0.998133428125906 17.7424110854123 0.0443936938914388 0.998875894858628 -0.0166176596742254 -1.54129104508568 -0.997243453356227 0.0452988045489829 0.058766598034763 88.4179120224758
152 0.0639806206360541 0.0232369393164076 0.997680572545257 19.3465329019056 0.0368884777415603 0.998990583111716 -0.0256330853395402 -1.58986956817909 -0.997269131374744 0.0384429383023635 0.0630588621983059 88.5376783537955
154 0.0635701467371769 0.0259284246570578 0.997640492982626 21.0222385261258 0.0318326682209683 0.999101082781613 -0.0279947784156524 -1.64842582950062 -0.997469557268666 0.033537190988677 0.062687631498099 88.6677945423579
156 0.0633253022298842 0.022847448307419 0.997731376776001 22.6971132666239 0.0299764234724486 0.999243281210726 -0.0247846523280317 -1.71557525605527 -0.997542640759429 0.0314779138613218 0.0625924979981223 88.787133032506
158 0.0637750732234216 0.0225281872676895 0.997709988330166 24.4023749953744 0.0257590934365998 0.999374920487039 -0.024212339970539 -1.78298390819761 -0.997631800385629 0.0272442485665571 0.0631549030509263 88.9130812416373
160 0.0627965966793829 0.0244481614065524 0.997726853827903 26.0355202095455 0.0200889884637893 0.99946640922486 -0.0257551814916335 -1.84651005160142 -0.997824142816754 0.021660661001096 0.0622719501622275 89.035124949652
161 0.0602534811106663 0.0241314945842603 0.997891371334163 26.8456006819488 0.0171827205275044 0.999534528523961 -0.0252087366533277 -1.87654793526809 -0.998035205856647 0.0186654026882081 0.0598107901065249 89.0901533826608
162 0.0563548197421498 0.022844610427865 0.998149416703847 27.6421666436877 0.014690557207813 0.999610995794831 -0.0237074801484578 -1.9072598692763 -0.99830272053158 0.0159994018783399 0.0559972974239079 89.1395117301964
163 0.0513191420300241 0.0204379581823212 0.998473152131113 28.447296528144 0.0125696457063141 0.999698159757606 -0.0211090829756944 -1.93695824852452 -0.998603199307973 0.013633753796908 0.051046753954442 89.1844994074429
164 0.0448167609259109 0.0185587790334033 0.998822821956376 29.2438925331922 0.0107399894502261 0.999760692013384 -0.0190581040905849 -1.96394860880045 -0.998937490820481 0.0115814690651854 0.0446067148260593 89.2261123624077
165 0.0372526098111344 0.0187052527993884 0.999130800536131 30.0723858630126 0.0104132336454339 0.999763247042596 -0.0191053507659775 -1.99271266093605 -0.999251623780169 0.011115906645722 0.0370490079777938 89.2670248609054
166 0.0286130201862355 0.0196739764599588 0.999396933018146 30.8976245041359 0.0100447002493908 0.999750150040631 -0.0199685124792932 -2.02094608585486 -0.999540093779495 0.0106100020729869 0.0284082520280506 89.297260933489
167 0.0185657119865447 0.0200453893148921 0.999626678668415 31.6999510471337 0.0103608642022588 0.99974146160268 -0.0202401197012141 -2.04702519509385 -0.999773957868185 0.0107327685035844 0.0183532244805495 89.3160954157906
168 0.00857560662972878 0.0189988558198243 0.999782727620592 32.492340121705 0.0112989497080098 0.999753822796439 -0.0190952229471778 -2.07441519741117 -0.999899391292158 0.0114602478788239 0.0083588283944519 89.3217148157038
169 -0.001939907859281 0.0179635765624726 0.999836760013644 33.289100262833 0.0102720356233441 0.999786248855939 -0.0179427389972635 -2.10255793048331 -0.999945359528035 0.0102355515559912 -0.00212401570012899 89.3192669670695
170 -0.0129897674753772 0.0170596545744533 0.99977009063421 34.0926390969386 0.0115944083298253 0.999789799737879 -0.016909347579749 -2.12894444801604 -0.999848406327888 0.0113720941735382 -0.0131848336239508 89.3077574935174
171 -0.0240723787217865 0.017458975125335 0.999557754594625 34.9037128488428 0.0117321629619261 0.999783572140735 -0.0171803733878719 -2.15491030700776 -0.999641374161209 0.0113134020119865 -0.0242720003297108 89.2912834893738
172 -0.0351165364834201 0.0181367369577992 0.999218638556113 35.6863604225552 0.0121184789699145 0.99976953051306 -0.0177208443690102 -2.17975778398128 -0.999309747442136 0.0114867153798875 -0.0353282328586795 89.2648297516975
173 -0.0456659282381811 0.0192127458949739 0.998771992695691 36.4590393539931 0.011759626977447 0.999756092988576 -0.0186940018607133 -2.20388489408259 -0.998887548311369 0.010891507122167 -0.0458807247230379 89.2285666284203
175 -0.0654276861422294 0.0209696068034486 0.997636954746857 37.9982730724529 0.0135359081529981 0.999705831024234 -0.0201253722106788 -2.25559324538135 -0.997765502047725 0.0121871656529944 -0.0656922820185062 89.130099881636
177 -0.0844496950996605 0.021725142752844 0.99619087888313 39.5106130242411 0.0146677732902823 0.999681065122528 -0.0205578321374587 -2.31119232276376 -0.996319780705111 0.0128757993093864 -0.0847414206150992 89.0103654022184
179 -0.100456912932245 0.0201162896895013 0.994738027589803 40.9725474952351 0.0177649196720269 0.999672464615008 -0.0184220281077147 -2.36043114922923 -0.994782798541054 0.0158208210811913 -0.100781374009026 88.8675895265382
181 -0.109041209175467 0.0169050452805683 0.993893472232117 42.3957756383196 0.0235612797967923 0.999618428309978 -0.0144174851283865 -2.40732671994096 -0.993757958859143 0.0218453021757978 -0.109397906638832 88.7052069328108
183 -0.113213920412657 0.0149159621005103 0.993458666628569 43.7890924085169 0.0253934454503194 0.999604128639989 -0.0121144101816888 -2.44970695311289 -0.993246082878236 0.0238558185880236 -0.113547869933949 88.5407884776922
185 -0.113091835477263 0.0163634313597956 0.993449784771489 45.1360935506933 0.0268302873797152 0.999550057685399 -0.0134096181987946 -2.49336379921197 -0.993222217042846 0.0251380248875843 -0.113479986240947 88.3840441075154
187 -0.104831346968077 0.0184228769457686 0.99431935830391 46.390789961271 0.0274962657534954 0.999499861609414 -0.0156199235713409 -2.53809738658631 -0.994109824950177 0.0257026116922472 -0.105285477107366 88.2549258738241
189 -0.0856287227423302 0.0189355758960932 0.996147160718235 47.5590078797159 0.0258306459732275 0.99952550225716 -0.0167793940944657 -2.58215319269114 -0.995992218629304 0.0242943265610492 -0.086077210263938 88.1638334991238
191 -0.0548142388038835 0.0204763923860913 0.998286590403378 48.6593226997182 0.0239841311152028 0.999528238636715 -0.0191849321717453 -2.62658799252733 -0.99820847555959 0.0228914290212851 -0.0552794880436123 88.11836749314
193 -0.00889471206667114 0.0259955388990156 0.999622486769181 49.7007306843883 0.0205509821896699 0.999455645300329 -0.0258083360242956 -2.67082887419282 -0.99974923917365 0.0203136662041309 -0.00942410404528005 88.1275708198782
195 0.0525171513537229 0.0271443523364587 0.998251037039243 50.7166956360348 0.0165274995997693 0.999469963439489 -0.0280469951910383 -2.71347323511229 -0.998483245012489 0.0179715419066003 0.0520406870710747 88.2040451291115
197 0.133131796743785 0.0209657140543774 0.990876563215602 51.7215466989615 0.0134540324244179 0.999645875953996 -0.0229589132950872 -2.75490309445255 -0.991007020009089 0.0163878467883582 0.132802578176581 88.3550421850519
199 0.227115753769062 0.0132032547520879 0.97377826452117 52.6944913773137 0.00646317178698795 0.999865636859063 -0.0150643831228486 -2.79529135828444 -0.973846323503027 0.00971505493404701 0.226999902879419 88.6126626695961
201 0.334211739434939 0.0111505675601377 0.942432054880859 53.6617709506292 0.00217483967497643 0.999918226705554 -0.0126019829554299 -2.83059631091265 -0.942495508369276 0.00626136926778813 0.334160159143235 88.9687125687787
202 0.393047160461057 0.0114562979038825 0.919446944033117 54.1546383304172 0.00437437390006688 0.999887772364147 -0.0143285564396795 -2.84724563080121 -0.919507908887402 0.00965380313659674 0.392952935576917 89.1802205910552
203 0.453042394777375 0.0146907633960634 0.891367920673177 54.5561631725758 0.00550019580853988 0.999799122989546 -0.0192733369036909 -2.86447816902302 -0.891472005382362 0.0136343368073528 0.452870586900247 89.4183536151004
204 0.512434752991235 0.0177443147970401 0.858542813853331 54.9385556844084 0.00692645619927279 0.999668554769655 -0.0247952577980002 -2.87931022090468 -0.858698228792474 0.0186526110004277 0.512142003717265 89.6907725888985
205 0.570452969394523 0.02217708657696 0.821030807302582 55.3129815583689 0.00325844968645269 0.999566420031999 -0.0292635344764555 -2.89214409772522 -0.821323804729056 0.0193687577136961 0.570133369493504 90.0010648024341
206 0.625814291069144 0.025071888418371 0.779569030621895 55.6352944601017 -0.000504125558710777 0.999496022249034 -0.0317403113686544 -2.9037314999048 -0.779971934720119 0.0194705397843725 0.625511533969966 90.3306810331516
207 0.677979688359553 0.0258081639675168 0.734627443568854 55.9394437478372 -0.00160693692356368 0.999433126474859 -0.0336280159749634 -2.91907609520317 -0.735078880070437 0.0216186118267218 0.677636831715247 90.6789298547595
208 0.726560635110155 0.0237925470610317 0.686690292790481 56.2336117122789 -0.00178667951893371 0.999462334941843 -0.0327391021394227 -2.936298562479 -0.687100030042661 0.0225600473613759 0.726212498500561 91.0518971938031
209 0.771526872722089 0.0203834843437884 0.63587011113409 56.4729264124372 -0.00377661305463245 0.999615730103292 -0.0274614151838326 -2.95250988191188 -0.636185524718623 0.0187857844145457 0.771307378703472 91.4330671094304
210 0.812680143999009 0.0151527169235791 0.582512985880644 56.698439703588 -0.00380000271505383 0.999778398359761 -0.0207054136050789 -2.96604370421425 -0.582697643318655 0.014613327582234 0.812557633111559 91.8405261825938
211 0.849420941893896 0.0123781831453228 0.527570700526581 56.8800691379567 -0.0057591354387484 0.999882769621217 -0.0141872962048065 -2.97744292737544 -0.527684466164283 0.00901263538736651 0.849392651588351 92.2592980370469
212 0.880747323010677 0.00857878175508907 0.47350877237188 57.0587019959333 -0.00612435756956117 0.999958631476367 -0.00672514537175495 -2.98877914357213 -0.473546877567455 0.00302321674870148 0.88076342732121 92.701225678185
213 0.906285153454316 0.00877547278090476 0.422575687546927 57.2421076237724 -0.00907803842844472 0.999957953444018 -0.00129636504998686 -3.00317071971944 -0.422569295910834 -0.0026612819322173 0.906326711364009 93.1598773473412
214 0.92605660772046 0.010623630207115 0.377235069656171 57.3663720590024 -0.0122732100395296 0.999922742160582 0.00196927026780961 -3.01478747705873 -0.377185004490634 -0.00645354098805928 0.926115448632683 93.6002854439617
215 0.941281547985994 0.0165620417407235 0.337216171312216 57.4550523194556 -0.0191751409708933 0.999806371663141 0.00441963239783662 -3.02108115373141 -0.337077678569552 -0.0106262860475414 0.941416868690485 94.0492014974957
217 0.962253769686332 0.0228100522638598 0.271196209855823 57.6553671568202 -0.024638975709963 0.99969083297654 0.00334055962915968 -3.02153452874122 -0.271036166591116 -0.00989646292329254 0.962518288876217 94.9896388644221
219 0.97244404954654 0.0144371472548939 0.232688932441291 57.8806757747943 -0.0158376198194245 0.999865958814841 0.00415140960800902 -3.03094313864859 -0.232597808029187 -0.00772225241873162 0.972542352043138 95.9770455431016
221 0.977332160022118 0.0241774574836013 0.21032664960991 58.0734820940443 -0.0256244259258096 0.999662998513594 0.00415670527975372 -3.03243662887847 -0.210155270651188 -0.00945198140278991 0.977622331099841 97.0031140826693
222 0.978403283186579 0.0318712509710691 0.204233295060482 58.1800101809011 -0.0331820371732456 0.99944483447339 0.00299587274298947 -3.03452808488683 -0.20402442956361 -0.00970804851646145 0.978917660447111 97.5580200855031
224 0.978871974181646 0.0394686711637962 0.200628717182487 58.3813526231988 -0.0396268879229419 0.999209329328839 -0.00322892176339391 -3.0482803150074 -0.200597527191311 -0.00478959066890253 0.979662029429515 98.6180196871847
226 0.977654663447148 0.0366421349579484 0.206999306727744 58.5974891539804 -0.0346697106450021 0.999312314767215 -0.0131494759737075 -3.05970009138281 -0.207338781234565 0.00567904043961448 0.978252716988739 99.6918532570005
228 0.97561300331816 0.0421474248532325 0.215413236210688 58.8489316333584 -0.0392598196992096 0.999072821465747 -0.0176681624867134 -3.07524061064576 -0.215958177232783 0.00878020425232086 0.976363136184269 100.846236405177
230 0.97315407890674 0.0425709237081344 0.226183233600129 59.1224763860648 -0.0415788217558156 0.999093322479435 -0.00915065890528981 -3.09940142770357 -0.226367710348832 -0.000499431315646726 0.97404179082819 102.074042758595
232 0.971709631418329 0.0355609215197977 0.233486216016102 59.4316331508775 -0.0368196506481467 0.999321392739547 0.00103312111572215 -3.11923671839875 -0.233291031835781 -0.00960077464343943 0.972359562914482 103.331396067902
233 0.971143492977955 0.0308508287045141 0.236492161423633 59.5858193107226 -0.0321463582528767 0.999481854136469 0.00162323843071206 -3.1245481837953 -0.236319545737661 -0.009178759184659 0.971632040786107 103.957703246831
235 0.971350945210304 0.0266710382501337 0.236148252074219 59.9036033353813 -0.0253855191063377 0.999641743266071 -0.00848295583341769 -3.14143611240417 -0.236289899612215 0.00224518120200921 0.971680010344259 105.240536279731
236 0.97147728595336 0.0289795611501335 0.235355195209793 60.0629056925452 -0.026156052001363 0.999543663282788 -0.0151104644179317 -3.15070006847911 -0.235685688620238 0.00852351023752884 0.971791956106262 105.91271906676
237 0.972043038563478 0.031878978835466 0.232628592156441 60.2210365973367 -0.0282449214790277 0.999421642053646 -0.0189368900677152 -3.15900112518495 -0.233097738279297 0.011836895843129 0.972381269001967 106.595448699376
238 0.97266078907015 0.0303261551367095 0.23024185918303 60.3868542426885 -0.0276964948628145 0.999509088417947 -0.014645352240188 -3.16959092392336 -0.230572968011751 0.00786806739608387 0.973023226823339 107.303758887275
239 0.973100968337096 0.0263003768437304 0.228872880873389 60.5574641036222 -0.02539884889843 0.999653692636147 -0.00688427727144818 -3.18406051348201 -0.228974679595892 0.000885989160895704 0.973431975603414 108.028416784517
241 0.973959937443806 0.0301916323464461 0.224700924766041 60.8774504624233 -0.0306182957364834 0.999529891290362 -0.00158631121501455 -3.21117784142878 -0.224643184229235 -0.00533495579500597 0.974426486722326 109.480742473997
243 0.975133439341979 0.036755989747306 0.218549245468334 61.1928920580612 -0.0350821946363888 0.999317852169335 -0.0115355951368618 -3.22781595407407 -0.218824164791224 0.00358155739350868 0.975757734968091 110.962031393643
244 0.976071224398811 0.0354189172317219 0.21454711650996 61.3597035279122 -0.0330917287959607 0.999348141816289 -0.014430139764548 -3.240018538786 -0.214918362142234 0.00698510919472533 0.976607037586581 111.735080900094
246 0.97775270314496 0.0294043697009485 0.20768975548932 61.6858428810593 -0.027770964032326 0.999556220957677 -0.0107765811611703 -3.27077278342007 -0.207914465705104 0.00476908663141888 0.978135384680088 113.29099526112
248 0.978513311288989 0.0250876868168879 0.204651673827596 62.0282535502511 -0.0244220135227884 0.999685039186026 -0.0057782076050615 -3.29865967336818 -0.204732178432585 0.000656047111265125 0.978817809766678 114.92330013175
249 0.978745485175929 0.0198381258106113 0.204116937102381 62.2040366802118 -0.0192917531416598 0.999803006847899 -0.00466645032337668 -3.30983141330436 -0.204169301092148 0.000629493623191853 0.978935391243632 115.744053068926
