0 1 0 0 0 0 1 0 0 0 0 1 0
1 0.999997910597898 0.000807792054642033 0.00187783700971409 -0.00703777277563868 -0.000806063270570661 0.999999250826182 -0.00092119980384755 -0.0205159588948813 -0.00187857974077005 0.000919684223649095 0.999997812557151 1.2173591160614
2 0.999994709110923 0.00118413216675385 0.00302978236375445 -0.00945045729121131 -0.00118275266443915 0.999999196093428 -0.000457065237684998 -0.0413076332373393 -0.00303032115374275 0.000453479336240123 0.99999530574408 2.42417970457759
3 0.999990392610473 0.000602298093077965 0.00434188021008545 -0.0105380726815445 -0.000601624204839565 0.999999806776297 -0.000156510973434548 -0.0634971570526772 -0.00434197363739213 0.00015389728954376 0.999990561745738 3.62185596428851
4 0.999986594170555 0.000316395726774249 0.00516830464637718 -0.0108096360485372 -0.000315701767941113 0.999999941041903 -0.000135087319899385 -0.0852661738172267 -0.00516834708271453 0.000133453866027694 0.999986635099939 4.80888260210318
5 0.999981571895277 1.04986850802004e-05 0.00607089446699967 -0.00903994915165486 -1.11334614180869e-05 0.999999994475096 0.000104526809146045 -0.107489144838642 -0.00607089333606451 -0.000104592472984382 0.999981566487361 6.00677786087337
6 0.999976105138396 0.000275290490358357 0.00690748632924105 -0.0064493379172093 -0.000269652789717936 0.999999629825105 -0.000817090585759265 -0.130479911936802 -0.00690770870953105 0.000815208438534182 0.999975809205196 7.20153418578734
7 0.999971112900952 -4.3515037566351e-05 0.00760075457267062 -0.00277432921821128 5.23056567525362e-05 0.999999330058439 -0.001156350635453 -0.153060761685976 -0.00760069916196789 0.0011567147942974 0.999970445254825 8.39722589279347
8 0.99997161641775 -0.000473303551693227 0.00751946425082009 0.00441127739320696 0.000470058239993186 0.999999795626662 0.000433349610748571 -0.176140995845549 -0.00751966781995197 -0.000429802724602819 0.999971634530448 9.59933717590714
9 0.999978307444767 -0.00115331034243776 0.00648494526992068 0.00604428831844126 0.00114482684777913 0.999998484349888 0.00131174289207453 -0.198703637197913 -0.00648644828765671 -0.001304290297568 0.999978112168177 10.7991735664927
10 0.999989661042298 -0.00214669212027533 0.00400868076183395 0.0058166874131942 0.00214316549403361 0.999997312834306 0.000883835863262912 -0.219969839244956 -0.00401056731332781 -0.000875235459035947 0.999991574620865 11.9950907825679
11 0.999996253977997 -0.00180897834180596 0.00205417315038082 0.000843881549886428 0.00180810742275729 0.999998274739287 0.000425753447041963 -0.240993508551428 -0.00205493978516124 -0.000422037686439351 0.999997799550914 13.191933808617
12 0.999998570903001 -0.00147025348804529 0.000834593694990532 -0.00840426586864239 0.0014699802392711 0.999998865811852 0.000327922408356258 -0.262731385433613 -0.000835074877468949 -0.000326695103483872 0.999999597960048 14.387582160091
13 0.999999998384031 3.02753571156404e-05 -4.81179807454876e-05 -0.0162230824800207 -3.02619011718428e-05 0.999999960448171 0.000279620945137061 -0.285776881402023 4.81264444663045e-05 -0.000279619488543625 0.999999959748393 15.5809906495194
14 0.999999876516134 -0.000247153130660155 -0.000431141562436674 -0.0224505745396413 0.000247277909743009 0.999999927554605 0.000289386280511622 -0.306938769863928 0.000431070008477255 -0.000289492856561448 0.999999865186258 16.782620706909
15 0.999999252357548 -0.000731012213796796 -0.000980257868022791 -0.0297051409137922 0.000731690706892869 0.99999949289754 0.000691977869556898 -0.326105792923512 0.000979751526657291 -0.000692694597777258 0.999999280130311 17.9821253585675
16 0.999998537039912 -0.00103239702394771 -0.00136384545322645 -0.0384881547946987 0.00103347878685332 0.999999151770082 0.000792704682837854 -0.346427497401942 0.0013630259104165 -0.000794113028486998 0.999998755771659 19.1858893065277
17 0.999997835396155 -0.000715094937670387 -0.00195392994636663 -0.0466841964372356 0.000714694902010511 0.999999723505959 -0.000205424443423283 -0.368792134121594 0.00195407630409621 0.000204027534989189 0.999998069977419 20.3937666597311
18 0.999995977075064 -0.00103431539673016 -0.00264121664145484 -0.0552279904678406 0.00103154676465352 0.999998917347042 -0.00104938840067628 -0.388893676460822 0.0026422991805138 0.00104665964058427 0.999995961371163 21.5845179627457
19 0.999994273935753 -0.000262476178248332 -0.00337390011138228 -0.0665390003671001 0.000260825943216054 0.999999846155974 -0.000489548624282455 -0.411287584423288 0.00337402808717987 0.000488665820416712 0.999994188553205 22.7853415083553
20 0.999991902332322 -0.000395021182574929 -0.00400490050423448 -0.0791829867843174 0.000392503264168892 0.999999724850644 -0.000629475832057238 -0.436566922925253 0.00400514805857627 0.000627898798250555 0.999991782232298 23.9899817096053
21 0.999988404605167 -0.000468777049327938 -0.00479279702165609 -0.091805000778736 0.000462620180477417 0.999999066560042 -0.00128563665665376 -0.459813436259354 0.00479339522482625 0.00128340450456596 0.999987688041756 25.1886683266569
22 0.999984570994341 -0.000104542107866397 -0.00555399353725478 -0.105825975573118 0.000100750135295151 0.999999761664861 -0.000683022424161869 -0.480174799371064 0.00555406361814689 0.000682452320204714 0.99998434319551 26.3746386820519
23 0.999978585563659 -0.00157653128519195 -0.00635161107201011 -0.118069187831919 0.00158356536291288 0.999998138327341 0.00110257090162826 -0.502302227710954 0.00634986100986888 -0.0011126054819862 0.999979220471204 27.5725986270373
24 0.999971741770639 -0.00193054165349821 -0.00726558112741753 -0.132077673493224 0.00193924619559159 0.999997410182984 0.00119119751434195 -0.523792667916819 0.00726326265447292 -0.00120525360376948 0.999972895822363 28.7674038254656
25 0.999964478324102 -0.00279323554584234 -0.00795235343729867 -0.147276887365036 0.00279630914156711 0.99999601985378 0.000375408820441306 -0.545101472997371 0.00795127318050772 -0.000397632723904548 0.999968309069355 29.9715534054516
26 0.999955528400512 -0.00324086517430881 -0.00885652381999411 -0.162673521121885 0.00323561131402422 0.99999458087704 -0.00060748331484469 -0.566715028052457 0.00885844459692159 0.000578800030415119 0.999960595698575 31.1665920528961
27 0.99994887136 -0.00277732661389506 -0.00972322594315291 -0.180427033093871 0.00277276348766092 0.999996039359371 -0.00048275067298897 -0.588887190621136 0.00972452818924117 0.000455765784726149 0.999952611791702 32.3535076604252
28 0.999940193601736 -0.00347445552430839 -0.0103700230728687 -0.200063880936728 0.00347528857731786 0.999993959224894 6.23139328262518e-05 -0.611547197847693 0.0103697439229033 -9.83490287860309e-05 0.999946227923503 33.5527137452339
29 0.999935078738618 -0.00373713577127478 -0.0107643914932946 -0.225687431190381 0.00374108427088909 0.999992942019344 0.000346698681370606 -0.633348700727265 0.0107630198583837 -0.000386946668956149 0.999942002156027 34.7539227014245
30 0.999927299399407 -0.00417610523581366 -0.0113117664787134 -0.244049271422969 0.00417806732978183 0.999991260613983 0.000149830051996439 -0.653930961857284 0.011311041914755 -0.000197080481228506 0.9999360086976 35.9481019196894
31 0.999920886430211 -0.00426958838930558 -0.0118318001845795 -0.262395139564152 0.00427094286934957 0.999990875502411 8.92128281181586e-05 -0.674433024264972 0.0118313113232921 -0.000139738712802754 0.999929997822579 37.1418803266925
32 0.999916069311076 -0.00505022706719483 -0.0119310326483663 -0.281659408786409 0.00505859789908927 0.999986979734345 0.000671527421132914 -0.6963552201166 0.0119274859371931 -0.000731825356062818 0.999928597206254 38.343808922817
33 0.999918989684636 -0.00473965140484094 -0.011813118666033 -0.304180967208447 0.00476218410049028 0.999986893457004 0.00188003106430412 -0.715894801039571 0.0118040531450102 -0.00193613500828329 0.999928455295967 39.5618229334607
34 0.999922433953761 -0.00436287177231914 -0.0116658229836078 -0.324572641104361 0.00439523119296044 0.999986560545335 0.00274966752005542 -0.73760009841741 0.0116536697545021 -0.00280072822828652 0.999928171371646 40.7901736374096
35 0.999925197930157 -0.0036664516415877 -0.0116685764640295 -0.346613002746724 0.00369425404231337 0.999990386648575 0.00236201132587608 -0.758660247149867 0.0116598040896001 -0.00240494132831019 0.999929130101629 42.0036489973173
36 0.999930269858614 -0.00261331559318129 -0.0115163363136706 -0.367762457816788 0.00264182136462958 0.999993482773878 0.00246072949485066 -0.778917734380034 0.0115098305963432 -0.00249098201115078 0.999930656999906 43.1902382540059
37 0.999942653035463 0.000117974313897543 -0.0107087217940159 -0.393067989690595 -7.27051834355683e-05 0.9999910609952 0.00422760495429915 -0.796425611175838 0.0107091248174943 -0.00422658393440537 0.999933723120632 44.3865952307265
38 0.999958580933607 0.000167350382683085 -0.00909991269719202 -0.412115528589224 -0.000101299526725102 0.99997365246756 0.00725838198871406 -0.811508413427218 0.0091008876299505 -0.0072571595364591 0.999932251444971 45.6167661682726
39 0.99997318983453 0.000828807937921446 -0.00727548552032274 -0.429197118372251 -0.000756256828299979 0.99995002142157 0.00996908895592515 -0.822680666519398 0.00728338436195957 -0.00996331954739672 0.999923839387697 46.8130024940941
40 0.999982838163401 0.0011668409231537 -0.00574124210677472 -0.441352476399595 -0.00109067961379801 0.999911607521282 0.0132509457090773 -0.830113462904225 0.00575619636987783 -0.0132444564427885 0.999895719851269 48.0432532904107
41 0.999989840398451 0.000629408322327952 -0.00446351263513948 -0.453831707442647 -0.000564450321987771 0.999894137014064 0.014539469066417 -0.836242631811598 0.0044721913771968 -0.0145368019200605 0.999884333757772 49.2659429052946
42 0.999995303015751 -0.00108469080028162 -0.00286659943210325 -0.463892310236431 0.00112168028848657 0.999915727554448 0.012933662381112 -0.838756197510254 0.00285232883215995 -0.0129368170399815 0.999912247642315 50.4796954090859
43 0.999998875851243 -4.26182589126767e-05 -0.00149882618522814 -0.476750966128297 5.94010244325878e-05 0.999937287341797 0.0111990113423811 -0.843573320711854 0.00149825490748892 -0.0111990877848373 0.999936165795107 51.6511976749651
44 0.999999591672759 0.000408437565409136 -0.000806122242960766 -0.486585388338198 -0.000399733243151412 0.999941937547571 0.0107685536142773 -0.851042076616236 0.000810473719347575 -0.0107682269833249 0.999941692510111 52.8350079431396
45 0.999999814077838 6.49106701527608e-05 -0.000606325732111917 -0.494210006925318 -5.87233842695346e-05 0.999947987047523 0.0101990073620385 -0.858598320076436 0.00060695621972319 -0.010198969860318 0.999947804946806 54.0343638285245
46 0.999998811167321 -0.000739143814109639 -0.00135326655423517 -0.501689173909686 0.000751386266855081 0.999958597576782 0.00906854734530868 -0.868728257080371 0.00134650756504732 -0.00906955339022749 0.999957964175834 55.2378595569804
47 0.999995314264035 -0.000392145618269358 -0.00303606188806961 -0.510610984358437 0.000420947605851376 0.999954863177017 0.00949180761211694 -0.87980464887775 0.00303220267911706 -0.00949304115899564 0.999950342725311 56.4640223810053
48 0.999989971332941 -0.000320038051792762 -0.00446708061146406 -0.522260888739022 0.000367966946607361 0.999942335637451 0.0107326604457978 -0.890407346432538 0.00446338816036852 -0.0107341965495324 0.999932425312114 57.6588712671842
49 0.999984093876878 -0.000444906362979751 -0.00562263742097132 -0.532956813362689 0.000507085698883038 0.999938683790757 0.0110621662843463 -0.898604151145442 0.00561737103399047 -0.0110648414871936 0.999923004248592 58.8633512949762
50 0.999980637321442 0.000616692296394646 -0.00619230755160673 -0.5506557050341 -0.000549772069296368 0.999941495989915 0.0108028861015552 -0.907659878288134 0.00619860733342094 -0.0107992725710078 0.999922473484351 60.0663655240987
51 0.999977601505614 0.00117175947710512 -0.00658964845857352 -0.567147171960101 -0.00110203328836663 0.999943477281034 0.0105748648097661 -0.916145926423602 0.00660166719178556 -0.0105673659367561 0.999922371370622 61.2564179330874
52 0.999976777222998 0.000396973347613707 -0.00680348637588568 -0.581991768122432 -0.000328728027076934 0.999949653096929 0.010029118067706 -0.925877624332892 0.00680712513398951 -0.01002664866708 0.999926561985388 62.4638481641165
53 0.999974401552066 -0.000773591455227514 -0.00711321283578176 -0.594904709328805 0.000838473260234157 0.999958034363725 0.00912285448900823 -0.937155604492114 0.00710585696299916 -0.00912858519684975 0.999933085625796 63.6609709840762
54 0.999971498029414 -0.00105800507898065 -0.00747554373021115 -0.609710146074637 0.00113544327358949 0.999945665982951 0.0103622319258191 -0.947117926832715 0.00746417425988357 -0.0103704246376345 0.999918366865742 64.860497748233
55 0.999969714443661 -0.00125205903925643 -0.00768131132199232 -0.62491235995169 0.00134342685486399 0.999928275578668 0.0119012143312277 -0.957573891553132 0.00766585936140114 -0.0119111731762411 0.99989967424428 66.0637952369194
56 0.999968882204564 -0.000866898634192991 -0.00784111658580951 -0.642271542324981 0.000948109046135957 0.99994589241029 0.010359215270723 -0.968646624022554 0.00783171193232092 -0.0103663271483481 0.999915598213 67.2567473449939
57 0.999968837128529 0.000851746079175796 -0.00784852218152014 -0.662701319726613 -0.00077976976757289 0.999957658112112 0.00916918437211038 -0.976949869004141 0.00785599967711203 -0.00916277859367902 0.999927160725978 68.4524656140586
58 0.999964668012181 0.00305127645086673 -0.00783277979445839 -0.688176644559927 -0.00297665722792421 0.999950247820956 0.00952057742768467 -0.988158362074661 0.00786144001029939 -0.00949692554616906 0.999924000195082 69.6518073405328
59 0.999957826534258 0.00492634389759885 -0.00775088954159269 -0.706151231855525 -0.00485059229829642 0.999940586682596 0.00976190858493047 -0.998626367481836 0.00779851955431849 -0.00972390048629779 0.999922311408288 70.8172135659174
60 0.999949104449661 0.00651774320859185 -0.00770113847354115 -0.721785968803753 -0.00643965747507145 0.999928043828574 0.0101211647929397 -1.00759011103551 0.0077665514821932 -0.0100710569767498 0.999919123974257 71.9723157042705
61 0.999953664844157 0.00697443969710705 -0.00663516055955147 -0.73902890364834 -0.00689997718890114 0.999913696570096 0.011179880425044 -1.01992837341981 0.00671256132428256 -0.0111335799470366 0.999915488887951 73.1708622712012
62 0.999950478594347 0.00880289373725614 -0.00464213536922946 -0.754411576784763 -0.00874705410951885 0.999890754745167 0.0119150165566367 -1.02970305313915 0.0047465148625938 -0.01187382149901 0.999918238137333 74.3708786112802
63 0.999971069960933 0.00731957509831244 -0.00206955588651229 -0.763397212720057 -0.0072989433004733 0.99992527203123 0.00980692510257173 -1.04259454691988 0.00214118375757643 -0.00979153581677257 0.999949769317672 75.552438040925
64 0.999989322056282 0.00458830770541719 0.000550641278598095 -0.766990281703583 -0.0045908502977454 0.999978376018712 0.00470867163043156 -1.05482535129666 -0.000529024537217202 -0.0047111492631787 0.999988762539689 76.7263068080587
65 0.99997749068034 0.00576252268814551 0.0034367811857688 -0.776287525449275 -0.00577707772871071 0.999974322300112 0.0042402963751183 -1.06699692233377 -0.00341225813306685 -0.0042600554809785 0.999985104099922 77.8801806600876
66 0.999969855161612 0.00477829743334382 0.00612018314301445 -0.775216941915062 -0.00482597819987563 0.999957935540242 0.00779981310747027 -1.08216620225752 -0.00608265587386493 -0.00782911385379212 0.999950851929126 79.0473784982887
67 0.999942044917699 0.00513601161863186 0.0094619337592372 -0.772034486998938 -0.00522283187666889 0.999944278347252 0.00917399737204423 -1.09770955877425 -0.00941428876755783 -0.00922288378152418 0.999913151019504 80.2443435482578
68 0.999890413973683 0.00545426159384192 0.0137626695812546 -0.765768505273888 -0.00555534636126002 0.999957796421455 0.00731734260192534 -1.10896596018189 -0.0137221780466253 -0.00739299711980584 0.999878515332359 81.3948780238206
69 0.999838591048133 0.00464245508060024 0.0173562513726071 -0.752338986126529 -0.00471923364483234 0.99997924856987 0.00438534644515687 -1.12525035428293 -0.0173355324316849 -0.00446654681640935 0.99983975179768 82.5613371893722
70 0.999778465133722 0.00329360694436139 0.0207887663932967 -0.735966333906809 -0.0033161225838246 0.999993951774291 0.00104868767851798 -1.14434547710166 -0.0207851866931249 -0.00111739345536001 0.999783340252276 83.7308529143609
71 0.999707013358073 0.00269393716388617 0.0240547322836456 -0.71397523015668 -0.0026987956111347 0.999996343877143 0.000169512821940435 -1.16644328524241 -0.0240541876796983 -0.000234381962862094 0.999710628692206 84.8985892192281
73 0.999496436124672 0.00346012103176456 0.0315420629719275 -0.657514067080544 -0.00353853058883903 0.999990785956698 0.00243039152738438 -1.21011042932008 -0.0315333628931541 -0.00254078022466954 0.999499470465342 87.2074162180987
75 0.999259750634534 0.00287086806562088 0.038362858057737 -0.583289212407619 -0.002800904079187 0.999994315204953 -0.00187736360769265 -1.25301210614311 -0.0383680296359804 0.00176852320485012 0.999262111073729 89.5207708745286
76 0.999137025904248 0.00291462911243843 0.0414331799932218 -0.543514039108531 -0.0028252276607063 0.999993553437016 -0.00221611666526168 -1.27697472952056 -0.0414393720497665 0.00209714604779852 0.999138819395271 90.6777719362828
77 0.999014862755809 0.00167288231159728 0.0443452980344349 -0.499245122937516 -0.00162893775086808 0.999998145832115 -0.0010270803938677 -1.30074480590042 -0.044346933995431 0.000953832848677139 0.999015735435685 91.8262857211603
78 0.998888008115163 0.00100225572572259 0.0471353659918145 -0.453515576094689 -0.00102666802047427 0.999999351100379 0.000493712059261232 -1.32197890497362 -0.0471348405799551 -0.000541555428355033 0.998888388921015 92.984367917608
79 0.998755077443864 0.000237777326123863 0.0498822487669207 -0.398786359500954 -0.000353306222299633 0.999997275933867 0.00230722767831367 -1.34448793785508 -0.049881564277948 -0.00232197906740644 0.99875244077719 94.1950287129263
80 0.998641801558929 -0.00123955636564561 0.052086617083017 -0.339598040394394 0.00107200381647078 0.999994161605739 0.00324462050969932 -1.36373440611461 -0.0520903348708177 -0.00318437661888113 0.998637299903521 95.3525852855844
81 0.998519791881896 -0.00243863247981061 0.0543348717838055 -0.283648432901062 0.00238899531419333 0.999996667639635 0.00097847381852261 -1.38197393583602 -0.0543370768584668 -0.000847219719544274 0.998522290335686 96.4707052143469
82 0.998386227153742 -0.00388477431043621 0.0566555377546986 -0.21909508344372 0.00403987816084012 0.999988398541891 -0.00262338828051896 -1.40166111308768 -0.0566446891964522 0.00284803619741253 0.998390338432647 97.6267961845718
83 0.998275703885911 -0.00316064472618702 0.0586142419212585 -0.157514105270436 0.00348483613411646 0.999979187796402 -0.00542953876182891 -1.42423654791833 -0.0585958611866687 0.00562443765746164 0.998265941897664 98.8113178158214
84 0.99816908972026 -0.00292227038338424 0.0604146394745045 -0.0932907994712939 0.00331323141119867 0.999974208871549 -0.00637213381332508 -1.44672514210537 -0.0603944602148559 0.00656063468922555 0.998153027971078 99.9922524464308
85 0.998167068562072 -0.0028228869985537 0.0604527463990979 -0.0212289517105851 0.00317630964606708 0.999978418498023 -0.00575096472131556 -1.47218061822648 -0.060435207414491 0.00593244023879815 0.998154492980711 101.172760134155
86 0.998203551375263 -0.00257769351670879 0.059858378844959 0.0407433851399088 0.00281471320695087 0.999988528126095 -0.00387569423068242 -1.498357203154 -0.0598477018052935 0.00403721591459338 0.998199355577975 102.369375897375
88 0.99840545064737 -0.00286449140856319 0.056376864107479 0.171043206776499 0.00296188458759987 0.99999426214267 -0.00164405639432656 -1.54066230653798 -0.0563718312396592 0.00180841663016446 0.99840820623229 104.765244425939
90 0.998709840982082 -0.00215388499263456 0.0507347445542306 0.284706917155407 0.00221953786271882 0.999996770824231 -0.00123773696152493 -1.58098446576705 -0.0507319147797566 0.00134874777051569 0.998711396601757 107.146378162501
92 0.999060192350055 -0.000325041746348547 0.0433431241298233 0.381666629632653 0.000384964577293254 0.999998981711638 -0.00137418265231264 -1.61993948830237 -0.0433426333272953 0.00138957675240278 0.999059300148247 109.563383044186
94 0.99937926853369 0.00052015768239039 0.0352250913561857 0.457433619520291 -0.000541299457884047 0.999999679059651 0.000590656830855496 -1.66285423449949 -0.0352247728163444 -0.000609357514429813 0.999379229353631 112.015383212706
95 0.999521362699854 0.000617510386212707 0.0309299884828652 0.486171377239656 -0.000654452969350218 0.999999084580468 0.00118428439883028 -1.68364331041105 -0.0309292288610331 -0.00120395977894759 0.999520851849981 113.221520842684
96 0.999650588165441 0.00120077598216389 0.0264056758582018 0.501726252168677 -0.00123608437490158 0.999998363698093 0.00132086962090719 -1.7045379268852 -0.0264040465820276 -0.00135304773676678 0.999650436695706 114.378731337005
98 0.99986289389617 0.00249409175101589 0.0163698783109135 0.539079042149255 -0.00250950750572517 0.999996426837467 0.000921240672740968 -1.74359586041473 -0.0163675221599151 -0.000962194697510684 0.999865580165508 116.826775574906
100 0.999950621518145 0.00555371554603442 0.00824079905772619 0.544171767745926 -0.00555615223936248 0.999984527250557 0.000272821870658353 -1.78325328757025 -0.00823915637484279 -0.000318595533267285 0.99996600682179 119.292836610153
102 0.999949256876296 0.00866662365178674 0.00513549481758208 0.537875248363352 -0.00866727619667498 0.99996243296206 0.00010482331667694 -1.82455223447591 -0.00513439342801785 -0.000149328749604992 0.999986807765508 121.762184412499
104 0.999921297458881 0.0120904691509025 0.00334954382847972 0.52421181924241 -0.0120947446084244 0.999926063142469 0.00125912718211135 -1.86513295024652 -0.0033340727353825 -0.00129953996276271 0.999993597556945 124.230082721321
106 0.999876506261785 0.0156149899612483 0.00177322142918412 0.502358445615893 -0.0156215929328125 0.999870856796553 0.00377300452793438 -1.90307866594866 -0.00171407700186089 -0.00380023912884738 0.99999131002354 126.735290957046
108 0.999878785238912 0.0155577775710537 0.000608593631371932 0.488685146023791 -0.0155614145241643 0.999857691740065 0.00651449508682983 -1.93126393115593 -0.000507155957922624 -0.00652317601163881 0.999978595254696 129.230628447809
109 0.999880561673059 0.0154534304313254 0.000232112628290693 0.483718106481479 -0.0154543829468 0.999868554761899 0.00490257545422111 -1.93884300712695 -0.000156320509474871 -0.00490557705625555 0.999987955366285 130.477860635189
110 0.999919238971897 0.012701140831046 -0.000443345747307245 0.483078554618588 -0.0126982630835979 0.999901481630658 0.00598173448709844 -1.95397159258234 0.000519276921741728 -0.00597562167513512 0.999982010986735 131.757448593285
111 0.99994193145383 0.0107177226257381 -0.0011243407406246 0.476736319076105 -0.010708640524767 0.999912280770924 0.00779459951510359 -1.96890004254845 0.00120778246990321 -0.00778210673322308 0.999968989557325 133.019235120422
112 0.999971864710052 0.00743257807009625 -0.00101319866400131 0.472033185110577 -0.0074225764630414 0.999926930698572 0.00954141616237903 -1.98003144468641 0.00108404195080888 -0.00953362716731299 0.999953966343493 134.334755898945
113 0.99998428083749 0.00548537482088854 -0.0011613530909063 0.465914210264596 -0.00547257264567016 0.999927201516936 0.0107537256403216 -1.99162488822249 0.00122025676202114 -0.0107472010116034 0.999941502610953 135.654390291166
114 0.999998749609895 0.00121002822299574 -0.00101814063204866 0.464383177462749 -0.00120094580236231 0.999959900455441 0.00887441323832258 -2.00020849752175 0.00102883809555392 -0.0088731794101258 0.999960103293791 136.889867700637
115 0.999998727601539 -0.00144784886475117 -0.000669723052941477 0.458050575002399 0.00145313412294951 0.999967265136506 0.00795971460778605 -2.00806878778287 0.000658176665890134 -0.00796067767727859 0.999968096698287 138.086508989952
116 0.999995696169932 -0.00289071230013139 -0.00050142198856427 0.453282465782766 0.00289446665258414 0.999966505894428 0.00765566144016879 -2.01940215412865 0.000479274879192512 -0.00765707984072767 0.999970569278868 139.352073031343
117 0.999994927010052 -0.00318229280943317 -0.000137719411818085 0.446638067911992 0.00318330373096768 0.999962144458954 0.00809791494185535 -2.03021377976268 0.000111944261884371 -0.00809831226393171 0.99996720186562 140.59450598053
118 0.999996350561029 -0.00255951220652593 0.000864732263373539 0.438344820569428 0.00255066165270301 0.999945885787702 0.010085614576246 -2.04058683890205 -0.000890499722686476 -0.0100833721299871 0.999948764995853 141.90569785638
119 0.999998796806282 -0.000296280547386737 0.00152269623517326 0.430604856910149 0.000278522543068549 0.999932106740368 0.0116492203585281 -2.05181858194697 -0.00152604429174688 -0.0116487822370316 0.999930986149151 143.167515787625
120 0.999997683119665 -0.000364469911660283 0.00212153646834584 0.425216044742768 0.000343285433720957 0.999950167025653 0.00997725515759934 -2.06263685315311 -0.00212506715517934 -0.00997650374892637 0.999947975377986 144.418642822994
121 0.999996566075624 0.000234174841559664 0.00261017223645336 0.420827935877337 -0.000255266149708321 0.999967299232655 0.00808302570472597 -2.07338510677813 -0.00260819404055459 -0.00808366423684384 0.999963925197481 145.70721960658
122 0.999995086500108 0.000184596441065058 0.00312936092448772 0.416743113484239 -0.000202300391267663 0.99998397294379 0.00565799700464086 -2.08865055751578 -0.00312826632393367 -0.00565860227501263 0.999979096866579 146.970445129911
123 0.999993699037623 -0.000936413384177686 0.00342418092770374 0.416978133372267 0.000930758476617455 0.999998201161115 0.00165268363356049 -2.10845779892275 -0.00342572236322822 -0.00164948613463916 0.999992771784767 148.240248552762
124 0.999992107115274 -0.000865892919679422 0.00387761996659524 0.413501797598834 0.000872792560830892 0.999998038453166 -0.0017780109575737 -2.13199175599838 -0.0038760727933628 0.00178138128179875 0.999990901328822 149.516445158883
125 0.999991338212285 -0.00110269216687629 0.00401342377374769 0.410855326511025 0.00111332359206359 0.99999587509693 -0.00264769705668676 -2.15750928273544 -0.00401048762395897 0.00265214236226918 0.999988440998149 150.807368342103
126 0.999990857868483 -0.00134312947388232 0.00405957912495587 0.410195161545 0.00135264591816816 0.999996341845037 -0.00234235897417547 -2.18356544018316 -0.00405641818300972 0.00234782873315452 0.999989016525564 152.077713010634
127 0.999991973177633 -0.000717515865743681 0.00394192228324878 0.407149822453442 0.00072482671007651 0.999998019535675 -0.00185352393252484 -2.20967941108214 -0.0039405845435832 0.00185636626517742 0.999990512803869 153.324607448734
128 0.999992359000853 -3.76520447802704e-05 0.00390903085599645 0.402949869622358 4.09585883095561e-05 0.999999641475393 -0.000845796358670383 -2.23426493737442 -0.00390899760855032 0.000845950004326648 0.999992002021159 154.57291983969
129 0.999993782462319 0.000320202578697146 0.00351176693614162 0.399053517180065 -0.000319056623058705 0.999999895678061 -0.00032687419231874 -2.25807692012377 -0.00351187123574657 0.000325751707466518 0.999993780303782 155.868035326768
130 0.999994770434086 0.000504660123873473 0.00319443620057928 0.395282429624711 -0.000502622498703561 0.999999669756278 -0.000638637580613423 -2.28228108809637 -0.00319475744055732 0.000637028645311016 0.999994693845623 157.147049247937
131 0.999994938652511 0.000988834961539333 0.00302404940108948 0.388320791835932 -0.000987820645994082 0.999999455357079 -0.000336891548950709 -2.30488037898567 -0.00302438088420423 0.000333902625392611 0.999995370803937 158.389938065116
132 0.999997054271886 0.000547870154192006 0.00236458999515919 0.384882909657169 -0.000550129490815672 0.999999392720465 0.000954943058506403 -2.33004460830459 -0.00236406537439137 -0.000956241076193813 0.999996748393668 159.671430747014
133 0.999997497374134 0.00144813486210701 0.00170533014114702 0.379030883718586 -0.00145029999533504 0.99999814303685 0.00126907555938756 -2.35298963725898 -0.00170348918185159 -0.00127154562366199 0.999997740645615 160.931778150752
134 0.999997667373358 0.00178714624012694 0.00121299470675673 0.371671849271287 -0.00178752212571674 0.999998354680959 0.000308868943719777 -2.3758782371461 -0.00121244071702198 -0.000311036478120555 0.999999216621602 162.18333599005
135 0.999997422823037 0.00223448392512334 0.000401782119422747 0.365630323669557 -0.00223411952962247 0.999997094728716 -0.000905121016344112 -2.40000655696228 -0.000403803430498006 0.000904221054407425 0.999999509663417 163.446367353368
136 0.999995509547262 0.00298861888501524 -0.000221455350648474 0.35735589917863 -0.00298881363173803 0.999995142451599 -0.000884345113996208 -2.42310042124628 0.00021881130440983 0.000885003031657109 0.999999584445537 164.697634829249
137 0.999996325986202 0.00252398504442166 -0.000988692871286753 0.350091192342923 -0.00252571319028009 0.99999527811303 -0.0017505783400288 -2.44919844777225 0.000984269769241445 0.00175306906300597 0.999997978978899 165.975505832373
138 0.99999397626899 0.0029861862579271 -0.0017692137708838 0.340593119039404 -0.0029911433410616 0.999991590049895 -0.00280586724494749 -2.47464608689042 0.00176082004967583 0.00281114231514765 0.999994498480685 167.258811565097
139 0.999991889320364 0.00326652264366163 -0.00235608219454089 0.329253146717083 -0.00327240971346519 0.99999152273834 -0.00249915708270119 -2.49992603364063 0.00234789866821492 0.00250684687909787 0.999994101527888 168.522467134633
140 0.99998877181078 0.00359158682359103 -0.00309140040369033 0.31725267149164 -0.00359501075372051 0.999992929925151 -0.00110272271818767 -2.52583588246032 0.00308741802287337 0.00111382395430365 0.999994613608569 169.79779015605
141 0.999986451843147 0.00360793502722518 -0.00375219069244493 0.305307832873617 -0.00361091848351718 0.999993169623305 -0.000788653562647968 -2.55043936799442 0.00374931965275605 0.00080219173257083 0.999992649518268 171.064109275394
142 0.999984258955569 0.00407172427133594 -0.00386042776649307 0.294251836425115 -0.00407351006053345 0.999991599783571 -0.000454838522046077 -2.57369975886722 0.00385854336101457 0.000470556853757465 0.999992445081151 172.3127454031
143 0.999979670092028 0.00437633469409722 -0.00463757450448081 0.281861996840813 -0.00437678791161761 0.999990417982504 -8.7582838863524e-05 -2.59665360280562 0.00463714677534444 0.000107878738342908 0.99998924255812 173.578986864896
144 0.999975504607281 0.00460518938410259 -0.00527090278324009 0.265987079898268 -0.00460960430529317 0.999989034773637 -0.000825760642127852 -2.62342596596592 0.005267042202455 0.000850037190959036 0.999985767750327 174.899818679409
145 0.99996716190161 0.00568858977073224 -0.00577192037884665 0.253911221177536 -0.00569649711215951 0.999982857541733 -0.00135445314457493 -2.6472406444293 0.00576411650563927 0.00138728839467902 0.99998242504147 176.166242411481
146 0.999966136299808 0.00586977181590275 -0.00576819143777031 0.238856973266904 -0.0058751556053809 0.999982320803472 -0.000916857194619661 -2.67219160066429 0.00576270771826008 0.00095071516870103 0.999982943524749 177.394832787699
147 0.999965531221045 0.00568155228331356 -0.00605444741202804 0.223510235888027 -0.00569380273974018 0.999981773967871 -0.00200806932914681 -2.69776274742143 0.00604292811259292 0.0020424729427112 0.999979655455102 178.658787475765
148 0.999972025466021 0.00435770766713676 -0.00607936421603563 0.209873073690313 -0.00437947420179713 0.999984031489084 -0.00357169043362811 -2.72353984478132 0.00606370275485453 0.00359821493600017 0.999975141870124 179.926307140272
149 0.999980032358271 0.00123490193974925 -0.00619757226260933 0.198415592496155 -0.00125629538655445 0.999993262339222 -0.00344920252537312 -2.7501140679224 0.0061932710785806 0.0034569196343742 0.999974846233638 181.167811577829
150 0.999976594677929 0.00144589701520652 -0.00668726238115874 0.184138373514328 -0.00144367992736716 0.999998901326442 0.000336354241243263 -2.7753855817866 0.00668774136763385 -0.0003266921022952 0.999977583442584 182.420677080289
151 0.999976819240462 0.000627370168237757 -0.00677992539780585 0.17184175252124 -0.000595919328915206 0.999989058309165 0.00463984289635085 -2.79879201569048 0.00678276211297674 -0.00463569505267522 0.999966251665274 183.681128848509
152 0.99997815410949 0.00194124495549313 -0.00631845485859775 0.153946450835307 -0.00191637906583515 0.999990405380602 0.00393911640040398 -2.81795626683287 0.00632604102526958 -0.00392692179227895 0.999972279860889 184.931923180184
153 0.999974894497123 0.00354261235431959 -0.00613679665413508 0.135871425612941 -0.00353802596391694 0.999993453841709 0.000758054093140339 -2.83578586384024 0.00613944197348838 -0.000736322915913514 0.999980882357667 186.168969060487
154 0.999972361197208 0.00393814873870599 -0.00630617365708049 0.118657590540261 -0.00394512830000659 0.999991618734224 -0.00109472553788968 -2.85534687425217 0.00630180961136677 0.00111957394514573 0.999979516665118 187.398663648056
155 0.999972236925075 0.00370809299457957 -0.00646339116907008 0.104323773921257 -0.00371393861507807 0.999992704889294 -0.000892652315238043 -2.88020278949311 0.00646003398011923 0.000916632170512097 0.999978713646665 188.675264767492
156 0.999973712323919 0.00351133095408885 -0.00634391173105575 0.0897084497647086 -0.00350914361188027 0.999993779606643 0.000355892022956935 -2.90583109244245 0.00634512192410588 -0.000333620970057349 0.999979813858668 189.995149250506
157 0.999975260541246 0.00381863901249007 -0.00590730916405188 0.0726161013251882 -0.00380373720753812 0.999989560766515 0.00253178617744844 -2.9306497367664 0.00591691547374074 -0.002509253690765 0.999979346665316 191.245352371176
158 0.999981856034612 0.00298768285574816 -0.00523080803752956 0.0600635676290458 -0.00296978106234356 0.999989718650811 0.00342680508825605 -2.95345843402606 0.00524099246457776 -0.00341120855777252 0.999980447635933 192.470167761472
159 0.999988019031491 0.00303757718488797 -0.00383860890419935 0.0487033901173724 -0.00302676537211195 0.999991445156098 0.0028192740203695 -2.9741926315976 0.00384713982794159 -0.00280762167422794 0.999988658323523 193.709575859796
160 0.999994670277721 0.00201509444247804 -0.00256881500685025 0.0390899736391519 -0.00201177514861899 0.999997139055332 0.00129407955781627 -2.99556093059099 0.00257141535013773 -0.00128890478253944 0.999995863265223 194.947603941001
161 0.999997578529277 0.00176780427679393 -0.00131065007588831 0.0306940219200251 -0.00176804361132123 0.999998420543723 -0.000181471344182473 -3.01970496434264 0.00131032719995546 0.000183788191248278 0.999999124631882 196.196791921214
162 0.999999430298193 0.00106254070209291 0.000102032077040601 0.0243879056056179 -0.00106245932356412 0.999999120096083 -0.000794347056461546 -3.04419704461465 -0.000102876013341255 0.000794238198989039 0.999999679301053 197.40513071328
163 0.999998395408575 0.0012620954591343 0.00127133604030248 0.0184289931060685 -0.00126204223781633 0.999999202714274 -4.26638809145031e-05 -3.06703126477567 -0.00127138887257477 4.10593326750858e-05 0.999999190941906 198.598419985117
164 0.99999638304606 0.000814574856746873 0.00256327185476501 0.0151069156581 -0.000819654512399972 0.999997701342157 0.00198128162641947 -3.09239015619541 -0.00256165206048304 -0.00198337545755735 0.999994752066487 199.803536102661
165 0.999991553380627 0.00181223808990984 0.00368903246198447 0.0116850584198907 -0.00182089984425026 0.999995590360896 0.00234597155152338 -3.11493599115012 -0.00368476473567915 -0.00235266909463009 0.999990443682825 201.036455675563
166 0.999986133200336 0.00153019613678709 0.00503903828347536 0.0119215568124511 -0.0015424210934457 0.999995874855777 0.00242305769617004 -3.13656276005442 -0.00503530974318981 -0.00243079641505351 0.999984368320115 202.267423082432
167 0.99998075456975 0.00188722003552948 0.00591006689062464 0.0124437905599767 -0.00190247273459988 0.999994871773867 0.00257624211992239 -3.15757283071162 -0.00590517464672007 -0.00258743628015344 0.999979216826974 203.482271448749
168 0.999973810479182 0.00184247474927794 0.00699883151267849 0.0138333414188749 -0.00186193010813575 0.999994418213658 0.00277430311984345 -3.17875603375254 -0.00699368086325119 -0.00278726179728936 0.999971659398233 204.669497711
169 0.999966647963142 0.00219941598143163 0.00786546442991253 0.0147430968631338 -0.00222031444738101 0.999994025830688 0.00264924643792306 -3.19905175192146 -0.00785959064534198 -0.00266662188446731 0.99996555738816 205.875021987512
170 0.999957459410049 0.00213639686380712 0.00897302505516069 0.0171236007283759 -0.00216157734519046 0.999993750819001 0.00279748214055258 -3.22134712043758 -0.00896699244903137 -0.002816759021689 0.999955828481955 207.044563566936
171 0.999954004837778 0.0010157179710671 0.00953711307951102 0.0234120330120029 -0.00104286471560272 0.999995418035071 0.00284189057653056 -3.24373320769306 -0.00953418282146297 -0.00285170578203181 0.99995048234003 208.198945021013
172 0.999951573376746 0.000909162119857829 0.00979920025353957 0.026711314784362 -0.000944712675577739 0.999992987460483 0.00362388573471113 -3.26445528572139 -0.00979583683662386 -0.00363296767085198 0.999945420073802 209.369713929163
173 0.999953531658291 0.000481083466004599 0.00962824401489988 0.0313459830109354 -0.00052524680093835 0.999989351578446 0.0045848495631351 -3.28524401130158 -0.00962593579397984 -0.00458969371714639 0.999943136419103 210.517462228191
174 0.999960311220426 0.000733830594693754 0.0088790470550883 0.0358921091079655 -0.000774435164868494 0.999989255314736 0.00457050382942943 -3.30534115303853 -0.00887559767697905 -0.00457719867798039 0.999950135265824 211.596083944501
175 0.999964149737632 0.0011004532992338 0.00839572760579681 0.0375477109289228 -0.00113083824779089 0.99999282571179 0.00361520812769025 -3.32460001980425 -0.0083916890047157 -0.00362457273142503 0.999958220141303 212.675836895246
176 0.999967407616871 0.00130006186908998 0.00796828357492906 0.0419407356150527 -0.00132250476407692 0.999995172069967 0.00281190645413524 -3.3441258708152 -0.007964589452253 -0.00282235290039213 0.999964299182207 213.760975601238
177 0.999972924425216 0.00116409694616587 0.00726603707546976 0.0465078333653107 -0.00118400115574873 0.999995557174207 0.00273564857218647 -3.36535970162607 -0.00726282023358417 -0.00274417749922404 0.999969860011844 214.845748613229
178 0.999981767649726 0.000688837825150678 0.00599915582220831 0.0481042082009192 -0.000705182410653022 0.999996044553127 0.00272279192525381 -3.3858772692328 -0.00599725653079805 -0.00272697278152229 0.999978298031289 215.896021241831
179 0.999989190776216 0.000245905540323468 0.00464304438847451 0.0471919312203615 -0.000262060144242565 0.999993913835967 0.00347902507973121 -3.40560458058633 -0.00464216061860272 -0.00348020423105274 0.999983169120011 216.945840464366
180 0.999996115478332 -0.00084503083599683 0.00265611579824041 0.0440710525606182 0.000831172991075413 0.999986060978016 0.00521411556555061 -3.4257236362446 -0.00266048486301925 -0.00521188761949305 0.999982878877301 217.986105462799
181 0.999999722457919 -0.000615774878368482 0.000419410758116843 0.0374903165123973 0.000612831496739294 0.999975436090933 0.00698223834492648 -3.44546676486674 -0.000423699942716706 -0.00698197937893888 0.99997553592191 219.007130869962
182 0.999998287569114 -0.000237835851201242 -0.00183529097091653 0.0280720014235919 0.00025088012446071 0.999974688498823 0.00711051480872534 -3.46370387195642 0.00183355338160495 -0.00711096307048737 0.999973035779569 220.017164404339
