0 1 0 0 0 0 1 0 0 0 0 1 0
1 0.999996868004465 -0.00235928934399693 -0.000835305365003424 -0.00511531469878349 0.00236171494618288 0.999992962888266 0.00291487160268069 -0.0201111571323046 0.000828422461354914 -0.002916835226481 0.999995402883677 1.51950498257399
2 0.999992293691107 -0.0028021778771032 -0.00274961043498735 -0.0154188989582804 0.00281268171515511 0.999988733941483 0.00382371699785335 -0.0385571743720691 0.0027388647225356 -0.00383142131010333 0.999988909353887 3.02188286344162
3 0.999989697751003 -0.00159066123365929 -0.00425137491846804 -0.0308250504473387 0.00160580668703578 0.999992368709025 0.00356144754232353 -0.0548658756371102 0.00424567741844771 -0.00356823773767733 0.999984620833094 4.51180099426292
4 0.999984113204059 -0.000991296733764836 -0.00554893415682615 -0.049713943723934 0.00101039642748608 0.999993571686937 0.0034403028735964 -0.0711800043760352 0.00554548812553847 -0.00344585484145508 0.9999786865958 6.00378292492402
5 0.999975830099628 -0.00110191671255055 -0.00686476482621464 -0.0671328809163387 0.00112698058075597 0.999992709915858 0.00364829136855119 -0.0878079079756302 0.00686069466827018 -0.00365593964636289 0.999969782030423 7.49223274486514
6 0.999962205793407 -0.0012216790310525 -0.00860781535173567 -0.0875413987418314 0.00125596410848323 0.999991296060865 0.00397873807513357 -0.104176130866363 0.00860287968895832 -0.00398939880901901 0.999955036568245 8.97321773104586
7 0.999941644675381 -0.00314975686256347 -0.0103337445101074 -0.105103803736288 0.00318167312660044 0.999990215034847 0.00307356318892062 -0.118837583440609 0.0103239624180306 -0.00310626242734796 0.999941881777998 10.4597810458346
8 0.99992014835761 -0.00437393640423879 -0.0118560359659988 -0.125590178277333 0.00441419705535095 0.999984572947682 0.0033717548839967 -0.134822828088269 0.0118411052208784 -0.00342382052288072 0.999924029954364 11.9444882478109
9 0.999905954141036 -0.00409722508321327 -0.0130879952598486 -0.149535666659925 0.00414098208060738 0.999985921657911 0.00331794415046437 -0.15139960358072 0.0130742166385761 -0.00337182926539885 0.999908843658607 13.4282727403515
10 0.999892715376779 -0.00365606825631353 -0.0141841778526566 -0.178500826998842 0.00370260953657968 0.999987843395336 0.00325633907395262 -0.167315888375295 0.0141721000232939 -0.00330850819102778 0.999894097069524 14.8970619839619
11 0.99988747603011 -0.0022109553960956 -0.0148373499781319 -0.209153057597832 0.00226829138511353 0.999990021571165 0.00384858575228361 -0.183019130939312 0.0148286928732547 -0.00388180812726961 0.999882513815165 16.3672121440219
12 0.999883091200971 -0.000722806364016553 -0.0152735549676792 -0.24399560986271 0.000793025596174345 0.999989142804306 0.00459188239321495 -0.198385051281508 0.0152700700978873 -0.00460345788179303 0.999872808478527 17.8360380319398
13 0.999873648220092 0.000177425872371603 -0.0158951601157131 -0.277261742404436 -9.07855631294544e-05 0.999985137481801 0.00545129099257866 -0.210718802604129 0.0158958910736665 -0.00544915916119681 0.999858803687506 19.3045436390886
14 0.999867351453662 7.40583846968833e-05 -0.0162872346454257 -0.307477107459943 1.3275226962598e-05 0.999985624736283 0.00536191612709645 -0.224160789639623 0.0162873976069797 -0.00536142109345311 0.999852977113661 20.7673323879158
15 0.999857975492968 0.00067140676352571 -0.0168397760098615 -0.338207318055653 -0.000578671120144183 0.99998464574137 0.0055112086915323 -0.237729483309157 0.0168432177103761 -0.00550068127278813 0.999843011938722 22.2060781942988
16 0.999856089503284 0.00119491538591551 -0.0169225429655567 -0.369971895603003 -0.00109194927303988 0.999980844443327 0.00609248661849163 -0.250660895806637 0.0169294988108248 -0.00607313128722691 0.999838241490283 23.6371605890546
17 0.999857009729072 0.00222753327270784 -0.0167630006608789 -0.404134162412676 -0.00210453314442243 0.99997076157055 0.00735166268668552 -0.263519993195152 0.016778886610311 -0.00731533317995538 0.999832463398036 25.0633001387914
18 0.999857405169981 0.00243138204851187 -0.0167110055977286 -0.437550954288552 -0.00233075928416058 0.99997905370525 0.00603818780025526 -0.276304822000705 0.0167253367055029 -0.00599837745444769 0.999842128828347 26.5070029445956
19 0.999858899716395 0.00295862203316123 -0.0165356346592703 -0.46996877112973 -0.00289265431871054 0.999987768440711 0.00401192222745621 -0.290615333986818 0.016547302164172 -0.00396352426908235 0.999855228153784 27.9220741958819
20 0.999867127609281 0.00105751598986248 -0.016266800124704 -0.498293455203838 -0.000995543995011873 0.999992218340809 0.00381734855387825 -0.305825244849062 0.0162707104491439 -0.00380064701846748 0.999860399787751 29.3309489024737
21 0.999871367149132 0.000161118212434119 -0.0160381793307992 -0.52665351173518 -5.64833239094218e-05 0.999978714594881 0.006524351830155 -0.321260054598046 0.016038889143559 -0.00652260669450096 0.999850093582508 30.7253692416186
22 0.999872039912914 -0.00154284428302929 -0.0159224191599736 -0.553095484504414 0.00166657342029008 0.999968498796976 0.00776040892971896 -0.334935076857892 0.0159099444820638 -0.00778595178767522 0.999843114004061 32.1408374933486
23 0.999874625915686 -0.00241960912193132 -0.0156485763462344 -0.583263157717659 0.00253172852488855 0.999971240705255 0.00714899385019891 -0.3483753073697 0.0156308285334823 -0.00718771549875083 0.999851996020044 33.5167574416435
24 0.999881732506483 -0.00230044798675108 -0.0152062138251151 -0.607962795245682 0.00238166296210563 0.999982986110102 0.00532495745131797 -0.361199225215741 0.0151937053206189 -0.00536054375820825 0.999870199520541 34.8869092066945
25 0.999892261155306 -0.00142352279011988 -0.0146095744152685 -0.637227029777027 0.00149000346657739 0.999988581303748 0.00454061138909375 -0.375672065955553 0.0146029439291824 -0.00456189050539246 0.999882964743183 36.2554214308868
26 0.999905808800195 -0.000792330807244679 -0.0137020341380282 -0.665785161473403 0.00084172784428086 0.999993166815408 0.00359969675497981 -0.393599505971637 0.0136990883588639 -0.00361089107888079 0.999899643186131 37.6180897219203
27 0.999923100168431 -0.000321095457718354 -0.0123972032032004 -0.692506267020504 0.000379445060040273 0.999988861273531 0.00470460947515403 -0.410895681453619 0.0123955544854121 -0.00470895174899156 0.999912084136613 38.9517583538175
28 0.999940925520916 8.50591369105217e-05 -0.0108691413329877 -0.71770508102601 -1.08743202953971e-05 0.999976708359815 0.00682514612428253 -0.427098664799226 0.0108694687138973 -0.00682462473780638 0.999917636181634 40.2572973662355
29 0.999957517777855 -0.000526321811323856 -0.00920247928012961 -0.737851402686217 0.000598980330429347 0.999968658043391 0.00789456480519057 -0.44342920126105 0.00919803577477544 -0.00789974153061476 0.999926492409135 41.535963749161
30 0.999975659084679 -5.55910025046373e-05 -0.00697697268173901 -0.755006984237027 0.000115010189617085 0.99996372854329 0.00851635899067222 -0.45734657407651 0.00697624618384244 -0.00851695411765027 0.999939394904381 42.7938729647017
31 0.999993445879252 -0.000445297924935579 -0.00359303608360345 -0.76540306582584 0.000473630407060038 0.999968773972941 0.00788839358112101 -0.470888469571922 0.00358941120206873 -0.00789004365077982 0.999962430963489 44.0446075220463
32 0.999999370157258 -0.00112047682181236 6.49367280878815e-05 -0.768759283883344 0.00112005672855368 0.999980500220982 0.00614366753004459 -0.483772333650001 -7.18192989043697e-05 -0.00614359092768097 0.999981125388125 45.2656366055711
33 0.9999929577217 -0.00133150451086032 0.00350878935573707 -0.769474284367922 0.00131585451386569 0.999989193902148 0.00445876729952405 -0.49840597412459 -0.00351468830818814 -0.0044541188433319 0.999983903766169 46.4928255417934
34 0.999970468895825 -0.00107186792980328 0.00761002203703233 -0.767318027641592 0.00103322114375866 0.999986560279337 0.00508052308024073 -0.513624652099624 -0.00761536541021824 -0.00507251021111126 0.99995813704866 47.6984818752034
35 0.999914457569982 -0.000754675539825943 0.0130578714711665 -0.760040360694714 0.000689837013158136 0.999987415179899 0.00496926621537104 -0.527436881959101 -0.0130614573238667 -0.0049598333292097 0.999902394429538 48.8898631156248
36 0.999809570996833 0.000773735761979873 0.0194993096313547 -0.745748955460457 -0.000854032597845248 0.99999118946611 0.00410994141994552 -0.541708489133941 -0.0194959578233701 -0.0041258118139585 0.999801422936287 50.0913959190511
37 0.999634691388202 0.00223329341780936 0.0269350361745469 -0.724557997030475 -0.00234620113725553 0.999988590733093 0.00416097871486477 -0.556337170175129 -0.0269254361791545 -0.00422265368601146 0.999628526044755 51.2682925508883
38 0.999368872565021 0.00329797133685711 0.0353691946922792 -0.692689236149632 -0.0034826313510683 0.999980619602163 0.00516059094938955 -0.571555700044205 -0.0353514897421826 -0.00528051182515805 0.999360990017057 52.4280247558882
39 0.998940967045403 0.00561605688783332 0.0456662267264007 -0.650635771421662 -0.00588769648971061 0.999965753759725 0.00581604141924982 -0.586557638762496 -0.0456319996103552 -0.00607875092251689 0.99893982271145 53.5848211102805
40 0.998252310929209 0.00799962561257995 0.0585519403141505 -0.594595875816899 -0.00835385876662856 0.999948240973231 0.00580761726076022 -0.601854799362003 -0.0585024509589172 -0.00628660199144273 0.99826747010368 54.7320665011601
41 0.997251401133925 0.00999870087678446 0.0734143645154034 -0.525513383406133 -0.0104957355352668 0.999924516268469 0.00638758959557173 -0.616759393570178 -0.073344955327532 -0.00714057042849574 0.997281068596992 55.8507749288436
42 0.995900356976609 0.0122901960273742 0.0896182462195652 -0.436573580010787 -0.0130319159551832 0.999885463869844 0.00769599300441451 -0.629197533544576 -0.0895133964298023 -0.00883233963317018 0.995946455205402 56.9664844245413
43 0.99414542648952 0.0123569741025505 0.107341400125954 -0.329441313917374 -0.0133552493101608 0.999873950195659 0.00858609550331561 -0.641823930661363 -0.107221771603694 -0.00996939873600729 0.994185145122883 58.0604439126551
44 0.991890858181487 0.0120708865298399 0.126518058609734 -0.202516771418415 -0.0131466405113137 0.999884152613686 0.00767119255899547 -0.653079846546027 -0.126410803728394 -0.00927227320534895 0.991934641823919 59.1713352608768
45 0.989118090023389 0.0112030940067897 0.146696607572081 -0.0540745663278452 -0.0123329691377177 0.999900859115869 0.00679483712792805 -0.662600470706456 -0.146605940741602 -0.00853010105579057 0.989158195394067 60.2482944133752
46 0.985838262020417 0.00839961619061569 0.167488410298786 0.120179812042053 -0.00963724259923351 0.999931925229734 0.00657787666656405 -0.673462665965463 -0.167421756924384 -0.00809884894335952 0.98585210044618 61.2981699861661
47 0.981907610590094 0.00344319463752609 0.189329312775228 0.3199039321615 -0.00516296484420406 0.99994976778299 0.00859102466313941 -0.681760796295494 -0.189290221774051 -0.0094130930853396 0.98187606428678 62.3320000386419
48 0.977154207826431 -0.0019348668746283 0.21252272917803 0.541416357358614 -0.000239593607155255 0.99994789453332 0.0102054305780632 -0.691849626755187 -0.212531401731613 -0.0100231985193212 0.97710282916868 63.3815904324089
49 0.971665041116443 -0.00689383941567724 0.236261556014286 0.793989362150831 0.00473318865236089 0.99994164388133 0.00971111513089052 -0.705201596587719 -0.236314715575146 -0.0083176805670273 0.971640968358489 64.4024261662734
50 0.965174038230783 -0.0127754780357748 0.261296504160008 1.06367865239082 0.0111229031255062 0.999907696883774 0.00780248285142676 -0.713463368931736 -0.261372066126708 -0.0046243781791328 0.965227050063928 65.3513504234221
51 0.957743895907378 -0.0164998276428127 0.287148716765224 1.3651320825023 0.0147093271396737 0.999856596451774 0.00839179521748162 -0.718255882460429 -0.287246001795073 -0.00381342623261058 0.95784925339696 66.3441247349373
52 0.949288131701371 -0.0193647755068289 0.313810529588301 1.6842605367364 0.0168234171158042 0.999800095374627 0.0108047177396802 -0.723902626538982 -0.313957028345389 -0.00497742488206629 0.949424146308738 67.3343417248734
53 0.9395604530719 -0.0236873893201765 0.341562677426149 2.02892544071096 0.0201859987094038 0.999700966704649 0.0138022688676016 -0.731062745861621 -0.341787478529319 -0.00607328222495919 0.939757646823683 68.2583798391801
54 0.928688231642284 -0.0266950923594871 0.369899365305006 2.40319380001787 0.0233914029611551 0.999636378813485 0.0134146345523207 -0.736044001124566 -0.370122966967246 -0.00380554813159726 0.928974976588057 69.1854637015167
55 0.916581567723249 -0.0260219593375616 0.399000109451395 2.79365901534261 0.0241976729311459 0.999661012290994 0.00960901295984449 -0.741704992303483 -0.399114898662914 0.000847429984988973 0.916900528698567 70.0872576331975
56 0.903518238024449 -0.0271284637814978 0.427690121478216 3.20924407704675 0.0280147234522523 0.999598593906459 0.00422212388788654 -0.747085569383479 -0.427632983792281 0.00816685454056826 0.903915556708603 70.9545554604044
57 0.889289664406432 -0.0290242749430272 0.456422484375964 3.653448523608 0.0316512404268469 0.999497187353669 0.00188982844365482 -0.754059766319139 -0.456247840279093 0.0127657328867589 0.889761172621354 71.8050971086454
59 0.855928367531529 -0.0284666705784584 0.516310253937484 4.61587829321693 0.0266514809409942 0.99958503436962 0.0109296673296701 -0.772423495944353 -0.516407134166893 0.00440542057730748 0.856331865605312 73.4761306128756
60 0.83630310470871 -0.0287866053448845 0.54751113998465 5.13340860598251 0.0247940012613792 0.999584740711939 0.0146834477319047 -0.781974705127541 -0.547706467513415 0.00129517896937861 0.836669557206077 74.270163119899
61 0.81519195211359 -0.0225713430308445 0.578750909876623 5.66083418709306 0.0207783418360224 0.999736829432301 0.00972277672253565 -0.785586235487881 -0.578818055799731 0.00409955490691709 0.815446412665961 75.0090157676968
62 0.793228512784275 -0.015747073669185 0.608720425299582 6.22267248627864 0.0178020774572585 0.999837973669904 0.00266691692157038 -0.788914693672932 -0.60866379270025 0.00872101361758201 0.793380319504605 75.7478097250485
63 0.770758031050848 -0.0135540316570733 0.636983787702999 6.81853321329434 0.0170075027486799 0.999855119658706 0.000696090891536561 -0.795319192832264 -0.636900936112417 0.0102969858752302 0.770876883594917 76.4731053564916
64 0.747499239496804 -0.0160638487944044 0.664068399875804 7.43004088306101 0.0180398139929273 0.999829742140224 0.00387967046465968 -0.807354444256188 -0.664017659451012 0.00907961969050904 0.747661760720364 77.1531931483884
65 0.722999557003035 -0.0164301054641928 0.690653091072393 8.060377053023 0.0182458577136937 0.999822555791752 0.00468461378775938 -0.822899195532357 -0.690607507380065 0.00921458433594924 0.723171046285599 77.8021037567804
66 0.697513862840922 -0.014464053858795 0.716425294284551 8.70572565182798 0.0188391355389723 0.999820827740655 0.00184374296908753 -0.832503644431998 -0.716323598743528 0.0122107969421207 0.697661377977281 78.4227364847139
67 0.671146243004487 -0.0119349494146415 0.741228896821645 9.37894591152477 0.018600042596413 0.999826728438049 -0.000742641420689057 -0.839789634623433 -0.74109159954514 0.0142853100539698 0.671251943014162 79.0362223801809
68 0.644129829899552 -0.00974478058802349 0.764854104705509 10.0809586134976 0.0170195386114047 0.999853886021652 -0.00159433774868591 -0.850968100862082 -0.76472681235787 0.0140444244699903 0.64420156519701 79.6346112688191
69 0.615982461748492 -0.00833173578255716 0.787715804714567 10.7964735467245 0.0169830812599919 0.999852118010279 -0.002705006705413 -0.864765625700334 -0.787576778332871 0.0150440782106939 0.616032867582247 80.1877927233112
70 0.587319194063065 -0.00173187292723176 0.809353547531162 11.5305196038364 0.0154518930844062 0.999839443204346 -0.00907341241935469 -0.88080516460278 -0.809207886321692 0.0178350337534736 0.587251656690547 80.7181081741309
71 0.557074919476812 0.00759903039501426 0.830427473550195 12.2794977175456 0.0142364281648723 0.999723808302773 -0.01869842842881 -0.899540374141852 -0.83034020630282 0.022238746584656 0.556812876958978 81.2236557415336
72 0.526109513912278 0.0159188310315421 0.850267822623893 13.0606992562308 0.0132285889655979 0.999550622835842 -0.0268990115517395 -0.923207752091217 -0.850313932500795 0.0253996694283718 0.52566250863835 81.7130785686099
73 0.494193661072935 0.0208911781901639 0.869100790489317 13.8686666540991 0.0107728868438112 0.999487296094663 -0.0301511169681859 -0.948676773703477 -0.869285091477117 0.0242632153517544 0.493715227754234 82.1775828944058
74 0.46187447808601 0.0202776127796491 0.886713473965934 14.700683899166 0.00888271746504374 0.999582732498513 -0.0274856002525539 -0.983833200614737 -0.886900819609054 0.0205713225332159 0.461501632571351 82.6087924596745
75 0.428743867317085 0.0188954281022651 0.903228464473315 15.5313876825638 0.00413663075513717 0.99972971085545 -0.0228777953237303 -1.01945518153654 -0.903416617360997 0.0135450370878405 0.428549819094938 82.9997075661381
76 0.394436713014637 0.0199961136596861 0.918705521298701 16.3794856652662 -7.16978978498861e-05 0.999763881596274 -0.0217296091764746 -1.05244793942354 -0.918923105752391 0.00850508636404114 0.394345012926904 83.3632286555014
77 0.35908463297875 0.0230392580079399 0.933020588705823 17.2473374051886 -0.00728852522686307 0.999734002311792 -0.0218815452302568 -1.08215248478757 -0.933276541952349 0.00105698254004965 0.359157039509705 83.6973260783671
78 0.323008909441472 0.0249241295748872 0.946067667868618 18.1466593745293 -0.0122188670029256 0.999679660518911 -0.0221647385267576 -1.11066998389337 -0.946317041857852 -0.00440046698987124 0.323209981559474 84.0174808795471
79 0.28667516626385 0.0244062400967454 0.957716912501776 19.0807498952279 -0.0149618606671241 0.999667584563286 -0.0209967401942309 -1.1390920555213 -0.957911004098487 -0.00830998301721988 0.286945033776997 84.319021099706
80 0.250486438059722 0.0240205076661976 0.967822070196589 20.0157850189854 -0.0156189622572879 0.999662305016318 -0.0207683400267501 -1.16772501649042 -0.967994107609214 -0.00991418886845703 0.250777025448748 84.5640654628084
81 0.214596360779293 0.0234157728513699 0.976422092909648 20.9500661728578 -0.0150332632983655 0.99967333548911 -0.0206693808973305 -1.19730424538878 -0.976587119992316 -0.0102432364929237 0.214878275242669 84.7704550918653
82 0.179570576238527 0.0222069499339621 0.98349441255352 21.9100544622113 -0.0130503563001849 0.999710977725488 -0.0201903248014226 -1.22395743645838 -0.98365852629345 -0.00920936424403 0.179808484951126 84.9519093410309
83 0.145058053512884 0.0212970721955485 0.989193912146123 22.8718713168023 -0.00496790290734729 0.999771390880537 -0.020796295763906 -1.25484776651467 -0.989410673609173 -0.00189754912829053 0.145130693705878 85.086368378458
84 0.111230526980059 0.0246944145700469 0.993487773330292 23.8583914275004 -0.00276381397469442 0.999695046313307 -0.0245392687125681 -1.28838758817604 -0.993790788445965 -1.62996010140716e-05 0.111264857588869 85.2032394775023
85 0.0785932612870097 0.0296438015668359 0.996465927319614 24.836850682391 -0.00199634917402777 0.999560469684577 -0.0295784048576653 -1.32169254332022 -0.996904766700535 0.000335369370480126 0.0786178965448591 85.2904240150554
86 0.049453756589166 0.0335535100283475 0.998212646645993 25.8032809816915 0.00484829190342657 0.999415701660546 -0.0338341445876291 -1.35837840968838 -0.998764646963858 0.00651285184347104 0.0492621836303092 85.3295324407306
87 0.0239259871177145 0.0317749293569411 0.999208637375 26.7758551487161 0.00661484400396361 0.999467848561374 -0.0319415643151791 -1.39599716463298 -0.999691848010799 0.0073738427199733 0.0237030686683162 85.3405544423094
88 0.00170521991494899 0.0287857745255576 0.999584149239075 27.7744551059739 0.00835919767279173 0.999550267877452 -0.0287990590190326 -1.43414981460936 -0.999963607357442 0.00840483022304983 0.00146382704335357 85.3408259393872
89 -0.0170638170492405 0.0261568429553672 0.999512203884634 28.7621196167212 0.00879869882224511 0.999622972573496 -0.0260095290684502 -1.47236882380085 -0.999815687537831 0.00835058500557841 -0.0172875297055171 85.3171573782565
90 -0.0336450982528191 0.0293616596579233 0.99900245260244 29.7522105586654 0.0104577510222081 0.999523985365811 -0.0290247846159548 -1.50937563675273 -0.999379128662949 0.00947077718972085 -0.0339361396199833 85.276908924516
91 -0.0482870286309316 0.0337159921010212 0.998264291028503 30.7390516867666 0.0133217729204095 0.999362968866271 -0.0331087122227655 -1.54518939556174 -0.998744658675206 0.0116999288646014 -0.0487054250808945 85.2189834258967
92 -0.0604207423951766 0.039007679868257 0.997410514682752 31.7311221282521 0.0177742135802744 0.999119734588936 -0.0379978063384936 -1.58622379387358 -0.998014734971393 0.0154323318468227 -0.0610608869387848 85.1509823438815
93 -0.0690975740302358 0.0425494043718972 0.996702098648705 32.7419803319955 0.0234043598816131 0.998884174327163 -0.0410200221510672 -1.63230426914914 -0.997335330368712 0.0204927905942281 -0.0700163147558703 85.0779118186432
94 -0.0751018744769045 0.0478493826118671 0.996027180870943 33.7614612944552 0.0272967491632736 0.998572402659691 -0.0459134417308163 -1.68442664505624 -0.996802184957062 0.0237401185783662 -0.0763007918354226 85.0014605533547
95 -0.0789458170597359 0.052680003655631 0.995485999491512 34.7610540421666 0.0290615539217028 0.998299919418308 -0.0505242216472046 -1.73870351123033 -0.996455209255502 0.024941694093277 -0.0803425655759806 84.9253112252707
96 -0.0818263586618424 0.0567103574756399 0.995031849934025 35.7676533988757 0.0310465223764809 0.998040332028838 -0.0543287133299956 -1.80048940237999 -0.996162918641559 0.0264467578117113 -0.0834266655499216 84.8431636421345
97 -0.08428577247743 0.0596317389245883 0.994655701371441 36.7764334400363 0.0313645338564211 0.997871848933925 -0.0571667658798318 -1.86280946636988 -0.995947877438299 0.0263785673989289 -0.0859767213152947 84.7558573444207
98 -0.0867977185881394 0.0632150502437567 0.994218292665436 37.7864935540981 0.0324688065315661 0.997634053298056 -0.0605976262118257 -1.92858674651524 -0.995696707160524 0.0270213456876547 -0.0886448770483572 84.6648394768111
99 -0.088684626851028 0.0669291648477764 0.993808595179712 38.7748847511394 0.0337193634840321 0.997369791848663 -0.0641599784444063 -1.99746716242998 -0.995488845485737 0.0278205895073079 -0.090708176659771 84.565188097099
100 -0.0905254407589373 0.0684004409093498 0.993542411907417 39.7743719241878 0.036532810266343 0.997195178448547 -0.0653232719098889 -2.06657806556279 -0.995223843338494 0.0303834784443198 -0.0927703933816175 84.4630188627242
101 -0.0924892599375811 0.0671053912462433 0.993449849394466 40.8001809170788 0.0366416952671733 0.997280013434259 -0.0639528026947421 -2.13973314399254 -0.9950392569965 0.0304867392525604 -0.0946965456899047 84.3578611255379
103 -0.0972674307515333 0.0680882719114145 0.992926499869509 42.8425955338964 0.0360150562900672 0.997244490111904 -0.0648563232219663 -2.28678227475284 -0.994606436051678 0.0294518958569081 -0.0994516123298907 84.1647613481187
104 -0.0996201092195004 0.0702855824798026 0.992540060014995 43.8584162755025 0.0350700838341289 0.997130346531338 -0.0670906941845184 -2.3610252084446 -0.994407322508721 0.0281248808311834 -0.101799155297428 84.0624497951945
105 -0.102240625967617 0.0725035433957587 0.992113950409331 44.8665877908181 0.0334976918574649 0.997025624287804 -0.0694104398036584 -2.43506781611876 -0.994195533605926 0.0261369605840904 -0.104365225288185 83.9573848990025
106 -0.104716321161644 0.0760722661900369 0.991588373469094 45.9165725006257 0.0309812391758936 0.996835730488477 -0.0732030685192308 -2.51714052435241 -0.994019443925268 0.0230550805294037 -0.10674178357272 83.8675966862378
107 -0.107224372952598 0.0801103676392586 0.991002150775479 46.9865872095735 0.0275600354490246 0.996605026145705 -0.0775813528315046 -2.60188437948966 -0.99385279508133 0.0189934424952595 -0.109068193581853 83.763884885875
108 -0.109690068475558 0.0824702538597807 0.990538614141888 48.0385597635516 0.0253128321143273 0.996460536423684 -0.080160213825657 -2.68913100776225 -0.993643471979855 0.0162805582989804 -0.111389380163883 83.6576940559701
109 -0.112281142157922 0.0809629142013057 0.990372632719496 49.0857633218831 0.0232525174961617 0.99661628862385 -0.0788371338882448 -2.77700519047676 -0.993404381682406 0.0141767335326007 -0.113783806758881 83.5421542227744
110 -0.115193367895199 0.0767533424238679 0.990373370209299 50.1420202841736 0.0201583307686714 0.996985691011991 -0.074921115968486 -2.86396672230269 -0.9931385249267 0.0113338583062863 -0.116393358755175 83.4274796457252
111 -0.117447866090875 0.0751819671135723 0.990229100042831 51.1993110292293 0.0204076147753838 0.997102343278788 -0.0732833288485862 -2.94953070451143 -0.992869340855019 0.0116012434197468 -0.118641827115214 83.3047310205205
112 -0.119441626699889 0.0755845055129991 0.989959938753907 52.2560561718499 0.0196580762700568 0.997082512326755 -0.0737565159801295 -3.03502818965522 -0.992646592624306 0.0106511097319421 -0.120579003200529 83.1839672524098
113 -0.12043008048064 0.0784329531072597 0.989618546502793 53.2843285362398 0.0210404807810655 0.996851718036649 -0.0764457351059065 -3.11724347875423 -0.992498813039053 0.011615683977072 -0.121701199672873 83.052804232713
114 -0.120866563852562 0.0813443485592704 0.989330263713762 54.3530679878335 0.0213628021459005 0.996619177658479 -0.0793337595718956 -3.20125680025315 -0.99243886684619 0.0115460677637084 -0.122195678697105 82.915442756687
115 -0.121255756346711 0.0821636908767944 0.989214925814552 55.4089107153159 0.020014022904838 0.99656808554154 -0.0803211663712228 -3.28982105870613 -0.992419508292714 0.0100587664040675 -0.122484042954487 82.7890239422028
116 -0.12124766487885 0.0808449893770528 0.989324563252147 56.4402129787778 0.0170951851187933 0.996700016847594 -0.0793525743864689 -3.3775032401522 -0.992475066894469 0.0072913722048802 -0.122229609686809 82.6649149572709
117 -0.121617196282633 0.0801565647144109 0.989335222612405 57.5109992980955 0.0133299998003463 0.996775909180117 -0.0791207809837197 -3.46911172533568 -0.992487566004569 0.00356539076896668 -0.122293578388198 82.5434779252955
118 -0.121304808788844 0.0813736864258041 0.989274211996945 58.5728371707325 0.00958347447233143 0.996683610608135 -0.0808080278324415 -3.55998285542356 -0.992569040612158 -0.000321718208009388 -0.121682357454376 82.4193030621194
119 -0.121677989224181 0.081478230503964 0.989219775829569 59.6500138918485 0.00541377842337908 0.996664725332772 -0.0814255259763923 -3.65282340847409 -0.992554863945335 -0.00455227759396274 -0.12171326479544 82.2928858283888
120 -0.121996951664064 0.0808835512227856 0.989229293402832 60.7259761994208 0.00203651905740205 0.996692275598061 -0.0812426018372613 -3.74864410513971 -0.992528385677108 -0.00789676546124795 -0.121758140263579 82.1682680840012
121 -0.122321827911453 0.0757001610925877 0.98959934116134 61.7988165389325 0.00240569912526508 0.997106662480966 -0.075977077120584 -3.83953475758698 -0.992487573236119 -0.00691297668336451 -0.122150021388683 82.0403926287041
122 -0.1226858789326 0.0669996768760207 0.99018140681849 62.8985971440844 0.00555989414401485 0.997749363059949 -0.0668228710141498 -3.92806483244344 -0.992429978732829 -0.00269291885788821 -0.122782268672565 81.9079833969652
123 -0.122690576314963 0.0616284642682773 0.990529633517057 64.0180466250188 0.0110791397194674 0.998092939813799 -0.0607267334616731 -4.01064201114389 -0.992383129212997 0.00352361827987051 -0.123139388367975 81.7717009173517
124 -0.121898368212808 0.0641720129217608 0.990465920960749 65.1371957582692 0.0192340492512135 0.997873068591337 -0.0622847519824132 -4.08622750959636 -0.992356205793291 0.011458260674212 -0.122873386401878 81.6316346912328
125 -0.120611888693709 0.0699024777882849 0.990235535569591 66.2436766384248 0.024642563334628 0.997421112221017 -0.0674082262642262 -4.16095154171362 -0.992393831287778 0.0162717084182517 -0.122023420404102 81.4893830771422
126 -0.119971846681629 0.0756488785772019 0.98989090468284 67.3524559788392 0.0282058918496473 0.996949835702482 -0.072769861603278 -4.24343028365145 -0.992376533211445 0.0191904211211218 -0.121739656925869 81.3546602361753
127 -0.119263140208425 0.0799968741842157 0.989634681843952 68.4635577284039 0.0290864516472026 0.996602493405611 -0.0770548406545262 -4.33241904961126 -0.992436537879476 0.0195951590571303 -0.121184768115985 81.2202701416915
128 -0.119113306864398 0.0770950186417639 0.989883012395129 69.582495512305 0.0261040294909286 0.996879385032291 -0.0744988009432247 -4.41922641364837 -0.992537455097874 0.0169661368103516 -0.120754090736372 81.0891353109194
129 -0.118918106531004 0.0725298788967188 0.990251433024113 70.7115651072272 0.0253087298010786 0.997225787072001 -0.0700014128034898 -4.50955983171893 -0.992581458689884 0.016737570488452 -0.120423841489995 80.9570334236308
130 -0.118630123980312 0.0705213446185584 0.990431034266196 71.8627970434572 0.023008020741502 0.997402098239267 -0.0682618884112304 -4.59585997389327 -0.992671911895353 0.0146899414940695 -0.11994449113205 80.826022814286
131 -0.118476597559569 0.0712308030636318 0.990398641217575 72.9698059387034 0.0212236730788346 0.997377445019308 -0.0691938427014934 -4.67820210101568 -0.992729999310866 0.0128220459235789 -0.119677665445909 80.701523801805
132 -0.118133960351754 0.0765216830896382 0.99004484718054 74.1044696672395 0.0222258454903459 0.996980342125677 -0.0744057068188206 -4.76539261893975 -0.992748900379068 0.013214742982669 -0.119477995313164 80.566643094312
133 -0.117453593210826 0.0791974032646331 0.989915362421457 75.2496252749502 0.0216976147644856 0.996781645147026 -0.0771723098754937 -4.85445934727928 -0.992841310056848 0.0124146370920108 -0.118793980615501 80.4272128907399
134 -0.116895502815684 0.0780500348456366 0.990072539505093 76.4040522188219 0.0220469614074183 0.996865382643439 -0.0759825004843135 -4.94849480061268 -0.992899477748965 0.0129460784697067 -0.118249846249743 80.2903597402686
135 -0.1162531321142 0.0712166915984828 0.990663107272803 77.5553945027764 0.0235222450382593 0.997343694011332 -0.0689366376043265 -5.04217999245617 -0.992941042188306 0.0152885203207098 -0.117619504693757 80.1522517508674
136 -0.116478601284227 0.0696290835455341 0.990749476995814 78.6902192602712 0.022770630702869 0.997464539891518 -0.0674239574364838 -5.12900272272314 -0.992932139584707 0.0147065422044835 -0.117768772584773 80.0226080774432
137 -0.116202511061725 0.0726926052032863 0.990561841366661 79.8129538541491 0.0203696765094396 0.997282791099224 -0.0707962630104355 -5.2116732306225 -0.993016642711415 0.0119507207356348 -0.117367489416994 79.8999797044627
138 -0.115963179284136 0.0758707303263818 0.99035154027752 80.9575715923896 0.0197605937576705 0.997057200752085 -0.0740706241553385 -5.29821349814392 -0.993056926860016 0.010980469396094 -0.11712117360743 79.7736468058243
139 -0.115961414279737 0.0752651593399069 0.990397953444868 82.1348706182247 0.0188303158178286 0.997112219780194 -0.0735706488432392 -5.39038350337791 -0.9930752084331 0.010118149759358 -0.117043809921769 79.6398970259564
140 -0.11590401468575 0.0717173764348421 0.990667894552473 83.3145510871993 0.0184911040250024 0.99737283083761 -0.0700393844840808 -5.48322594655339 -0.993088283312044 0.0102006972445761 -0.116925648700627 79.5048297582683
141 -0.115078910083552 0.0707029504252388 0.990836988235274 84.4843896648576 0.0191436937815924 0.997436390887781 -0.0689504541040475 -5.57377987937648 -0.993171870041826 0.0110335367821916 -0.116137408373434 79.3726489184196
142 -0.113894759691653 0.0712075953409912 0.990937668110631 85.6689613510323 0.0206571429315949 0.997382216788794 -0.0692964362674937 -5.66182644439353 -0.993278040712008 0.0125774400902886 -0.115067553376662 79.236759955839
143 -0.112604335727248 0.0715016811415931 0.991063960180851 86.8559283560888 0.0232345869181701 0.997324321011825 -0.0693134380120032 -5.75036856994009 -0.99336821851022 0.0152219680799744 -0.113964354697445 79.0996165510602
144 -0.111594403291397 0.0707899884090019 0.99122927049956 88.0216188946467 0.0229674955635433 0.997376855044163 -0.0686433038959596 -5.83971053501976 -0.993488391125722 0.0151058453344333 -0.11292754374003 78.9725584988204
145 -0.110431747409747 0.0716262242755216 0.991299406415672 89.2146405887426 0.0241411418939719 0.997298830734988 -0.0693703645851741 -5.92922414355191 -0.99359047621849 0.0162704090500989 -0.111862591411327 78.8453239678977
146 -0.10946419133558 0.0697610291701236 0.991539706529382 90.425731898893 0.0243345204916068 0.997423247853762 -0.0674884860794528 -6.02021133673803 -0.993692820708538 0.0167410707536312 -0.110879730439476 78.7180966553239
147 -0.108398078745956 0.0688828756780194 0.991718208949756 91.6208624680488 0.0227889978698005 0.997506502349808 -0.0667940068115677 -6.10926167485238 -0.993846325193325 0.0153599221410801 -0.10969756009841 78.593040514102
148 -0.107004766948089 0.0682260200372578 0.991914910685519 92.8116899409631 0.023994553032543 0.997529511619532 -0.0660237447655453 -6.19509015390415 -0.993968933757567 0.0167356995065366 -0.108377465770672 78.4681846530173
149 -0.105372680606727 0.0690676345789252 0.992031380569901 94.039235114539 0.0220790670941801 0.997501712005891 -0.0671032737023131 -6.28586195241084 -0.994187664869165 0.0148322755836353 -0.106634378241765 78.3418307370938
150 -0.103861779840768 0.0715460243152999 0.992015068984833 95.2718998415849 0.0226322042462504 0.997321064862113 -0.069559161246073 -6.37913301578162 -0.994334206401079 0.0152269493653749 -0.10520278510458 78.2181986865795
151 -0.102833356977725 0.0704283523003738 0.992202170872926 96.4654794988374 0.0202849633108303 0.997431311042664 -0.0686971616239725 -6.46865789405806 -0.994491740014049 0.013062424888449 -0.103997846611665 78.1043457830086
152 -0.102359209122004 0.0690412739775359 0.992348676018403 97.6885421628315 0.0166683178587388 0.997567491709325 -0.06768505495696 -6.56394380194735 -0.994607842060215 0.00961259446379953 -0.103261021397218 77.9878310784872
153 -0.102354820755488 0.0702175794085577 0.992266588276616 98.9140181917056 0.0138956317518922 0.997509132831416 -0.0691551974628948 -6.65363334116106 -0.994650894578761 0.00670980326977331 -0.103075586118892 77.8720988842536
154 -0.103074735459878 0.0694760826758067 0.992244260676725 100.141213773873 0.0113102663386012 0.997575010524505 -0.0686744221117626 -6.74447844470291 -0.994609308615814 0.00414394896917231 -0.103610573310424 77.7587423439696
155 -0.104107676169948 0.0668823146432067 0.992314641507652 101.388000405409 0.00874554875292761 0.997759296400759 -0.066331755765043 -6.83739599725739 -0.99452757987876 0.00177269112657788 -0.104459324268666 77.6375661518802
156 -0.105496728820627 0.0654295550538082 0.992264790030165 102.63857585438 0.00659957087086226 0.997857139869577 -0.0650966518004459 -6.9292191406168 -0.994397750335583 -0.000318962017657114 -0.105702471072174 77.5131246460008
157 -0.106932924767799 0.0646900301796668 0.992159538378762 103.87183720633 0.00469682482555561 0.997902884613403 -0.0645582892958558 -7.01802724989219 -0.994255143027766 -0.00224340714164239 -0.107012511825648 77.3880650513422
158 -0.108805383804436 0.0649456619251892 0.991939236774244 105.117871661768 0.00482832635188928 0.997886238699406 -0.0648054155066659 -7.10768768343611 -0.994051344609427 -0.00226177175041868 -0.108888974045768 77.2613331393386
159 -0.11131756896828 0.0636786892917595 0.991742619518328 106.370849317867 0.0044160732170905 0.99796680502367 -0.0635826577628637 -7.19640230251443 -0.993775073714537 -0.00269825887040202 -0.111372448400557 77.1303718773291
160 -0.114305014933307 0.0589264909908519 0.991696542406296 107.651831985351 0.00175458506006166 0.998249717592114 -0.0591136427445589 -7.28706819864046 -0.993444152930785 -0.00501696987925808 -0.114208340417271 76.9930722674061
161 -0.118358343364585 0.0589706433644215 0.991218323971655 108.917350872868 0.000997002002950575 0.998241524426974 -0.059269426323498 -7.37513405806365 -0.992970446963553 -0.00602678445745745 -0.118209006958464 76.8496530273533
162 -0.1238520156672 0.0648714408005474 0.990177950867233 110.12889428942 -0.0040661168249389 0.997819225398847 -0.0658806505615304 -7.45965214126853 -0.992292368664165 -0.0121856305912168 -0.123318147480235 76.7136538659283
163 -0.130883048106184 0.0679926324070032 0.98906351143736 111.32355878482 -0.00330767788204441 0.997609941082113 -0.0690178579874209 -7.54658746961481 -0.99139229721915 -0.0123047711278719 -0.130345332183503 76.5637097799107
164 -0.140066204181848 0.0638545512333196 0.988080996038726 112.565799658012 -0.00155091117436813 0.997902961855623 -0.0647091445956747 -7.64178176198515 -0.990140925889148 -0.0105959901173078 -0.139673447271899 76.3957624099513
165 -0.151127454777694 0.0616035990375904 0.986592868917078 113.834727605338 0.000353470569960174 0.998059562188042 -0.0622654429324193 -7.74059047064591 -0.98851422218953 -0.00906128636728755 -0.150855976409282 76.2106892242514
166 -0.164132986312494 0.0625871899099874 0.984450713069635 115.097286220014 0.000543222586798429 0.997990751380284 -0.0633574389368473 -7.83324318962323 -0.986438070896173 -0.00986426979488699 -0.163837201111499 76.0099531093767
167 -0.178632480444538 0.0628592403778143 0.981905877785318 116.309076321362 0.00229435881311263 0.997981050112359 -0.0634709345627589 -7.92095151198019 -0.983913193756374 -0.00908512607273473 -0.178416052070362 75.8009703646022
168 -0.193059211518496 0.0604657817656737 0.979322229954637 117.476567262653 0.00274460645707773 0.998128740218697 -0.0610858828603835 -8.00984700162426 -0.981183269314786 -0.00910533826404361 -0.192863902355638 75.5801017101515
169 -0.208528658505631 0.0630309068483409 0.975983044608726 118.668220380319 0.0069984542854865 0.997991703603536 -0.062956978772228 -8.10102911579467 -0.977991216841673 -0.00629796160583609 -0.208550990072345 75.3297347354648
170 -0.223474279480786 0.0661636216688319 0.97246162987452 119.821665966937 0.00740952703304941 0.997779958504581 -0.0661834821971747 -8.18990634031646 -0.974681663580315 -0.00758482526238446 -0.223468398450539 75.0711713078384
171 -0.238905391835891 0.070021267466226 0.968514964187009 120.954164220724 0.0072862814289006 0.99749791979423 -0.0703193437762593 -8.2786820342372 -0.971015511644731 -0.00974279778134179 -0.238817826044694 74.7989242159349
172 -0.254879221274731 0.0678404320104453 0.964590202286454 122.12083628402 0.0035289541740117 0.997594540530222 -0.0692291787235204 -8.37091481843239 -0.966966457042241 -0.0142410845419705 -0.254505525413976 74.5078524240728
173 -0.271046230336845 0.062013089913777 0.960566664890851 123.323622295409 -0.0021237469930548 0.997881612110665 -0.0650213650281911 -8.46728847111718 -0.962563987856857 -0.0196637964484378 -0.270340349171815 74.1943850607313
174 -0.286480916491736 0.0579967840610287 0.956328948387862 124.500744396935 -0.00602480533800537 0.998037347516797 -0.0623310089945262 -8.5575914834767 -0.958067005071511 -0.0236183403357428 -0.285569234675395 73.8642975399705
175 -0.301483987622936 0.0594869867861851 0.951613736560204 125.64320904938 -0.00745775897345508 0.997874198892346 -0.0647415246658057 -8.64476846993542 -0.953442073247278 -0.0266154389041307 -0.300399453018599 73.5166854870583
176 -0.31587049632016 0.0614091857999061 0.946812938997904 126.787120452804 -0.00778864548683843 0.997701831826797 -0.0673081850218451 -8.73272803165475 -0.948770344475383 -0.0286350601334656 -0.314666278420832 73.1490420415187
177 -0.329694740023398 0.0636667983886053 0.941938382901901 127.937083629938 -0.00608277165111015 0.997559546727808 -0.0695553780900608 -8.82712777304093 -0.944067994526848 -0.02866163838924 -0.328502864819928 72.7574115550513
