0 1 0 0 0 0 1 0 0 0 0 1 0
1 0.999028205010922 -0.000464214529066282 0.0440730087187935 0.0439269054983466 0.000578747163741603 0.999996488877998 -0.00258597822814172 -0.0188031279127553 -0.0440716535244175 0.00260897231625131 0.999024965963853 1.02227294909986
2 0.996055733883936 -0.00473873809262166 0.0886031565928889 0.132306144908285 0.00540526683342946 0.999958860851354 -0.00728420862706603 -0.0413264224028535 -0.0885649935775636 0.00773440147346465 0.996040371142884 2.03430913967962
3 0.990926769678561 -0.0041105886134593 0.134340017104595 0.269583819529032 0.0056953645099456 0.999918631770853 -0.0114145810525343 -0.0658891154808008 -0.134282165448398 0.0120761292953049 0.990869551022602 3.04863772076933
4 0.983624579304262 -0.00180704328037323 0.180220480476268 0.449088357062534 0.00438656792781229 0.99989355068914 -0.0139156498978086 -0.093675230567141 -0.180176149948679 0.0144783246560695 0.983527799863748 4.06542711371713
5 0.974120946305933 -0.00430801025194828 0.225986333692334 0.679378957862386 0.00764964443380967 0.999873943811676 -0.0139132823777326 -0.124172044586293 -0.225897908153373 0.0152819348956651 0.974031107079119 5.0700249737199
6 0.962523904104305 -0.00486284394329989 0.27115325330261 0.957206710925357 0.00927978688817213 0.999844285052072 -0.0150097036619687 -0.159485971578555 -0.271038040841348 0.0169634429728495 0.962419150900163 6.06329108214353
7 0.949021843309092 -0.00733159988927469 0.315125036398691 1.2783867573182 0.013604525914596 0.999750585242709 -0.0177111315702863 -0.193824739887267 -0.314916588633962 0.0210953774539469 0.948884886197069 7.03275881663693
8 0.933932934037405 -0.00907616969686753 0.357333034946279 1.65037759864831 0.0172084080431774 0.999660088892474 -0.0195851313018286 -0.226845801320668 -0.357033815503384 0.0244403318128871 0.933771666291054 7.99147385848219
9 0.916756568910541 -0.00903288967700221 0.399344212758187 2.0630620610701 0.0186940550260739 0.999619059040318 -0.0203044110978473 -0.261941151004475 -0.399008678685132 0.0260795649394573 0.916576200120052 8.93265637881047
10 0.897139507746753 -0.00936382391953047 0.44164807532867 2.50981604950156 0.019787027818823 0.999623661173539 -0.0190002513695546 -0.296664080718736 -0.441303951002041 0.0257847789134048 0.896987161561622 9.85584313959226
11 0.875276082013817 -0.00910183580522947 0.483537937332239 2.99824291556356 0.020412134333357 0.999627206922566 -0.0181326212155443 -0.332464854059161 -0.483192637595503 0.0257410909862823 0.875135573044735 10.7565679152766
12 0.851392911438873 -0.0092365780714299 0.524447133634239 3.53345950549963 0.0212830674063084 0.999629869630746 -0.0169456420296255 -0.368020418830459 -0.524096500077436 0.0255892431999865 0.85127436777988 11.6401755163819
13 0.825690329808348 -0.00931885554961948 0.56404666313367 4.10213848547064 0.0229090172701866 0.999592646576297 -0.0170210997972413 -0.402597523151638 -0.563658279624008 0.0269759122522053 0.825567467848307 12.4940093762939
14 0.798457786641615 -0.0111809543973989 0.601946965446406 4.7150560917437 0.0265223853268894 0.999510127494714 -0.016615297531885 -0.435952525262426 -0.601466313294391 0.0292316830556222 0.798363189706157 13.3090194274286
15 0.770061600595164 -0.0101531474839384 0.637888740208654 5.35705722290277 0.0274527852725553 0.99947455186375 -0.0172326654216655 -0.46882536555847 -0.637378596965409 0.0307820365298577 0.769935705340051 14.0798678608982
16 0.739603900889399 -0.0135106321497935 0.672906778542242 6.04525971078027 0.0326004479198575 0.99934409286022 -0.0157668912855196 -0.503354134044271 -0.672252393513485 0.0335983166884548 0.739559242069959 14.814506865665
17 0.707555258313622 -0.0125893949135736 0.706545867986258 6.76029375726314 0.0328772536435872 0.999345056715393 -0.0151176655394733 -0.538453759565058 -0.705892798253105 0.0339258714584937 0.707505754478494 15.5233106309958
18 0.673437983184466 -0.0116774281312216 0.739151486825724 7.51344606293499 0.034480194344715 0.999283189167984 -0.0156276691868303 -0.5736719525199 -0.738439164049679 0.036010352934989 0.67335789553484 16.207634111639
19 0.637999223444959 -0.0126905619326073 0.769932425944943 8.30859211786285 0.0390515840330755 0.999110817112468 -0.0158917876075647 -0.605148515833952 -0.769046139492383 0.0402060289843571 0.637927511998951 16.8565062800682
20 0.601158112700126 -0.0108477098977993 0.799056475303715 9.12299707625368 0.0390780675759199 0.999110663914518 -0.0158362207241434 -0.636724782433249 -0.798174058817596 0.0407456555017236 0.601047388637851 17.4686220644293
21 0.563570463400428 -0.00947174703209739 0.826013691648502 9.95373730567266 0.0420500095028808 0.998966845453285 -0.0172348015921304 -0.669456402662651 -0.824997048166498 0.0444469087032206 0.56338649506648 18.022440841468
22 0.524750073899921 -0.00775394203497722 0.851221026716884 10.8134636828072 0.0466675317245505 0.998716763335349 -0.0196715051712318 -0.70097773664327 -0.849976176974841 0.0500470080612412 0.524438552701222 18.5382444555105
23 0.485708451889634 -0.00673895857487453 0.874094895420573 11.7077220731427 0.0483643918266482 0.998645676784952 -0.0191754489377368 -0.730239095372523 -0.872781865855504 0.0515887456336305 0.485376571290513 19.0313744452519
24 0.447130659141195 -0.00830125005274338 0.894430133047586 12.6524952155984 0.0532947541733001 0.998427637621715 -0.0173758916527704 -0.761984735226312 -0.892879523134879 0.0554377279538324 0.446870020795475 19.5017460987221
25 0.409872416209186 -0.00893842037099738 0.912099066479138 13.6048621357272 0.0572275523054518 0.99823399853284 -0.0159339709509476 -0.793161674928369 -0.910345873659001 0.0587280922081605 0.409660104840121 19.9116526146311
27 0.341356821946059 -0.0073494665218495 0.939905051296529 15.6119937813227 0.059412888214322 0.998138475463238 -0.013772890544671 -0.846604376502079 -0.938054171583347 0.0605439438900971 0.341158030879113 20.6787375418265
29 0.274400698085505 -0.00859217238038781 0.961577054356006 17.7316906757639 0.0621741135180135 0.998026306451976 -0.00882446814694027 -0.899193611606774 -0.959603374576412 0.0622066411536011 0.274393325899065 21.3230074671922
31 0.210668305277242 -0.00344873047252652 0.977551518545055 19.8703955016266 0.0593915200605559 0.99819165087208 -0.00927768689747527 -0.938371532505751 -0.97575176786748 0.0600127851994795 0.210492168776156 21.8345870024944
33 0.14936664169303 -0.00314999305801887 0.98877686253931 22.1493245915865 0.0629377095236727 0.997997394525105 -0.00632813092597897 -0.9772305614253 -0.986776799012452 0.0631765626228347 0.149265772586696 22.2330066198919
35 0.0894460770812753 -0.00415622676422409 0.995982994369811 24.4421964812894 0.0625349884374631 0.998041717109333 -0.00145125138457467 -1.00492313304055 -0.994026546182695 0.0624135937800349 0.0895308259515339 22.49060424122
37 0.037354519879886 -0.0032409191227018 0.999296820913478 26.8630501045119 0.0696180907318119 0.997573516497605 0.000632949808745106 -1.01747900772344 -0.996874095002674 0.0695454932101519 0.0374895063551962 22.6148609326677
39 -0.00603279216947827 -0.00272073105281552 0.999978101280812 29.3049159134874 0.0798166701918864 0.996804444173697 0.00319362412405321 -1.02637893758179 -0.996791304425415 0.0798341887796472 -0.00579635435218884 22.598633251249
41 -0.0391311541699131 -0.00314602291278342 0.999229130536717 31.7987517229991 0.0872839467140099 0.996161909973211 0.0065545224502455 -1.03028254313897 -0.995414619854137 0.087473148213364 -0.0387063679810764 22.4895278232465
43 -0.0667185656599971 -0.00485363745677648 0.997760028864512 34.2992481239383 0.0898739324650137 0.995894000802766 0.0108542815669709 -1.03213937320007 -0.993715909734541 0.0903967995478773 -0.0660084037979567 22.3051526365781
45 -0.0902160090417674 -0.00185877702034907 0.995920487117604 36.8013884745537 0.0897655797536541 0.995912815484642 0.00999022747205946 -1.027745523361 -0.991868545929382 0.0903006583666019 -0.0896804253697101 22.0667160289619
47 -0.110041656691938 0.00429263500135413 0.993917706390846 39.3129267622765 0.091341838326008 0.995802634856347 0.00581214111863739 -1.01926777323658 -0.989720921453982 0.0914258480841314 -0.109971868850075 21.7611876574217
49 -0.123075374809372 0.00603343569828122 0.992378984949403 41.9020609811309 0.0902341729830614 0.99590733278528 0.00513600336564676 -1.01121272898218 -0.988286520267071 0.0901786125319285 -0.123116090338431 21.4277269074384
51 -0.13270770278528 0.00929637184543908 0.991111619895542 44.6316579244635 0.0901741802954498 0.995922260983811 0.00273263333405806 -1.00391556013569 -0.987044721798105 0.0897353193976932 -0.133004848118768 21.0468675867708
52 -0.13707792843362 0.010240988177622 0.990507326422926 46.0332766333377 0.0909780147370008 0.995850258179283 0.00229436674705137 -1.00220423334332 -0.986373480164011 0.090428897181165 -0.137440795194647 20.8332022147784
53 -0.140186342785724 0.00913593533637985 0.990082988431724 47.3476213129144 0.0906000569880266 0.995880710591341 0.0036386736391922 -0.998380199811442 -0.985971307376705 0.090211667524859 -0.140436590930763 20.6314094135356
54 -0.142851038452367 0.00723601151903517 0.989717748123361 48.7697300702858 0.0912493531327733 0.995810656845371 0.00588992920503401 -0.996420317558059 -0.985528861254672 0.0911524868036318 -0.142912867802668 20.4130292730923
55 -0.144998788447232 0.00614078801512702 0.989412776383744 50.1544101676133 0.0911425538103658 0.995811996908324 0.00717646837804875 -0.989445821086322 -0.985225043446298 0.0912181864323658 -0.144951220175032 20.1857767856766
56 -0.147225657992781 0.00716059327795469 0.989077009909997 51.5952159402946 0.093797416874875 0.995568392414596 0.00675430326660453 -0.980959556529492 -0.984645443911764 0.0937672753625915 -0.147244856802818 19.9618903543717
57 -0.148363280714585 0.00696252469818467 0.98890841850266 53.0644346436932 0.0934368145289389 0.995600544168937 0.00700843357691837 -0.972963458723699 -0.984508963202616 0.0934402466838812 -0.148361119143007 19.7432745766151
58 -0.148980089389787 0.00841590416969403 0.988804381828084 54.5777207723127 0.0956574862717771 0.995396582728347 0.00594040511190841 -0.965945783468482 -0.984202508778339 0.0954715436647766 -0.149099316110735 19.5187130651413
59 -0.149112884782757 0.00876266744396013 0.988781352600781 56.0531812752648 0.0954484469264129 0.99541877632463 0.00557258644727858 -0.960226705759909 -0.984202693336642 0.0952085888963975 -0.149266148303147 19.2916369197483
60 -0.148495939374669 0.0102282913422072 0.988860120565823 57.5030216508376 0.0953477234984075 0.995435902295778 0.00402194533305927 -0.956783585374907 -0.984305728731122 0.0948828039046582 -0.14879343369344 19.0614489953547
61 -0.147330414652315 0.0101379871358052 0.989035373551023 59.0245058671289 0.0959683721482663 0.995375969324817 0.00409282761573369 -0.953300369529008 -0.984420550611165 0.0955191127864707 -0.147622080417859 18.8274956264585
62 -0.146103875348964 0.00899336889388914 0.989228374504064 60.5962517516249 0.0949934478343003 0.995465441296024 0.00497996524728414 -0.951617782533594 -0.984697873703689 0.0946978062113929 -0.146295669868192 18.5893655273295
63 -0.144941757262687 0.00978086812291725 0.98939184432679 62.1521500538543 0.0958957096998386 0.995382491139403 0.00420822935222882 -0.950357325636751 -0.984782158582683 0.0954883812402262 -0.145210430704384 18.3513729979108
64 -0.143842239803851 0.0104892484126132 0.989545039761177 63.7712746882338 0.0958245900519742 0.995392503946115 0.00337802149988503 -0.947989603005814 -0.984950281988681 0.0953086499517283 -0.144184615180664 18.1119141577452
65 -0.143089317604991 0.0111740708891947 0.989646698234831 65.3752363586407 0.0968324643747056 0.995296860692293 0.00276277744077188 -0.946183377212772 -0.984961380476646 0.0962252525890637 -0.143498361432148 17.8734935113468
66 -0.141961175772613 0.0110762746024274 0.989810254904539 67.0753569471301 0.0967490416491389 0.995305041177959 0.00273823770231526 -0.946702279692498 -0.985132807043411 0.0961519170202697 -0.14236629285086 17.6300190557907
67 -0.14134454674286 0.00947929434860254 0.989915078218687 68.7911070179667 0.098499127758098 0.995126804013367 0.00453494928694965 -0.946947076678571 -0.985048039913257 0.0981467621105957 -0.14158944929004 17.3928241853884
68 -0.140793920532101 0.00751354511843172 0.990010413369957 70.3567505372385 0.100018701220154 0.994963180565831 0.00667298468151162 -0.946591051313253 -0.984973771908386 0.0999590714146518 -0.140836262001257 17.15920599584
69 -0.139862293633133 0.00861342220530351 0.990133499977449 72.0165694553495 0.101416604454729 0.994827878111342 0.00567144367488958 -0.946977009890329 -0.984963558290637 0.101209198645171 -0.140012452835632 16.9194259762528
70 -0.138992447433147 0.0104845005604749 0.990237938479708 73.7198506839656 0.103504177555741 0.994620986856259 0.00399721572973648 -0.948584166245759 -0.984869526782636 0.103049346204029 -0.139329994839118 16.6675872463005
71 -0.138337611672281 0.0100918811604581 0.990333710994154 75.465450698679 0.102741863326385 0.994699120187661 0.00421542620799516 -0.951552398785442 -0.985041529437735 0.102331882776268 -0.138641159294174 16.4164756115315
72 -0.138183013489806 0.00990101559017123 0.990357220740658 77.1221019026971 0.103210244610271 0.994649577490956 0.00445683795436059 -0.952960000128872 -0.985014263952743 0.10283087030336 -0.138465562225015 16.180318742265
73 -0.138197608792323 0.0087222315673431 0.990366267398365 78.8685424427549 0.102884630027294 0.994677551721508 0.00559651726109587 -0.953987227282434 -0.985046280043852 0.102666892315842 -0.138359442735134 15.9348472905346
74 -0.137965873777171 0.00903904076443943 0.990395735761701 80.6910227713955 0.104526755975311 0.994506952480255 0.00548441006065318 -0.953329830719469 -0.984905871115702 0.104279514817122 -0.138152842284646 15.6871424690001
75 -0.13806276735043 0.00891763546148185 0.990383333891134 82.4497216483496 0.105449584302908 0.994408048494261 0.00574615177137272 -0.953236869680294 -0.984793916229119 0.10522884047452 -0.138231088003036 15.4503971588627
76 -0.138194211890648 0.00989791709187711 0.990355689152723 84.2034641605361 0.105631966507837 0.994393700810097 0.00480160815633317 -0.955769313605713 -0.984755932935471 0.105276773442398 -0.138464990239223 15.2110667055455
77 -0.138582202681166 0.0105935785566646 0.99029427403848 85.9438092966451 0.105267405639348 0.994435527481079 0.00409328638000998 -0.956987211329095 -0.984740446214127 0.104812965690278 -0.138926224353832 14.9730990075889
78 -0.13976535370393 0.0112301921082533 0.990120966695094 87.7387146553 0.104370530202513 0.994532488795872 0.00345270252619224 -0.960734352512337 -0.984668694703585 0.1038220184484 -0.140173286171219 14.720920421763
79 -0.141004215757953 0.0118922329902873 0.989937566684379 89.5713011921232 0.103707945163509 0.994603785100882 0.00282360991670417 -0.964506094877652 -0.984562071810837 0.103062531782912 -0.14147664575487 14.4657353925559
80 -0.142047179209203 0.0109874057273926 0.98979890674525 91.4258883529455 0.10247385104767 0.994728950467558 0.00366400780172662 -0.968199258882893 -0.984541369740332 0.101948967709795 -0.142424363269557 14.2051329712724
81 -0.143242383985071 0.0108220039294344 0.989628467487281 93.2724412098331 0.102399532183045 0.994735533724894 0.00394382476086837 -0.972381392388852 -0.98437592170825 0.101902414966487 -0.143596457425073 13.9382426904634
82 -0.143887930069826 0.00981569881318453 0.989545307521101 95.100053297701 0.0998195229040805 0.994994717840155 0.0046448161850328 -0.973761830454807 -0.984546761930292 0.0994442734751471 -0.144147528752933 13.6783520533967
83 -0.145451355784048 0.0108219223376175 0.98930621604107 96.9350804853934 0.0998426429680966 0.994996002077571 0.00379506189607628 -0.974310620145458 -0.984314659926249 0.0993269442123759 -0.145804006830073 13.4094637198909
84 -0.148120456019364 0.0116481563433477 0.988900728568048 98.7996712960342 0.0984051561187521 0.99514185846743 0.00301774340084602 -0.975329068659344 -0.984061357720066 0.0977599201093693 -0.148547104523616 13.1387516786495
85 -0.152028192984521 0.0126423879548802 0.988295299272773 100.708504286995 0.0990694867817078 0.995077350632942 0.0025105868107808 -0.97915389674305 -0.983398528230885 0.0982915880639017 -0.152532286382936 12.8504342608124
86 -0.156662515906669 0.0117517318981811 0.987582276525448 102.604994485052 0.0970196646004845 0.995276143708975 0.0035471741711834 -0.985754793195497 -0.982875394335723 0.0963706104638987 -0.157062613782571 12.5655385919375
87 -0.16170339646631 0.0110163210058433 0.986777914346868 104.490185862138 0.0956213461007186 0.995407350565357 0.0045568202007632 -0.99170939885696 -0.982195789922328 0.0950938857758568 -0.162014144897606 12.2707162577006
88 -0.166376206553942 0.011796268867077 0.985991787964553 106.406065455229 0.0943391700036691 0.995532045639143 0.00400837979256028 -0.999455285858188 -0.981539137729993 0.0936845459313233 -0.166745695470387 11.9552822347954
89 -0.171168957118271 0.0136647268036552 0.985146924758143 108.263845857579 0.0948240889581857 0.995490470490306 0.0026674550117646 -1.00716998988054 -0.980667925585564 0.0938722451226728 -0.171692810925021 11.6359596666145
90 -0.176092645101193 0.0153620389784417 0.98425372140505 110.152415481542 0.0944162476771723 0.995531887514291 0.00135392643659418 -1.01630699684292 -0.979835165992642 0.0931679596248501 -0.17675626943199 11.3077999906995
91 -0.180994676881994 0.0155826746685545 0.983360619096859 112.15953436828 0.0930739593551627 0.995658277935084 0.00135339177475108 -1.02715271760085 -0.979070051135432 0.0917702230002545 -0.181659189528488 10.9546237486431
92 -0.186257588863245 0.0152483689623929 0.982382612750673 114.067942545721 0.0911577430204262 0.99583479107309 0.00182613686159082 -1.03728271490116 -0.978262938313761 0.0898919136096348 -0.186871793990761 10.6088760879992
93 -0.191811755255415 0.0146110683986474 0.981322967848041 116.002624135012 0.0891868049488259 0.996011515363324 0.00260289966680796 -1.04646980448867 -0.977370945122095 0.0880203268791103 -0.192349831523809 10.2426046790865
94 -0.197241901394162 0.0141760924153774 0.980252350539516 118.082518851497 0.088329301161079 0.996085633928897 0.00336815036230803 -1.05381568502927 -0.97636753678664 0.0872493454663036 -0.19772198872379 9.84481717941152
95 -0.202945134324919 0.0140418833937072 0.979089422864224 120.011612998495 0.0884790460141887 0.996069786525131 0.00405447754945259 -1.06322821096624 -0.975184459920409 0.0874517345885001 -0.203389929070254 9.45805795667651
96 -0.208472593130862 0.015761507868539 0.977901197863569 121.941119184861 0.0890611366458059 0.996021843412808 0.00293281160490576 -1.0699264223117 -0.973964728238477 0.0877044030494637 -0.209046994317273 9.05550220466843
97 -0.21390466628136 0.0167529875180795 0.976710873878386 123.923667633045 0.0886233409544875 0.996062499161618 0.00232404861728798 -1.07711987172681 -0.972826139236156 0.0870565056335822 -0.214547122203365 8.63742561785305
98 -0.219713937179734 0.0165936376882422 0.975423209174998 125.884945262484 0.0889895042333979 0.996027737411381 0.00310071660413583 -1.08956218725627 -0.971497119885218 0.0874836984554063 -0.220317835318182 8.20239178478851
99 -0.22482163933291 0.0164463631936012 0.974261129074422 127.804764413058 0.0885386437379615 0.996066176067331 0.00361683005496054 -1.10001123832344 -0.970369073627506 0.0870729006770091 -0.225393369279104 7.75814538451648
100 -0.230089119511033 0.0172745891852862 0.973016230928918 129.761141721017 0.0879988256819115 0.996115678452678 0.00312439103915146 -1.10895591761271 -0.969182750445571 0.0863431740743909 -0.230715522948755 7.29559134217482
101 -0.235284281895442 0.017603177944469 0.971767171095629 131.748469697158 0.087024891397351 0.996201545693687 0.00302467102149535 -1.12205038626714 -0.968022714077633 0.0852795900773706 -0.235922479950534 6.82109948305545
102 -0.239749558155626 0.0166191350428366 0.970692512443879 133.836523013525 0.0882340193051257 0.996088500794498 0.00473882076394855 -1.13358537090284 -0.966816894350448 0.0867842320666496 -0.240278151031585 6.30968817757468
103 -0.244838430926498 0.0163204357338172 0.969426524352882 135.821662367339 0.0900353839810092 0.99592065667921 0.00597287460473204 -1.1408292748546 -0.965374420819633 0.0887450786078302 -0.245309067606657 5.82038663374892
104 -0.248930615370154 0.0169966488051091 0.968372171564649 137.80620362824 0.0909227973931321 0.995840502549309 0.0058939287869995 -1.14783503981855 -0.964244052948031 0.0895142860762155 -0.249440571965792 5.32391921057357
105 -0.251999250882285 0.0177918252624093 0.967563862754598 139.802361647268 0.0915407595541728 0.995785971058078 0.00553074896967322 -1.15193407870602 -0.963388118514554 0.0899652755109009 -0.2525659959441 4.81678847754246
106 -0.255441273574999 0.0176457086233211 0.966663532322164 141.819602282966 0.0908226063420817 0.995850071624578 0.00582142787936048 -1.15593649633474 -0.962549224679764 0.0892819344128709 -0.255983839833459 4.2989469739582
107 -0.260005051868647 0.0181625287022363 0.965436427505159 143.867087204994 0.0895435125034516 0.9959683893836 0.00537835636436385 -1.16351156364992 -0.961446479202731 0.0878469686430803 -0.260583149357159 3.76342370140463
108 -0.264726668095882 0.0190487130872972 0.964135331646222 145.928133827593 0.0885417473928167 0.996061697652059 0.00463178573825563 -1.16842007598109 -0.960250045648257 0.0865923841929318 -0.265370700779691 3.21325906055698
109 -0.269629673184041 0.0187869337143369 0.962780811223552 147.903716651808 0.087394669669153 0.996161032077768 0.00503685250675865 -1.16934875428498 -0.958990099558951 0.085499995855955 -0.270236451383866 2.67789273852084
110 -0.27388085415632 0.0194028262437134 0.961567890510265 149.948502317183 0.0876924320680756 0.99613566024102 0.00487685904792209 -1.17107106570542 -0.957757440631286 0.085657905239059 -0.274523966504686 2.11708336145808
111 -0.278421459483071 0.0201271753169693 0.960248086544867 152.108319592879 0.0874337262441943 0.996160303977842 0.0044712742958262 -1.17580894158597 -0.956471031665033 0.0852029670406683 -0.279112199649343 1.51480636950702
112 -0.282864391328103 0.0201287267059379 0.958948679794586 154.130570703465 0.0868981313741781 0.996206012194394 0.00472186736562697 -1.18192953308747 -0.9552153950195 0.0846664964961947 -0.283540356014451 0.931364698976539
113 -0.287203494871186 0.0195141502683327 0.95767079441376 156.171913762833 0.0866473003719674 0.996222825930559 0.00568563392952132 -1.1868395026048 -0.953942554807168 0.0846125229161464 -0.28780952571751 0.337699544035363
114 -0.29145207285126 0.0196393508227541 0.956383806392582 158.215962640595 0.0871690791346949 0.99617480728094 0.00610778041442985 -1.19022084950105 -0.952605501177436 0.0851472209648817 -0.292049156630257 -0.264806236648029
115 -0.29562152967299 0.020468087287259 0.955085843574599 160.22037208262 0.0883496223286297 0.996071456281843 0.0059998512446268 -1.19382485842796 -0.951210941604537 0.0861551587739835 -0.29626851535126 -0.873809519119147
116 -0.299349760365897 0.0215328461069376 0.953900444232738 162.302812059678 0.0884839127663447 0.996063595363206 0.00528310265671056 -1.20006078653396 -0.950031745864546 0.0859863392095417 -0.300076709057707 -1.51350237273847
117 -0.302749398879989 0.0231425686010833 0.95278918077209 164.385986346011 0.0885910467688094 0.996060226259916 0.00395627292421675 -1.20747755351121 -0.948943848660295 0.0856063501242076 -0.303606859125744 -2.1650089296095
118 -0.306199212546556 0.0241724296951028 0.951660515035958 166.472409435419 0.0893504768634179 0.995994271179609 0.00345022632288105 -1.21864667884479 -0.947765020730428 0.0860877774137223 -0.307132479656283 -2.82752865348015
119 -0.309501830304864 0.0249384164549003 0.950571771315908 168.575903884836 0.0890776731112405 0.996020540367445 0.00287251096266949 -1.22940244949858 -0.946717373449451 0.0855637689145682 -0.310491636373845 -3.50130542046785
120 -0.313061170377321 0.0249814152230451 0.949404356686568 170.675132038244 0.0892720275204577 0.996002046022656 0.00322946142096611 -1.23902889630291 -0.945528005245941 0.0857662708303018 -0.31403970781335 -4.18051244513256
121 -0.316907142704709 0.0250373059065726 0.94812604447704 172.828276412078 0.0889743869115034 0.996027984108062 0.00343705504071973 -1.24979099081433 -0.944274018162344 0.0854481608144468 -0.317876061440571 -4.8895446001124
122 -0.320628049684545 0.0258265080510421 0.946853021982491 175.019343643922 0.091149784883598 0.995830308457796 0.00370317060423512 -1.26068914589791 -0.942809296979596 0.0874927896385737 -0.321645210270729 -5.62078833853817
123 -0.323616540845214 0.0260968499215658 0.945828361234505 177.110364121148 0.0932596072789017 0.99563193534011 0.0044379027808108 -1.27073912063293 -0.941581106512638 0.0896437602685104 -0.324636744844694 -6.33477612474531
124 -0.32603531038108 0.0256347889267585 0.94500996501698 179.214751002914 0.0939826592486201 0.995559087916087 0.00541869248503218 -1.27874682707683 -0.940674351805805 0.0905812346149583 -0.32699664186404 -7.06030141363697
125 -0.328912653065404 0.0250319215049708 0.944028532174344 181.377239284263 0.0935168968907014 0.995598492183935 0.00618323192256108 -1.2838419241279 -0.939718605035258 0.0903163621213966 -0.32980584907449 -7.8040878400438
126 -0.331754558983808 0.0255106736882084 0.943020741087615 183.447203833226 0.0926199760487311 0.995685510801121 0.00564832873015062 -1.28967483290186 -0.938807995614754 0.0892164172598582 -0.332686005508382 -8.5220642862217
127 -0.334705390738254 0.0272557701226137 0.94192856650904 185.492848190256 0.0917797399490596 0.9957720848169 0.00379926759890433 -1.29828044209863 -0.937842620456991 0.0877215942310007 -0.335791812228851 -9.23974290024358
128 -0.337938663175889 0.0290563331759286 0.940719506246821 187.570580696353 0.0911837410584741 0.995832081492478 0.00199770792151531 -1.30823232162344 -0.936740617939392 0.0864534266106785 -0.339179627527654 -9.97409421927879
129 -0.341272602632931 0.0299471320957244 0.939487189892117 189.694599609826 0.0902348437919437 0.99591998049139 0.00103219371901928 -1.32121155378454 -0.935623152587616 0.0851267392613585 -0.342582478543109 -10.7357489667674
130 -0.344669464090112 0.0307630750638575 0.93821990691759 191.842580960329 0.0888471461973484 0.996045272175445 -1.97365340696406e-05 -1.337323435069 -0.934510109702631 0.0833513586545489 -0.346039601597879 -11.5122591229256
131 -0.348510278739548 0.0312140699096733 0.936785070041446 194.006849748929 0.0896675747409241 0.995971734654413 0.000172654452413673 -1.35296267808584 -0.933006061959387 0.0840594171354594 -0.349905276807715 -12.3062489597725
132 -0.352004439698454 0.0303231779215029 0.935507017244296 196.105413679927 0.0892508406812507 0.996008334249827 0.00129828447405988 -1.37253964367857 -0.931733417813415 0.0839517896511233 -0.353305724754222 -13.0806490540384
133 -0.355841150772608 0.0295733278503561 0.934078419457746 198.248735755845 0.0890737069474733 0.996022149280771 0.00239851469663004 -1.39097124313806 -0.930291862883612 0.0840553176305322 -0.35705987373348 -13.8794289114628
134 -0.359991382473927 0.0293219120141252 0.932494734580495 200.467090482957 0.0889453969020925 0.996031932061432 0.00301772826800781 -1.40538156491718 -0.928706046558565 0.0840274704475042 -0.361170961312997 -14.7229242581157
135 -0.363599267054463 0.029367780382053 0.931092426385743 202.667931707874 0.0881703211460994 0.996100856452668 0.00301301232240849 -1.4207577926643 -0.927373477875258 0.0831902473231856 -0.364770907946147 -15.5718720097285
136 -0.367178766596693 0.0300321715575125 0.929665435536931 204.853818451478 0.0873883257645755 0.996171587854876 0.00233411027135397 -1.43294997922707 -0.926036194692516 0.0820989416633037 -0.368397516138708 -16.4249905224624
137 -0.370401987965872 0.0306653882702233 0.928365230538696 207.005520840283 0.0875346161965986 0.996159430115875 0.00202008874289035 -1.45081581193288 -0.92473783218718 0.0820123390317056 -0.371663716238624 -17.2718558625687
138 -0.373382699124378 0.0312917754108226 0.927149494302959 209.106037885003 0.0883540885352812 0.996087194633038 0.00196360056615562 -1.46896455408265 -0.923460294237762 0.0826506229844782 -0.374686481590388 -18.103546900448
139 -0.376134850151092 0.0310668531187102 0.926043965014144 211.24731760258 0.0892408765588589 0.99600604312136 0.00283337550261925 -1.48504267598989 -0.922257361289582 0.0837067064400029 -0.377405016983274 -18.9613610332163
140 -0.378772693992427 0.0305961103402861 0.924983850841605 213.372584535813 0.0903047739184453 0.995905994898295 0.00403697079209369 -1.49588033978043 -0.921073446633469 0.0850595518309541 -0.379984971477899 -19.8208964977165
141 -0.381396081396043 0.0314538697782217 0.923876443671835 215.552534519681 0.0917114851717385 0.995777752456789 0.00395868661306109 -1.5094266507353 -0.919851092614091 0.0862399083260245 -0.382670413840137 -20.7196464224055
142 -0.383920434126618 0.0323273261814657 0.922800110664268 217.788761982109 0.0918972069461009 0.995762865646105 0.00334944111180609 -1.52549414843543 -0.918781804138248 0.0860886716253253 -0.385264502650131 -21.6456988773949
143 -0.386433871858959 0.0325015386390376 0.921744277262512 219.961321719242 0.0913590289844127 0.995812915534602 0.00318827186749535 -1.54208754256207 -0.917781232376823 0.0854417183849375 -0.387785149607756 -22.5503713647182
144 -0.389193936426484 0.0337539346636882 0.92053720823418 222.160382041586 0.0912327092067061 0.995827474487502 0.00205762645975745 -1.5606964208719 -0.916626790258534 0.0847839191743503 -0.390649477703189 -23.4733049878699
145 -0.392091339368799 0.0349014078416171 0.919263984567357 224.318966414675 0.091013876344482 0.995849111332577 0.00101082682376744 -1.58045572765496 -0.915412942832213 0.0840621150625501 -0.393640324289164 -24.3805851135156
146 -0.394620670847259 0.0348537919294832 0.918182846348262 226.447571482143 0.088811244563512 0.996048409027822 0.000360155833666346 -1.60297950175213 -0.914542010505334 0.081687086257748 -0.39615670000592 -25.2867142344056
147 -0.397724048095128 0.0357680254003169 0.91680762972708 228.555993581892 0.0896607125017562 0.995972366619548 3.95465993677563e-05 -1.62821213218975 -0.913113650210368 0.0822173539419652 -0.399329148084985 -26.1921768852062
148 -0.400205851837765 0.0353534968265865 0.915743089745668 230.68557335027 0.0911599044845456 0.995835292012329 0.00139391430415347 -1.65330434902894 -0.911880007440221 0.0840369052550803 -0.40176193272381 -27.1146042085388
149 -0.402769674610355 0.0344952378581857 0.914651118065996 232.850016416838 0.0916560795685545 0.995786769443028 0.00280586534605943 -1.67396613113553 -0.910700693033882 0.0849634531273571 -0.404234411375731 -28.0579949774693
150 -0.405806605546812 0.0339970028689565 0.913326449135522 234.956698641786 0.0906679582471263 0.995875987013459 0.00321556173401602 -1.6908058913235 -0.90945055953684 0.0841143405484229 -0.407215492672163 -28.9807841870354
151 -0.408848542578797 0.0342845154842009 0.91195802602379 237.058574479832 0.0893882622273604 0.995993382440528 0.00263072435836108 -1.70749872676769 -0.908213965873223 0.082593910990403 -0.410275076089376 -29.9138919304341
152 -0.412332202961752 0.0335000959249974 0.910417430618353 239.293251675275 0.0877784390669917 0.996135196199024 0.00310105280408093 -1.72727823082251 -0.90679496030562 0.0811936848932677 -0.413679206025371 -30.9103929163871
153 -0.415764882691789 0.0328484053811699 0.90887872930562 241.460298805479 0.0868275717355913 0.996216431151346 0.00371417427911231 -1.74415726371003 -0.905317919355838 0.0804599563011887 -0.417043954907905 -31.8846602981973
154 -0.41938412384775 0.0331048017255672 0.907205064341666 243.554447130225 0.086610505820301 0.996235435188284 0.00368482791483414 -1.76212479894359 -0.903667846581921 0.0801188478319629 -0.420672548755052 -32.8392202280152
155 -0.423118635686933 0.0326686714433181 0.905485161689885 245.757996058435 0.0858246008348259 0.996301580111224 0.0041592498627655 -1.78268349088284 -0.902000420191682 0.0794727586913065 -0.424357540995823 -33.8489098910179
156 -0.427262337811209 0.0320277578149273 0.903560245593756 247.849884521069 0.0847728282287526 0.996388897067962 0.00476795488526458 -1.79993907942708 -0.900144689637282 0.0786345250449056 -0.428434533142186 -34.8193084425845
157 -0.431158883176599 0.031912541676051 0.901711487750757 249.99913070115 0.0839330963544997 0.996459504570495 0.0048673491213966 -1.81620742734313 -0.898363652867955 0.0777820379965555 -0.432310885556735 -35.8278543677659
158 -0.434979488428825 0.0325874541511306 0.899850488958108 252.123860860172 0.0840260218113427 0.996453256643807 0.004531554094396 -1.83433214130067 -0.896511278403544 0.0775819898939093 -0.436174921951439 -36.8383086558465
159 -0.438477685574697 0.032923700970994 0.898138825108585 254.240364952126 0.0843380623909986 0.996426359423359 0.004647739067826 -1.8506021573335 -0.894776178988461 0.0777852181374015 -0.43968744507221 -37.8574924961044
160 -0.442269036916501 0.0327312299254932 0.896284980110966 256.406297160264 0.0840827097695503 0.996445720498084 0.00510137421319511 -1.86707824854196 -0.892932358525975 0.077618249713698 -0.443449219650483 -38.9100777902802
161 -0.445922534140268 0.0330439117092748 0.894461398521407 258.4854114179 0.0828446317603893 0.996552379629717 0.00448571542046492 -1.88225339421189 -0.891229409599126 0.0761016067721146 -0.447122673225476 -39.9355971689045
162 -0.449490391699429 0.0333876212542376 0.892660996412904 260.620730185352 0.0834744899270283 0.996498539458251 0.0047613431923836 -1.89640727450866 -0.889376409233637 0.0766545993698799 -0.450703533483072 -40.9960429097263
163 -0.452837440628236 0.0340606144713443 0.890942269121352 262.738588278743 0.0841969100752785 0.99643804723241 0.00470088943031409 -1.90802779344976 -0.887608659657534 0.0771433248537748 -0.454092253547074 -42.0539946066218
164 -0.456230907649261 0.0352530042486976 0.889162856060111 264.872403047619 0.0855218209416865 0.996326671894783 0.00437961343988308 -1.92285440905307 -0.885742274619627 0.0780409415788021 -0.457569922950738 -43.1308562476671
165 -0.459318995267853 0.0372283705632439 0.887490906438672 266.981102388194 0.0875688811224698 0.99615219602504 0.00353460230424378 -1.93823254107562 -0.883944427916761 0.0793400956622577 -0.460811672568322 -44.2123478970031
166 -0.462322675513075 0.0380841266147519 0.885893528030555 269.062170445884 0.0889182922075422 0.99603247195339 0.00358498609672366 -1.9503617934076 -0.882242189547364 0.0804295599541058 -0.463874772830192 -45.2903521672836
167 -0.465193742566938 0.0401268838278229 0.884298939878836 271.166920499433 0.0906875584352214 0.995876212646013 0.00251710764382988 -1.96337186963038 -0.880551275407414 0.0813658545097433 -0.466914391616146 -46.3885619399395
168 -0.467802852777968 0.0425301057483197 0.882808971996679 273.271922572291 0.09233110387968 0.995727900837834 0.000956425345290711 -1.97841567858076 -0.878996847655983 0.081958145404335 -0.469731204214418 -47.4969633070304
169 -0.470670556478401 0.0432568588486087 0.881248019247059 275.388373468442 0.093412280193139 0.99562699133655 0.00101981922305912 -1.99002410870184 -0.87735019984806 0.0827993857747796 -0.472653031876331 -48.6226978207325
170 -0.473955429713764 0.0443270240399069 0.879432411038283 277.483361184802 0.0936700732032535 0.995603248156548 0.000299409798658838 -2.00176445695876 -0.875552493018516 0.0825184052190536 -0.476023680891156 -49.7427419726599
171 -0.477128204556155 0.0442347724078479 0.87771975101797 279.677610753414 0.0929244575184322 0.995673105679736 0.000334396431691943 -2.0166050352565 -0.873907158462457 0.0817211816856214 -0.479174213467274 -50.9191710112535
172 -0.480645537542308 0.0455845883411038 0.875729360331397 281.912035387903 0.093941070839615 0.995577724662269 -0.000263373891230803 -2.0300915932627 -0.871868649769088 0.0821403643896973 -0.482802255677991 -52.1269568610922
173 -0.483901289724523 0.0458265566851696 0.873921889247159 284.040457542465 0.0928927676104553 0.995675817116535 -0.000775199967753805 -2.04502881214581 -0.870178415917456 0.0808059027033359 -0.486065767730752 -53.2895434264192
174 -0.486756612496654 0.0456039331687339 0.872346422856382 286.083626620107 0.0913288023154789 0.995820185975899 -0.00109866762303421 -2.06082385075034 -0.868750280609108 0.0791355702732177 -0.488887012978592 -54.4163686794771
175 -0.489322647376638 0.0461988882730051 0.870878297746968 288.167607277331 0.0927467572991164 0.995689478513456 -0.000708087636175009 -2.07692035823387 -0.867157070993956 0.0804246548014979 -0.491498208669414 -55.5831771290075
176 -0.491558656179629 0.0461498639265459 0.869620766538173 290.279544129225 0.0941854586145263 0.995554586469458 0.000405888158133027 -2.08882382697918 -0.865736210932897 0.0821051485546848 -0.493720120777313 -56.7701649235941
177 -0.493568924819439 0.0462925119264996 0.868473787625233 292.416173596229 0.0951837605158229 0.995459182445471 0.00103335330916455 -2.1018960708592 -0.864482370084347 0.0831746320973527 -0.495734013750137 -57.978876814115
178 -0.495669153309229 0.0459360488399382 0.867295779924408 294.490011774698 0.0948770398034533 0.99548787264358 0.00149757727479686 -2.11093335791237 -0.863313638126866 0.0830287590930688 -0.497790907297049 -59.1558742327598
179 -0.497975984115915 0.0451745827076081 0.866013381144298 296.654828147689 0.0945600726960515 0.995516157104069 0.00244409420121669 -2.11948470786039 -0.862019902261834 0.0831073884918811 -0.500014849862038 -60.3918990653431
180 -0.500521848109222 0.0453087404519573 0.86453744719589 298.893244594588 0.0959428055940894 0.995381110266683 0.003379848961269 -2.12928062001636 -0.860391107357616 0.08463783647355 -0.502557040560584 -61.671222938606
181 -0.502885715294361 0.0451622639950257 0.863172246578702 301.079038500809 0.0960439640428035 0.995369544713568 0.00387639363947425 -2.13612467736038 -0.859000299373536 0.0848518672013002 -0.504894688334735 -62.931749937296
182 -0.504950515623697 0.0457947377471243 0.861932606858584 303.272936273571 0.0953335438737414 0.995440979615885 0.00296167416189757 -2.1427443893389 -0.857867409442646 0.0836665888873207 -0.507014210570201 -64.2015646543155
183 -0.507455683580874 0.0481037336834212 0.860334097898708 305.465282948522 0.0946247278767896 0.995513002453798 0.000151061802929029 -2.15225207545191 -0.856466514275784 0.0814855370672568 -0.509730533883491 -65.4783097431058
184 -0.51067253569549 0.0472765824134732 0.858474511002884 307.658041394323 0.0929892145921236 0.995666998516639 0.000483771027586189 -2.16892861479687 -0.854731868632426 0.080075919102869 -0.512856003108038 -66.771009069644
185 -0.515369698874223 0.0453696471464785 0.855766129617255 309.794625945873 0.0908362816312875 0.995864012731708 0.00190737654969716 -2.18310702718734 -0.852140154799487 0.0787176172384871 -0.517359346406925 -68.0302746202118
186 -0.520382291001578 0.0430740216555547 0.852846351853818 311.976738347794 0.0887214563936488 0.996049117646611 0.00382863040748161 -2.19227074750161 -0.849311941743044 0.0776581218793245 -0.522147911725056 -69.3305970510846
187 -0.524899234322932 0.0418063135224364 0.850137063041522 314.215708781949 0.0878151782063733 0.996123032756747 0.00523431830179014 -2.19896140376416 -0.846622281943833 0.0774024273596462 -0.526535446057577 -70.6867624680752
188 -0.529366029954547 0.0420963761615885 0.847348512386859 316.465405205474 0.0885147609074109 0.996057898575116 0.00581375847691756 -2.20262406466394 -0.843763440445049 0.0780804572232136 -0.531005366044589 -72.0657413312095
189 -0.533541819478185 0.0435317609992951 0.84465265799156 318.667581215066 0.0909250852764801 0.995838984972714 0.00611104540804165 -2.20494469288476 -0.840872021020662 0.0800606132428085 -0.535279873030748 -73.4361690380743
190 -0.537418537237892 0.0447071714431743 0.842129790860432 320.846670857457 0.0923032935848226 0.995712593847485 0.00604420771544869 -2.20849280026412 -0.838249018983308 0.0809796225915142 -0.539241024865929 -74.8052352598543
