0 1 0 0 0 0 1 0 0 0 0 1 0
3 0.99977918879386 -0.0076317851441819 0.0195788025733169 0.0386205671274187 0.00763413932451049 0.999970858498548 -4.55021950922257e-05 -0.0137090510240403 -0.0195778847546368 0.000194959454349431 0.999808315838264 0.871327742394113
6 0.999909898546155 -0.0133709617229457 -0.0011883484427493 0.044845978667356 0.0133648179507571 0.999898006305364 -0.00503573507068073 -0.0225044616400573 0.00125555985957807 0.00501939928303027 0.999986614510553 1.80752680591813
8 0.99926967525582 -0.00802869009631596 -0.0373584829652644 -0.00912461541377128 0.00784476348321976 0.999956390253797 -0.00506727505554258 -0.0362869459265287 0.0373975373523575 0.00477050583622955 0.999289080533779 2.48321727428671
10 0.997060035573933 -0.00421351834295334 -0.0765083768255577 -0.0981082741213912 0.00370481387371557 0.999970086581439 -0.00678971991104068 -0.0467209028702346 0.076534696807847 0.00648630908012047 0.997045820400972 3.19518300580884
12 0.993068233587531 -0.00709348431375112 -0.117325043872275 -0.209986153442175 0.0065128967317663 0.999964579662531 -0.00533119090814624 -0.0566700999947871 0.117358704898708 0.00453011044328062 0.993079257906372 3.9506253885502
14 0.988608337240346 -0.00479866465179842 -0.150434465321075 -0.363146039442031 0.00425707841507515 0.999983247535595 -0.00392198056244085 -0.0708496082051143 0.15045076544254 0.00323689136732189 0.988612203906077 4.75128709294803
16 0.9844240245084 -0.0056336807354394 -0.175720236774413 -0.534730737456222 0.0048898300389997 0.999977159398966 -0.00466585925264696 -0.0866059246323928 0.175742509179977 0.00373394185104082 0.984429087413298 5.59728820601703
18 0.981125170439821 -0.00858503798569516 -0.193183066163205 -0.720159472965344 0.00698464029680014 0.999935429398665 -0.00896391840839771 -0.100448910304715 0.193247547796491 0.00744541174766492 0.981121781999845 6.49864333967088
20 0.977959022514188 -0.00889239801196642 -0.208607467605289 -0.939124668707119 0.00625292789800146 0.999891881613048 -0.0133088683599246 -0.117876649017396 0.20870326105693 0.0117111204381214 0.977908890685777 7.44489103145629
22 0.974293733443422 -0.019294900388553 -0.224453620580899 -1.16353304060781 0.0160450444968125 0.999738495332752 -0.0162940939269183 -0.141234914505194 0.224709317830778 0.0122738652754439 0.974348538620152 8.44434231806009
24 0.970211330062497 -0.0156711865931901 -0.241752743374552 -1.44314984113904 0.0104046820281225 0.999680260950807 -0.0230460074030063 -0.169585713885847 0.242036603864487 0.0198441370708623 0.970064169327812 9.49624485147508
26 0.96579696398943 -0.0150961655814041 -0.258859672667526 -1.75284333799351 0.00820307947996181 0.999582949346886 -0.0276882079959336 -0.208834511008647 0.259169700844534 0.0246177407517319 0.96551801278093 10.5942890412642
28 0.961188210096612 -0.0175020424275545 -0.275337798498746 -2.09091998495533 0.0088889661741298 0.999432247376691 -0.0324987566520859 -0.252904795251186 0.27575026935912 0.0287899533594691 0.960798068031953 11.7422980237502
30 0.95666652730727 -0.0177620812876384 -0.290643534244578 -2.469678616207 0.00606808702418536 0.999137153374842 -0.0410868235068628 -0.306629572854233 0.291122540950911 0.0375427385035843 0.955948852677766 12.9212757354812
32 0.953723462696234 -0.0200120186497722 -0.300018459119212 -2.87015981820839 0.00312125050765813 0.998387914722679 -0.0566730053109006 -0.376606954696697 0.300668945017562 0.0531139420986816 0.952248441666755 14.1337189832979
34 0.951181401682173 -0.0191867523841617 -0.308035403203732 -3.30470103962902 -0.00389292196436292 0.997240501268568 -0.0741365482619392 -0.467087488701222 0.308607819493473 0.0717164636786026 0.948481925281088 15.3967399764377
36 0.948303472627873 -0.0167064646795603 -0.316924940387826 -3.76920432258357 -0.0117542759010089 0.996079450383305 -0.0876787632333806 -0.584791797163808 0.317147222595374 0.0868712988391613 0.944389229416578 16.7061637879692
38 0.945035485483025 -0.0135912385512674 -0.326685183950093 -4.25761890455391 -0.0198316324309094 0.994913565266835 -0.0987608424587379 -0.723043228363241 0.32636580325302 0.0998112011884282 0.939959087718361 18.0482127201184
40 0.941572692255251 -0.0101263847001547 -0.336657573109684 -4.7792075760826 -0.0261857769961783 0.994321538738446 -0.103145444319737 -0.87630070893954 0.335790366571622 0.105934573835523 0.935960840945807 19.4345613778026
42 0.937033139655167 -0.00929165621661873 -0.349116829031104 -5.32986800057013 -0.027665398628847 0.994529752321741 -0.100723370999798 -1.04295344580562 0.348142960443965 0.104039592807777 0.931650278925362 20.8798219908622
44 0.93136789565269 -0.00856265834541457 -0.363978740903284 -5.91514703142825 -0.0283142350167676 0.994992109957494 -0.0958592990676971 -1.20576882788178 0.362976785818178 0.0995860532624657 0.92646126252138 22.342722998029
46 0.924562609876032 -0.00339066584685291 -0.381015070311314 -6.53939678637632 -0.0313507328803556 0.995892945028989 -0.0849374687011127 -1.36361749627431 0.379738215047004 0.0904751094312845 0.920659080553878 23.8169421503852
48 0.917240048123453 0.0016423248604269 -0.398331516312151 -7.21545258639242 -0.0361137577234172 0.996216135777386 -0.0790519279958861 -1.51563347428651 0.396694454992226 0.0868948421128968 0.913828646843923 25.3279721505658
50 0.909423171169365 0.00159360556869246 -0.415868917041833 -7.92606812138335 -0.0370944802210312 0.996317541923581 -0.0773004216837401 -1.65626768935915 0.414214310807084 0.085725235938106 0.906133372438058 26.857745281173
52 0.901757048726126 0.00179952148907912 -0.432239501659853 -8.68769344100263 -0.0371155444237818 0.996620315338901 -0.0732828998874673 -1.79653421832148 0.430646794293042 0.0821261759501842 0.898776184480277 28.4265124355798
54 0.894132288445533 0.00471115589340537 -0.447778132303602 -9.47974810682735 -0.0370289083643833 0.997297999242565 -0.0634473061060745 -1.93125691216985 0.446269325300873 0.0733110204329734 0.891890791284774 29.987218472292
56 0.886628918145978 0.00406260739254776 -0.462463681523713 -10.3161660264393 -0.034529520376619 0.997751965098344 -0.0574345572365162 -2.05800082137004 0.461190712970082 0.0668917884614249 0.884776025277912 31.5727498295442
58 0.880134017933435 0.00319429494556922 -0.474714553132879 -11.1992198781488 -0.0329650513904281 0.997974765399928 -0.0544028768704884 -2.17347347675023 0.473579365960105 0.0635308122469704 0.878456840164652 33.2008579816644
59 0.877108476697571 0.00190924287966815 -0.480288532964189 -11.6721673423379 -0.03119439864326 0.99810716883462 -0.0529998963605098 -2.23396364789394 0.47927823818587 0.0614689703229673 0.875507816120954 34.0614433269524
60 0.874535780571222 0.000556045446512333 -0.484960678111272 -12.1536583723124 -0.029994909166547 0.998146809388504 -0.052945748947766 -2.29378297032971 0.484032513293037 0.0608493033732572 0.872931777605911 34.9105792609407
61 0.872519900200875 -0.000181194435719403 -0.488578541200933 -12.6361085323066 -0.0297620300764819 0.998123143953564 -0.0535201931048393 -2.34928562881974 0.48767124717291 0.0612385227845118 0.870876913236302 35.7519797696326
62 0.871074716508093 -1.93418924092643e-05 -0.491150524672667 -13.1288840376674 -0.030411113545376 0.998079108039924 -0.0539746076146924 -2.40418644184382 0.49020812154969 0.0619523504002952 0.869400887880041 36.5943615482003
63 0.870640999319745 0.00029006932735163 -0.491918861361607 -13.6283181384315 -0.0303381375046762 0.998127894952951 -0.0531065224764121 -2.46086558757615 0.490982533005261 0.0611606178563922 0.869019868073891 37.4445046457344
64 0.870580994151429 0.00094619837942367 -0.492024224333453 -14.125788771983 -0.0301313308859854 0.998223786352906 -0.051394311536458 -2.51975570674563 0.491101654977204 0.0595682555384494 0.869063166525171 38.3069255625066
66 0.869602571916213 -0.00224050467496619 -0.493747250175136 -15.1568848373379 -0.0268042527899273 0.998300886030873 -0.0517385057993273 -2.64187690846916 0.493024237689265 0.0582264638182228 0.868064962984997 40.0937215373669
67 0.868421786979573 -0.00440217403350012 -0.49580663646525 -15.6758871891702 -0.0247541562718359 0.998328666248508 -0.0522216994528512 -2.70132429485625 0.495207867108829 0.0576237365176293 0.866861392232502 40.9846454675281
68 0.866794474952946 -0.00510402589109142 -0.498639435976287 -16.2018990525805 -0.0230514412837316 0.998468550982218 -0.0502909907857492 -2.76301186531642 0.498132481620892 0.0550863106331573 0.865349368252522 41.8896350050889
69 0.864723541019998 -0.00429915124177924 -0.502229743149922 -16.7416190237409 -0.0219555075418611 0.998683896194727 -0.0463511722602436 -2.8255638911987 0.501768027373622 0.0511076587207808 0.86349108502964 42.812230686984
70 0.862052537025081 -0.00450783788806427 -0.506798878063277 -17.2770842110717 -0.0195588107148193 0.99891965551553 -0.0421541783000968 -2.88393362920436 0.506441384892707 0.0462514996763285 0.861033055373397 43.7033285260301
71 0.858141693899064 -0.0047413615469117 -0.51339103292006 -17.8198628521025 -0.0183933233030643 0.9990315260956 -0.0399711836823262 -2.94318072640641 0.51308334493522 0.0437439065216949 0.857223396666416 44.5966251700058
72 0.852842526788303 -0.00859491162820551 -0.522097454500064 -18.3590895784725 -0.0157281181585568 0.998988021464049 -0.0421373856632837 -3.00250688177941 0.521931270188455 0.0441481649159868 0.851844286670995 45.4808055478048
73 0.8466739364552 -0.0122041329502569 -0.531972089931782 -18.9244191414041 -0.0140937138056878 0.998871888535585 -0.0453466374113548 -3.06038541471533 0.531925382510197 0.0458912783901906 0.845546792323816 46.3696196163225
74 0.840512663554852 -0.0125038229039719 -0.541647594674539 -19.5051019083134 -0.0139800429568088 0.998900249041557 -0.0447532218241514 -3.11563247290398 0.541611503573229 0.0451879063190808 0.839413504966202 47.257911272165
75 0.834732018127589 -0.00879695946159435 -0.550586116258731 -20.0880925948759 -0.015551350917226 0.999096960542603 -0.0395400925540439 -3.17586255923489 0.55043674786236 0.0415677391586809 0.833841417575275 48.1320843680765
76 0.829720837797919 -0.00393099211153999 -0.55816474147418 -20.6889377564519 -0.0187815284089767 0.999212348750251 -0.0349562053951678 -3.23395970946561 0.55786251488565 0.0394870789756012 0.828993477103066 49.0070054683223
77 0.825695229697014 -0.00407743649260251 -0.564101730335269 -21.3112755895373 -0.0200113429679008 0.999132789409633 -0.0365132206077074 -3.28915218733086 0.563761415678846 0.041437225271184 0.824897583069322 49.9024693628003
78 0.822138238010919 -0.00650114780596238 -0.569250781885723 -21.9427832129143 -0.0203483144880658 0.998960249846195 -0.0407966337425318 -3.3485117061357 0.56892412824365 0.0451237665142499 0.821151132251409 50.8147277469549
79 0.819044531424512 -0.00889866819593698 -0.573660935786934 -22.5772851743388 -0.022696348677103 0.998594485403703 -0.0478949838505126 -3.40971851912594 0.573280848537896 0.0522481332264811 0.817691385104441 51.7097260721201
80 0.815841482606998 -0.0102701420911689 -0.578184399166081 -23.1952990137695 -0.0223419416384878 0.998535968910228 -0.0492621196898336 -3.47203474651302 0.577843848199007 0.05310784286657 0.814417610396916 52.5649973204485
81 0.812416409012039 -0.00878105759694201 -0.583011553397926 -23.8041509466667 -0.0217071645607086 0.998737961443345 -0.0452910960203703 -3.53158908685647 0.582673474061346 0.0494507573194918 0.811200496317533 53.39643189831
82 0.809309016625263 -0.0062429200243149 -0.587349931096123 -24.4385045099298 -0.0213233210902559 0.998972152769963 -0.0399994245937102 -3.59087934420602 0.58699593830514 0.0448961461566142 0.808344050806061 54.2586994023763
83 0.806227806646567 -0.00472199737810386 -0.59158636438869 -25.0776178255016 -0.0214223333658832 0.999079334559876 -0.0371694348700196 -3.64470655602011 0.59121722524215 0.0426401922621937 0.805384384366134 55.1173558916233
84 0.803176550584751 -0.00432120297174984 -0.595725403013551 -25.7226388439336 -0.022520812007105 0.999038688109751 -0.0376100077969606 -3.69860955001376 0.595315245577771 0.0436236961389534 0.802307130416934 55.9702849977754
85 0.799725498121511 -0.00545652155476764 -0.600341031436986 -26.3833176584368 -0.0226805061679831 0.998970304986299 -0.0392928033556288 -3.7553808970767 0.599937265298852 0.0450394952025707 0.798778268092987 56.8377507843946
86 0.795818067714779 -0.00815074579177401 -0.605480939784031 -27.0320265547301 -0.0216862524355268 0.998884326960242 -0.0419500632715474 -3.80830714197148 0.605147345325102 0.046515230798332 0.794753435821299 57.6742102041795
87 0.791439149888135 -0.00947827797700755 -0.61117447121991 -27.6856380838341 -0.0206393631198049 0.998895215359085 -0.0422180698603869 -3.86369109356087 0.610899409652976 0.0460272851612849 0.790369154450202 58.5061820814944
88 0.786948851616081 -0.00959434079470899 -0.616943638888389 -28.357957912972 -0.0201561034979241 0.998945721089223 -0.0412453368190024 -3.92278202094299 0.616688930038405 0.0448931502820527 0.785925803511909 59.3513322007936
89 0.782060948740379 -0.00914251104676896 -0.623134886639369 -29.0455934086036 -0.0205615009260272 0.998969484722451 -0.0404622450320088 -3.98222637263856 0.622862663140895 0.0444565302865737 0.781067039235372 60.2012387107798
90 0.776794686020866 -0.0104585433681067 -0.629667082385892 -29.740028580333 -0.0202311115344549 0.998931571004443 -0.0415501934613553 -4.04036200657407 0.629428882317792 0.0450148344572435 0.775753148097359 61.0480394619397
91 0.771359382877144 -0.0118371477441681 -0.636289701614504 -30.4266851752632 -0.0196412699148137 0.998907899450316 -0.0423937369418038 -4.0970434059517 0.63609663020922 0.0451983445387125 0.770284484257235 61.868312857009
92 0.765960815374372 -0.0129187274412818 -0.642757447092078 -31.136636482789 -0.0195974398227945 0.998864244784104 -0.0434299533072955 -4.15359308528729 0.642588491698552 0.0458620428369669 0.76483769739952 62.7002283194868
93 0.76037029511942 -0.0141767589324874 -0.649335070519201 -31.8500962835001 -0.0193723452163322 0.998821893320137 -0.0444919955182579 -4.21302343921734 0.649200836830041 0.046409534909839 0.759199860727481 63.5174759820814
94 0.754328550137648 -0.015946563424552 -0.656303394446639 -32.5716997658475 -0.0183838441430883 0.99879980621857 -0.0453980326916159 -4.27469511336355 0.65623964580156 0.046310411493455 0.753130050566003 64.336006477696
95 0.748221603928772 -0.0174041953071148 -0.663220570700251 -33.3194028224896 -0.0170506151502626 0.998821233191698 -0.0454468992167101 -4.33649252716306 0.663229755014997 0.0453126705362637 0.747042872900625 65.1716195182496
96 0.741885990553805 -0.0173230691619308 -0.670302236528277 -34.0681325571562 -0.0162299965007551 0.998909410104622 -0.0437787347695287 -4.39727809210779 0.670329593732505 0.0433578329629864 0.740795743837104 65.9956122924082
97 0.735328451059121 -0.0181316667546121 -0.677468310494073 -34.814833927793 -0.0150408790655321 0.998959199228305 -0.0430614704124116 -4.4582766734644 0.677543977185193 0.0418540432675585 0.734290404432897 66.7976422627855
98 0.728991003091137 -0.0203769964677755 -0.684219917444041 -35.5612159123626 -0.0131551545669244 0.998955185652893 -0.0437661851834726 -4.51891731605506 0.684396858058611 0.0409061740101168 0.727961280294052 67.5843783186707
99 0.722493650632989 -0.0223339722385335 -0.691016728074701 -36.312482893309 -0.0124901846925093 0.998893354472322 -0.0453438163080541 -4.57786784105238 0.691264725037639 0.0413915459373041 0.721415150827564 68.3638698289711
100 0.716488835638593 -0.0216296794765873 -0.69726315360199 -37.0858167498938 -0.0138542940049214 0.998880869871214 -0.0452224097428629 -4.63882850823786 0.697460971626999 0.0420614404302359 0.715387327456991 69.1385866732409
101 0.711168668389644 -0.0206473942541513 -0.702718158447193 -37.896352283955 -0.0146656827496284 0.998915388336985 -0.0441923601209236 -4.70194911257857 0.702868439219167 0.0417340634743825 0.7100945184238 69.945507355475
103 0.701553109350555 -0.0211737126342072 -0.712302540114699 -39.5353595625927 -0.0157336960196581 0.998854594526368 -0.0451879386908313 -4.82906669440059 0.712443461314741 0.0429088905338899 0.700416405820867 71.545355340438
104 0.696321782769147 -0.0230721641947483 -0.717358801493762 -40.3718324570087 -0.016345449126399 0.998714190791706 -0.047987408808181 -4.89509523498503 0.717543588316454 0.0451402298469753 0.695049320922846 72.3387747254992
105 0.691182374014987 -0.0251438242679099 -0.722242835860759 -41.1981434901362 -0.0163876720220473 0.998592259399435 -0.050447434753699 -4.96111506251379 0.722494546731465 0.0467042564303873 0.689797319779209 73.1225993145255
106 0.686310472094674 -0.0257479884888531 -0.72685278907215 -42.0479484178018 -0.016594811887678 0.998558620999546 -0.0510420674140293 -5.03227600928857 0.727119349289784 0.0470926906882971 0.684893955566946 73.9167688685055
107 0.681561576462433 -0.0252132377545689 -0.731326267907816 -42.9139844081138 -0.0162877275387771 0.998635927380679 -0.0496084113447928 -5.1032352819737 0.731579474439835 0.0457228300355871 0.680221210630683 74.7108771837346
108 0.676443268931439 -0.0252421228086883 -0.736062048439844 -43.7627017896759 -0.0157488683280646 0.998688222021309 -0.0487217440400204 -5.17458671547685 0.736326338700263 0.0445496400886369 0.675158390678987 75.4755239984517
109 0.671427798557684 -0.0265908893486798 -0.740592759840136 -44.6217981145394 -0.0147156020633101 0.998680594523275 -0.0491987924501537 -5.24046461498528 0.74092385734291 0.0439317052512791 0.670150612096876 76.2436610536539
110 0.666642365078532 -0.0276610757405677 -0.744864297688764 -45.5062714525314 -0.0136126917760224 0.998692709967548 -0.0492703326585705 -5.31154338501047 0.745253414420298 0.042985299191116 0.665394328461205 77.0269745028962
111 0.662157357540791 -0.0283805047751639 -0.748827203567889 -46.4088148112147 -0.0125058246243734 0.99872489505392 -0.0489100025557179 -5.38443858024918 0.749260460857946 0.0417508197313875 0.660958115803638 77.8208260370963
112 0.658097063845151 -0.0295291222558932 -0.752353829987718 -47.3008211985321 -0.0109423156165868 0.998750029002334 -0.0487713573399747 -5.45660253974923 0.752853584893728 0.0403287801282535 0.656951344626091 78.5962329439497
113 0.654154719553296 -0.0323485170729763 -0.755668694818919 -48.1908058500203 -0.00826214684600621 0.99871978258153 -0.049905238300168 -5.53027275164041 0.756315635046403 0.0388891928880106 0.653049991088642 79.3633647963772
114 0.650185610771909 -0.0369202046247204 -0.758877836041895 -49.0903797311965 -0.00543475280617949 0.998567079562922 -0.0532376847271928 -5.60328094267623 0.759755970695259 0.0387386900094083 0.649053294336651 80.1305163008048
115 0.645254378254821 -0.0411314930778373 -0.762859743085301 -50.0096607493996 -0.00127385676723282 0.99849029848823 -0.0549135785923869 -5.67511345212884 0.763966730055649 0.0364050010585566 0.64422784111369 80.9066826894537
116 0.638549051608383 -0.0445286336753102 -0.768291812707285 -50.9228051096936 0.00358336752058037 0.998485868941007 -0.0548919757554215 -5.75303782585186 0.769572782891422 0.0322981471315516 0.6377417671163 81.6628143793602
117 0.630166961019397 -0.0483942709213297 -0.774950060185539 -51.8399561751587 0.00859714972911087 0.99842948987777 -0.055359215664163 -5.831749072481 0.776412062152638 0.0282231869995044 0.629593330221563 82.411172574713
118 0.621050957053131 -0.0494240553854587 -0.7822103115484 -52.7921920305511 0.011387644997148 0.998473444162017 -0.054047227909111 -5.90989821644991 0.783687457016386 0.0246585492780004 0.620665711686005 83.1726124925028
119 0.612196602501813 -0.0477964277632682 -0.789259666635961 -53.7476923093689 0.0114253593221865 0.9986018692251 -0.0516117035612639 -5.98818678388366 0.790623033467655 0.0225789342797115 0.611886762953078 83.9080203879154
120 0.603286200622194 -0.0472136621629565 -0.796126014048027 -54.7279068624118 0.0105603724741609 0.998631523320866 -0.0512206907709441 -6.0664399461968 0.797454850553964 0.022493348683731 0.60295921138411 84.6454257549352
121 0.593764537771903 -0.0488287736438341 -0.803155915466578 -55.7114995055988 0.0102229562183059 0.998534247377433 -0.0531492989656757 -6.13899101803972 0.804573902665676 0.0233475411729669 0.593393400258631 85.3578622750271
122 0.583819850398165 -0.0509228616314621 -0.810284668770382 -56.7084702460965 0.0105139977116411 0.998421563453358 -0.0551709840719876 -6.21822114768983 0.81181515022398 0.0236905845139977 0.583433730660305 86.0720910960329
123 0.573955128016693 -0.0527233379471188 -0.817187714456755 -57.7417110035201 0.0111001952631198 0.998334416376549 -0.0566142980457821 -6.29981016470799 0.818811514750777 0.0234231234853495 0.573584397101009 86.7993432283113
124 0.563600909194361 -0.0533976836550899 -0.824319539096072 -58.7775427458026 0.0141186256760239 0.998385419392863 -0.055020166782346 -6.38366999043451 0.825926558214658 0.0193711570126256 0.563444832003704 87.5138590425132
125 0.553519451113965 -0.0534315288605684 -0.831120502070619 -59.8129689015653 0.015430673201507 0.998426528114179 -0.0539106880165321 -6.4676578017134 0.832693287809529 0.0170158655815629 0.553472988279886 88.1941458118378
126 0.543241907890866 -0.053980935257242 -0.837839058614389 -60.8360299688978 0.0154973413825964 0.998405605229995 -0.0542778026028985 -6.54980900578073 0.83943317894944 0.0165016991271021 0.54321232681591 88.8460131818193
127 0.533200388006926 -0.0550328588335792 -0.844197092317823 -61.8591471374412 0.0150025889443267 0.998340089689281 -0.0556056439956048 -6.62848952317702 0.845855938416366 0.0169838089897913 0.533140958544705 89.4715991221358
128 0.523490488843518 -0.055377573330879 -0.85022998798111 -62.9023024644251 0.0133752242952357 0.998296756964852 -0.0567863399816566 -6.70662386947401 0.851926529382333 0.0183550920848487 0.523339544778655 90.0893195930941
129 0.513557118312873 -0.0561904724107336 -0.856213593118234 -63.9701532541597 0.012011733343054 0.998226510864443 -0.0583056709891502 -6.79322968246513 0.857971330810228 0.0196586830092521 0.513321275314075 90.7257097883468
130 0.503778573344459 -0.0562561348843033 -0.861999069794684 -65.0614048607963 0.0113823862833257 0.998222855037813 -0.0584942130697913 -6.87881164825184 0.863757830830794 0.0196565248209357 0.503523614848842 91.3650750793104
131 0.495155520527114 -0.0540039576636584 -0.867124318104495 -66.181195796776 0.0104434731805175 0.998364125613728 -0.056213935598419 -6.96592566170596 0.868741586640959 0.018778850981814 0.494909497177365 91.9992000622619
132 0.487224938904964 -0.0525282672330429 -0.871695267883535 -67.3321050101524 0.0111028878019307 0.998481232098618 -0.0539625335699018 -7.05565036658204 0.873205923474819 0.0166135573649677 0.487068172764521 92.6409272589609
133 0.479513796462001 -0.0528383561906114 -0.875942136854754 -68.4551185572066 0.011412830955001 0.998476676108473 -0.0539821688797994 -7.141777921824 0.877460122337301 0.0158882152065198 0.479386376866677 93.2539884664934
134 0.471850320144593 -0.0558727058678927 -0.879906538285996 -69.5860886759479 0.0131114689030413 0.998324358360556 -0.0563610227656329 -7.22661368811987 0.881581173099023 0.0150570994213211 0.47179224134609 93.8582146245034
135 0.464958312623888 -0.0594008421545692 -0.883337595414842 -70.7248254765715 0.0158380230476751 0.998145044246764 -0.0587845870238727 -7.314932097943 0.885190897235104 0.0133420611958537 0.465036627433967 94.4557644789332
136 0.458795530780552 -0.0621542676391137 -0.886365335485339 -71.8413730722482 0.0170537790986108 0.997982650680194 -0.0611538842575868 -7.40571290178956 0.888378201868015 0.0129412501552189 0.458929945078955 95.0289551447488
137 0.453308303953895 -0.0658330100872099 -0.888919341869272 -72.9625517654684 0.0191361229321714 0.997757742142516 -0.0641349888422255 -7.50036786944346 0.89114835485769 0.0120624532133759 0.453551658421515 95.5976683465799
138 0.448531150663611 -0.0667408513451547 -0.891271824779681 -74.1189612807677 0.0217958015926703 0.997728249074727 -0.0637438940700338 -7.5988900467962 0.893501398945357 0.00916513829697648 0.448966869961122 96.1818301692646
139 0.444568350778193 -0.0641125216075478 -0.893447573201405 -75.240201003962 0.0232643313856589 0.997925213676239 -0.0600336471856573 -7.69489360815446 0.895442768897899 0.00590359910185734 0.445137501392669 96.7310687805044
140 0.440564854799185 -0.0621742651983687 -0.895565167624789 -76.3737310381559 0.0263393867335777 0.998064551399637 -0.0563328318650848 -7.78708083403977 0.89733429970233 0.00122962859587738 0.441349796183531 97.2884424010681
141 0.436832245159247 -0.0617045780865822 -0.897424166507838 -77.5166016013754 0.028135614200898 0.998093669279284 -0.054930998153618 -7.87716904833596 0.899102873314656 -0.00125394887114358 0.437735594633974 97.8489746390464
142 0.433795106834209 -0.0616094045007278 -0.898902712513297 -78.6325601491266 0.0297871935330709 0.998094759545119 -0.0540330831065143 -7.96357127955758 0.900519032773944 -0.00333650200626388 0.43480379410286 98.3886947937801
143 0.431658168023873 -0.0607691631931559 -0.899987963687891 -79.7652235358994 0.0314546342967487 0.998135406280878 -0.0523098146600109 -8.04969144282477 0.901488675447191 -0.00572883350346949 0.432764772719728 98.9264787438393
144 0.4294976507591 -0.0598730825194453 -0.901081007447185 -80.8942115552049 0.0330111065328203 0.998173799650177 -0.0505898461887962 -8.13496851159351 0.902464423031674 -0.00801746104118785 0.430689778704534 99.4590774295807
145 0.427728323177567 -0.0610106871903009 -0.901845983303288 -81.9812353187954 0.0350799671800247 0.998088289729459 -0.0508838069288357 -8.2157151313421 0.903226371102148 -0.0098722820811544 0.429050883453414 99.9637267277019
146 0.425489179569015 -0.0612781633958738 -0.902886451753771 -83.0809870098424 0.0372651661895169 0.998044971193768 -0.0501751219599825 -8.29472587558194 0.904195922053707 -0.0122972421973392 0.426940876908953 100.47440055075
147 0.423000105121895 -0.0604839509288113 -0.904108733918054 -84.1610571114843 0.0406245943155697 0.998032350190858 -0.047760551810136 -8.37240397270948 0.905218511412334 -0.016526332096217 0.424624925014871 100.980557777325
148 0.420929485713759 -0.0598480020527695 -0.905116890079421 -85.2529238637592 0.0425294144355852 0.99802586524182 -0.0462127819556666 -8.44822318334387 0.906095810035847 -0.0190417687888348 0.422643814667713 101.484815237395
149 0.419336577625176 -0.0612145681353607 -0.905764655588639 -86.2990952960233 0.04506960989753 0.997897511801856 -0.0465755966504935 -8.52067789489677 0.906711401124575 -0.021291608386082 0.421213844125575 101.966275088091
150 0.418170369886922 -0.0624434874520079 -0.90621981473783 -87.398180196576 0.0463566567091843 0.997801489955359 -0.0473629287693723 -8.59955243609541 0.907184987820776 -0.0222035474124458 0.420145689439891 102.467944949447
151 0.417736543861231 -0.0636631884929301 -0.906335025447979 -88.4584773268389 0.0462145568914384 0.997739660248901 -0.0487830410874128 -8.67812261682452 0.907392084302151 -0.0215074126133726 0.419734483392151 102.950128471442
152 0.41839915870391 -0.0642481811074516 -0.905988032603215 -89.4987438392199 0.0451647557656756 0.99773267267977 -0.0498964798749428 -8.75519638210097 0.907139619260722 -0.0200420830171866 0.420352264268726 103.421061650581
153 0.420578624161572 -0.0637096178504345 -0.905016411725065 -90.5376741668572 0.0428211565273207 0.997813607597894 -0.0503423583688539 -8.83502946126799 0.906244983132057 -0.0175809296064518 0.422387193771486 103.900755022082
154 0.425074388443547 -0.0638312883517201 -0.902904940133071 -91.5746581653995 0.0407335040842865 0.997848810433682 -0.0513666541746765 -8.91694908271606 0.904241420160767 -0.0149438329569411 0.426760044898998 104.382521456488
155 0.430191804066358 -0.064317253355656 -0.900443392243464 -92.58387521907 0.0393844912499448 0.997846168408522 -0.0524584220255795 -8.99478092226104 0.90187797043897 -0.0128963216932248 0.431798345670372 104.857539998949
156 0.435709930242571 -0.064198172788491 -0.897794771258239 -93.5937129897634 0.0388118465979451 0.997865469257145 -0.0525180523998626 -9.07249566414861 0.899249963720695 -0.0119624359908921 0.437271543635637 105.344689059089
157 0.442630191384415 -0.0630181359960605 -0.894487131383442 -94.6058043122147 0.0376992665342443 0.997953307779869 -0.0516523067635726 -9.1493090920376 0.895911423622769 -0.0108586383492693 0.44410000112072 105.841545109464
158 0.450768964839767 -0.0617484364901705 -0.890502369973435 -95.6012656722637 0.0363381994738719 0.998046959286421 -0.05081143885117 -9.22446649280788 0.891900709494214 -0.00945503305908931 0.452132421701397 106.338368245816
159 0.459516752579008 -0.0613115048865562 -0.886050367342505 -96.5945940816119 0.0358279640597004 0.998082079256646 -0.0504828689563722 -9.29701150239892 0.887446173630029 -0.00854765671252783 0.46083210226084 106.84527630764
160 0.468684111641994 -0.0609186247727134 -0.881262801126972 -97.585256056245 0.0351112054120691 0.998115625216684 -0.0503229763907085 -9.3703366161455 0.882667778243245 -0.00735661974752425 0.46993986146849 107.368742618854
161 0.478554377795878 -0.0616306611652233 -0.875892327342087 -98.5723280087332 0.0341664941702802 0.998085209537336 -0.0515612759629222 -9.44577842638247 0.877392932595489 -0.0052512957591287 0.479743750062821 107.901265355511
162 0.488824120230552 -0.0630044751102893 -0.870104255590618 -99.5306114936831 0.032299213002644 0.998011883441458 -0.0541206185205231 -9.51955486069406 0.87178422807495 -0.00164821895120034 0.489887275864614 108.433449220356
163 0.500395396649658 -0.0637638341371606 -0.863445783166471 -100.471700409009 0.0305984213325452 0.997963758239896 -0.055964934125386 -9.59433572241342 0.86525613758227 0.00158451753900738 0.501327543309143 108.967855585353
164 0.512584743781308 -0.0620047726127504 -0.85639493728997 -101.400194546422 0.0285565183564779 0.998068528519108 -0.0551700792011228 -9.66909808531256 0.858161643108108 0.00382368316458615 0.513365341394459 109.515504118149
165 0.525350023747406 -0.059307677952197 -0.848816795241776 -102.34047149494 0.0270607248092792 0.998227854924027 -0.0529987436320177 -9.74692508935059 0.850455801156883 0.0048732935161312 0.526023936041801 110.084156677149
166 0.537408055749585 -0.0566480729381964 -0.841417599915666 -103.260517867381 0.0261065728647723 0.998380693612512 -0.0505414431437718 -9.8241235058121 0.842918162379188 0.00519484881277248 0.538016714496032 110.662862059166
167 0.548337480034498 -0.0563282600024092 -0.834357917871292 -104.149495217649 0.0265664497439299 0.998398657654699 -0.0499434093880184 -9.89540125962255 0.835835050555682 0.00521991555457962 0.54895584589672 111.252333018045
168 0.55905655713586 -0.0570983730336523 -0.827161134072623 -105.036094987222 0.0272185734809661 0.998352119585599 -0.0505192495649206 -9.96896525225418 0.82868263839727 0.00572897162249688 0.559689435046874 111.859517163347
169 0.569872969654694 -0.0584738552740291 -0.819649685357307 -105.896722476534 0.0278884356091888 0.998266618571925 -0.0518265704465183 -10.0375280179306 0.82125941919482 0.0066758141351965 0.570515906780363 112.458015406765
170 0.581246409426362 -0.0600643861958007 -0.811507782488796 -106.74463879316 0.0299476900498365 0.998175421626437 -0.0524305590430155 -10.1074145867635 0.813176332285711 0.00617229064496507 0.581984669418837 113.058293892925
171 0.592068171054433 -0.0598695363335535 -0.80366094806421 -107.58725769019 0.0301556715733142 0.998184137489049 -0.052144636706049 -10.178599098148 0.805323485498977 0.00663824407872564 0.592798462733609 113.673015572237
172 0.602388717454782 -0.0575300910532742 -0.796126950747546 -108.422441527545 0.0291509661782852 0.998319496508411 -0.0500839701108507 -10.2486459995182 0.797670391987853 0.00696214870525593 0.603053458850333 114.2957533169
173 0.612389084468418 -0.0546612191787233 -0.788664542338394 -109.236271240395 0.0293245923512203 0.998490847940734 -0.0464337685529564 -10.3157759868042 0.790012454020421 0.00530826680662826 0.613067814190357 114.920700802844
174 0.623094495153351 -0.0531895885689431 -0.780335900607845 -110.025976078657 0.0281576264883678 0.998563738080653 -0.0455807970633974 -10.3804590556618 0.781639557711949 0.00642873691012513 0.623697260825802 115.541152785077
175 0.633097010678802 -0.0527649498689662 -0.772271995565611 -110.789514430752 0.0263051140184314 0.998564333775681 -0.0466616790054456 -10.4441851037607 0.773625371899114 0.00922666659500647 0.633576082706333 116.160566535493
176 0.642637720271461 -0.0522967307597474 -0.764383288956621 -111.554212523942 0.024373354704722 0.998558223601717 -0.0478269135301505 -10.5091159531521 0.765782410391318 0.0121047936465346 0.642985827142432 116.794511456602
177 0.651816731086433 -0.051885090359177 -0.756599554899563 -112.314121246028 0.0242614653140656 0.998572869383595 -0.0475773668021625 -10.5725739277046 0.757988344485989 0.0126555098448526 0.652145311793282 117.443249941379
178 0.660714451026099 -0.0500738603142119 -0.748965301411563 -113.058784663156 0.0240975012750035 0.998673168035084 -0.0455105908451093 -10.6363584964967 0.750250441277832 0.0120213127404013 0.661044448885562 118.095259965946
179 0.669251840901948 -0.0483548198216865 -0.7414605753844 -113.788425645701 0.0242515417763537 0.998770081083404 -0.0432456686168653 -10.6973936788919 0.742639775510862 0.0109606812134187 0.66960139433585 118.750395077148
180 0.677101108861857 -0.0479471429968679 -0.734326330629974 -114.495694140813 0.0247543093857076 0.998794424962064 -0.0423901029903882 -10.7570980657779 0.735473529465799 0.0105246445610745 0.67747171107876 119.404232387709
181 0.685010399969394 -0.0471777099103517 -0.727004137279415 -115.184576595174 0.0237168801075354 0.998816221983909 -0.0424695691025411 -10.813535403707 0.728147142775233 0.0118498265559214 0.685318407806808 120.050405858193
182 0.69251562236849 -0.0459621861899727 -0.71993721269026 -115.865489275174 0.0228201842201821 0.998864583192161 -0.0418184604751046 -10.8682340080701 0.721041851744917 0.012530837361853 0.692778194047179 120.699326321951
183 0.699707683032136 -0.0433897679134606 -0.713110430681122 -116.535025658978 0.022079271932588 0.998990553331457 -0.0391200729221677 -10.92082752703 0.714087994617419 0.0116276564674447 0.699959379927399 121.352999324914
184 0.707013706753475 -0.0405043763847832 -0.706038960650467 -117.205113808663 0.0210507584617429 0.999121441481109 -0.0362382496941491 -10.9751510238311 0.706886471812056 0.0107582836172853 0.707245201682354 122.019286277443
185 0.714317187331079 -0.0388667208960149 -0.698741965170411 -117.865864189553 0.0199730690341001 0.99918208808085 -0.0351600820782766 -11.0278337467149 0.699537012885505 0.0111594294291131 0.714509226489093 122.686665004341
186 0.721697814990664 -0.0379761264753693 -0.691165738195716 -118.511080354074 0.0192415102598132 0.999208698964536 -0.0348100588410909 -11.0774172904732 0.691940769228569 0.0118232707625875 0.721857452789573 123.354927658817
187 0.729853564969212 -0.0351398583827285 -0.682699761282054 -119.13981610238 0.0167355863904151 0.999297105676489 -0.0335442205865754 -11.1243209858211 0.683398634656158 0.0130569881455741 0.729928641177112 124.009850990465
188 0.738790567791392 -0.0324691555093762 -0.673152472240117 -119.736550244724 0.0160720304676563 0.999403511173431 -0.030566512572811 -11.1694473500998 0.673743413161955 0.0117633241358484 0.738871732729135 124.659152406626
189 0.748241136758613 -0.0284509972659746 -0.662816522136217 -120.319167674264 0.0140645052258872 0.999535749344147 -0.0270273098140836 -11.212220054855 0.663277763048732 0.0109007585794279 0.748293914519865 125.313305496039
190 0.758203779259572 -0.0263609315050111 -0.651484558839801 -120.890614397987 0.012310845554938 0.999583046147973 -0.0261185170953934 -11.2524630274437 0.65190142828362 0.0117828325850793 0.758212168629631 125.971915087185
191 0.767960594547941 -0.0256281527504337 -0.639984158404076 -121.458861699723 0.010895924466025 0.999577310129494 -0.0269532911592745 -11.2918193513821 0.640404406645991 0.0137258464542768 0.76791522780025 126.645012887738
192 0.777808957048802 -0.0267679621495666 -0.627930491803841 -122.034662172681 0.0110667766077683 0.99952103836454 -0.0289001785839797 -11.3316263778972 0.628403336074983 0.0155296512849302 0.777732651456013 127.35050242469
194 0.797847477228566 -0.0240886910528794 -0.602377903017177 -123.09992232925 0.0100468661179488 0.999593908551352 -0.0266660546057862 -11.4072242590317 0.602775632852905 0.0152234342508414 0.797765494044703 128.732327262165
196 0.817592429413917 -0.0203330043570679 -0.575438257590564 -124.110473251598 0.00991144732701379 0.999725216571311 -0.0212427531956198 -11.4793924773521 0.575712065686427 0.0116644882125896 0.817569298064577 130.134050166122
198 0.834612635888927 -0.0179906499621848 -0.550543444723916 -125.043169047207 0.0108332493787861 0.999809290954276 -0.0162487670118639 -11.5393697317309 0.550730776988571 0.00759725183516664 0.834648364907113 131.528074615228
200 0.84845125065002 -0.0181196316774482 -0.528963282485931 -125.941332130752 0.0124387649674842 0.999820417523555 -0.0142971965471286 -11.5919533496481 0.529127349885168 0.00555082434392894 0.848524269513019 132.957064721685
202 0.861922214362043 -0.01516908401709 -0.506813570535868 -126.818830169148 0.00977840429400525 0.999863785055569 -0.0132963958956586 -11.6386494830262 0.506946229099986 0.0065046309990324 0.861953137111798 134.410366603117
204 0.874042813177922 -0.0145667133531859 -0.485630488740267 -127.665400345792 0.00955343213451443 0.999872472709574 -0.0127972751823456 -11.6857111683651 0.485754971839173 0.0065459284847581 0.874070510973684 135.910325614879
206 0.883440589301276 -0.016318409049675 -0.468258939798379 -128.482750977676 0.0109295204023032 0.999839108285153 -0.0142233303879603 -11.7304071267512 0.468415702937882 0.00744762174367914 0.88347680341454 137.444805525084
208 0.890113754786022 -0.0137629480640038 -0.455530553093112 -129.300434616871 0.0103117914815144 0.999896221545738 -0.0100604719073796 -11.7714434113685 0.455621740588803 0.00425762834744187 0.89016330080704 139.028661845987
210 0.896627146937373 -0.00687504474053848 -0.442732981756231 -130.12875536445 0.00618154468030442 0.99997636585939 -0.00300935674390468 -11.8072472923459 0.442743207604942 -3.85027567665448e-05 0.89664845432155 140.665955336894
212 0.903180932769868 -0.0024747139098788 -0.429252930650468 -130.942177043824 0.00342824199121237 0.999993074973781 0.00144815791012061 -11.8280929429421 0.429246374286144 -0.0027795315337677 0.90318316213637 142.34565342273
214 0.909922136265942 -0.00101837030216643 -0.414777854827319 -131.758100757427 0.00401451455849278 0.999971769244337 0.00635172316860561 -11.8430988884596 0.414759676928803 -0.00744470525129218 0.909900536738844 144.098707977083
216 0.917073263018854 -0.00182682706197595 -0.398714550723745 -132.55751203546 0.00521791052377379 0.999958857800693 0.00741998084222061 -11.8514000933373 0.39868459170843 -0.0088851228927158 0.91704506482804 145.896382398306
218 0.924966577096658 -0.0059417348538936 -0.380002009259185 -133.349546901834 0.00872828091938328 0.999946168962996 0.00561037328710833 -11.8570364205751 0.37994821800646 -0.00850617206235537 0.924968646317572 147.778077418263
220 0.934667758319759 -0.00512408032087737 -0.355485478407181 -134.106471937224 0.0065401035141122 0.999974744127743 0.00278175352587089 -11.86770935728 0.355462246382849 -0.00492492715877049 0.934677664485966 149.694314942458
222 0.947224623214279 0.00240624661959839 -0.320561574668227 -134.817602863562 -0.000142424541181748 0.999974888732716 0.00708531010209113 -11.8773046959683 0.320570573964326 -0.00666572435661697 0.947201179912158 151.677619691339
223 0.953754622017983 0.00568678931429245 -0.300532496423647 -135.152598829852 -0.00323701895699385 0.999957359661943 0.00864873205663891 -11.877400053795 0.300568865133444 -0.00727593878549842 0.953732361843291 152.69514151355
224 0.960166762496561 0.0070588518760609 -0.279338434174505 -135.474318024338 -0.00463603057264091 0.999945698338378 0.00933314497380804 -11.8776704255638 0.279389146921282 -0.00766635407246567 0.960147348899029 153.765450355428
