0 1 0 0 0 0 1 0 0 0 0 1 0
1 0.99999791053807 0.000807759960183314 0.00187788267505564 -0.00703780869491419 -0.000806033630132997 0.999999252073155 -0.000919871142371189 -0.0205164342282019 -0.00187862430561411 0.000918355583745917 0.99999781369448 1.21735919549775
2 0.999994820804396 0.00118006469752447 0.00299429652728004 -0.00923909174747989 -0.00117832411786809 0.999999135833643 -0.000582995918857313 -0.0415157899543237 -0.00299498191261236 0.000579464647593271 0.999995347141208 2.42223256666256
3 0.999990527289322 0.000606423428726018 0.00431017195120658 -0.0100134617003642 -0.000605653203906334 0.999999800391661 -0.000180002319829644 -0.0632970358625212 -0.00431028024848428 0.000177390145268111 0.999990694965166 3.6192940513499
4 0.999986591831369 0.00031666154411265 0.00516874094440806 -0.00973880836025844 -0.00031636508735774 0.999999948264503 -5.81732092867276e-05 -0.084778250565982 -0.00516875909821896 5.65372201101205e-05 0.999986640277223 4.80996726352266
5 0.999981843687445 2.28575659771162e-06 0.00602596799140308 -0.00859153216440545 -2.89778091047762e-06 0.999999994839016 0.00010155575210819 -0.107361116859048 -0.00602596772817142 -0.000101571370165226 0.999981838533178 6.00558690591551
6 0.999976788640211 0.00026977708883988 0.00680803944853247 -0.00586819482410957 -0.000264264053984046 0.999999636489577 -0.000810669614770797 -0.130118888689196 -0.00680825567382785 0.000808851677922346 0.999976496430613 7.20195429489366
7 0.999971292198872 -4.89249287753739e-05 0.00757709604458897 -0.00264082920593411 5.75978789433608e-05 0.999999343500233 -0.0011444132062876 -0.152932576338972 -0.00757703507989258 0.00114481677736158 0.999970638535924 8.39774261027907
8 0.999970902049636 -0.000499629967067649 0.00761218916824371 0.00239908843597333 0.000496887422597124 0.999999810967783 0.000362170246822778 -0.175105855470742 -0.00761236868040321 -0.000358377307354782 0.999970961282766 9.60059148205605
9 0.999977840849569 -0.00114727692466151 0.00655755789090694 0.00346009674357717 0.00113878715870588 0.999998508866092 0.00129824088627109 -0.197700795674004 -0.00655903755452149 -0.00129074445563736 0.999977656252933 10.799319127362
10 0.999989249991723 -0.00212718619464041 0.00412007037379654 0.00271746766605061 0.00212372368874207 0.999997388227256 0.000844592422688667 -0.218982485785279 -0.00412185621845067 -0.000835833452261016 0.999991155802767 11.9956387365372
11 0.999996057318985 -0.00177989173993881 0.00217194196033011 -0.00265767014172433 0.00177903775433658 0.999998339475329 0.000395058543063413 -0.241005906394473 -0.00217264151520449 -0.00039119301872594 0.999997563295466 13.1899577970394
12 0.999998523524011 -0.00143199630861669 0.000949913875188434 -0.0104326780328921 0.00143167206063573 0.999998916696576 0.000341936813811456 -0.262247274811241 -0.000950402498398639 -0.000340576343794844 0.999999490371293 14.3860339984371
13 0.999999996419921 5.86867634952134e-05 6.0959184713048e-05 -0.0178163599618482 -5.87021877121554e-05 0.999999966258774 0.000253054351357546 -0.285870990709458 -6.09443317153408e-05 -0.000253057928889095 0.999999966123736 15.5794114398776
14 0.999999893763409 -0.000229213412464553 -0.000399917969710282 -0.0242549222071878 0.000229338266588115 0.99999992497336 0.00031218141222534 -0.306439190020467 0.000399846383538976 -0.000312273095554202 0.999999871304183 16.7816311189176
15 0.999999304482988 -0.000733362321386257 -0.000923695429505487 -0.0307773964154633 0.000733980088533805 0.999999507097915 0.000668638284870676 -0.325927522989184 0.000923204620089324 -0.0006693157938745 0.999999349854587 17.9834713979436
16 0.999998521420079 -0.00106033706432671 -0.00135382530876617 -0.0386868078184483 0.00106139196789667 0.999999133519523 0.000778721576300084 -0.346265495925302 0.00135299842835283 -0.000780157364206656 0.999998780374126 19.1861338798637
17 0.999997901040556 -0.000746492366344827 -0.00190805231298892 -0.0466253633160813 0.000746094741307213 0.99999969981061 -0.000209096453180804 -0.368318313054531 0.00190820782911799 0.000207672426498969 0.999998157805825 20.3911751529009
18 0.999995998367147 -0.00106863781249862 -0.00261940125198757 -0.0554667866472423 0.00106593522672578 0.999998898411969 -0.00103293607788791 -0.388944989343127 0.00262050220103722 0.00103013983238954 0.999996035882213 21.5839268603401
19 0.999994466806776 -0.000301231622575063 -0.00331294662533595 -0.0669614997138988 0.000299702997044177 0.999999848414894 -0.00046189641920228 -0.411311416631246 0.0033130852609504 0.000460900963407482 0.999994405502529 22.7831367401481
20 0.999991904913595 -0.000437100136130361 -0.00399988134209968 -0.0791101490022959 0.000434623076856032 0.999999713269836 -0.000620131459848253 -0.436707118468604 0.00400015125475857 0.000618387999094541 0.999991808159558 23.9911689308176
21 0.999988471364003 -0.000511905307994359 -0.00477442059735736 -0.0914327323774792 0.000505782806545049 0.999999048438502 -0.00128347413070165 -0.460190965007068 0.00477507307142272 0.00128104451414623 0.999987778726378 25.1918222750456
22 0.999984179748285 -0.000121730445867155 -0.0056236496022592 -0.10494275184843 0.000117751729078199 0.99999974256056 -0.000707822960935014 -0.480238973506293 0.00562373431811463 0.000707149568533206 0.999983936646888 26.3775865453766
23 0.99997833460051 -0.00151438079944228 -0.00640601126954147 -0.117146787156045 0.00152107906863779 0.999998301442584 0.00104087963508311 -0.501359000028417 0.00640442410042962 -0.00105060113366556 0.999978939572829 27.5749921096486
24 0.999972134369146 -0.00181845627035753 -0.00724042139703718 -0.131679388771563 0.00182692967503685 0.999997653888141 0.00116384972242978 -0.523059788185064 0.00723828800037317 -0.00117704503173307 0.999973110514386 28.7691722779457
25 0.999965725394872 -0.00260365900789242 -0.0078593253703653 -0.148867263865544 0.0026062299947322 0.99999655356336 0.000316901586876233 -0.542879661431248 0.00785847318002709 -0.000337373934718084 0.99996906481056 29.9676606234706
26 0.999956771713205 -0.00308622569647144 -0.00877097006353837 -0.1653541044063 0.00307980099569636 0.999994979210659 -0.000745908372656199 -0.564086126392333 0.00877322806793227 0.000718863285980235 0.999961256101877 31.1769125996348
27 0.99995001171464 -0.00266707373040906 -0.00963643033530895 -0.181476906086065 0.00266155796714633 0.999996286838361 -0.000585165513557367 -0.587871833079585 0.00963795523325464 0.0005594883442029 0.999953397309952 32.3598070737178
28 0.999942826153851 -0.00339861343246296 -0.0101387302057725 -0.201899792381217 0.00339848415981611 0.99999422468666 -2.99790006912707e-05 -0.610339990864889 0.0101387735384632 -4.47902732846963e-06 0.999948601304624 33.5651935281352
29 0.999936981442408 -0.0036907137288454 -0.0106024419836792 -0.225873574402719 0.00369384718928597 0.999993139642093 0.00027597407657095 -0.632191158799543 0.0106013507058193 -0.000315120485603692 0.999943754449365 34.7756617858984
30 0.999929187437708 -0.00413956847389191 -0.0111572435222744 -0.244676283389872 0.00414081814558642 0.999991422823543 8.89068665491844e-05 -0.653544550684636 0.011156779788566 -0.000135100687257919 0.999937752068874 35.9669414486238
31 0.999922200590234 -0.00428457803953361 -0.011714741047367 -0.262894452909793 0.00428570240783097 0.99999081382349 7.08766900078216e-05 -0.674791984470968 0.0117143297569784 -0.00012107706975699 0.999931377554824 37.1592316547556
32 0.999917061894056 -0.00511067723546556 -0.0118216035863855 -0.280769419958697 0.00511931153763497 0.999986651068835 0.000700238185528512 -0.696232577064997 0.0118178670892588 -0.000760698580732825 0.999929877218963 38.366358560839
33 0.99991974930761 -0.00484048997137568 -0.0117074592223913 -0.3039784885518 0.0048631463757269 0.99998635549969 0.00190751717602208 -0.715529641732445 0.0116980661621995 -0.0019642991843343 0.999929645913541 39.5825064554614
34 0.999922973286521 -0.0044130826007656 -0.0116005256692175 -0.324943893878332 0.00444540631093977 0.999986304507824 0.00276209332127188 -0.737222403287447 0.0115881774483311 -0.00281344961632118 0.999928896794508 40.8053012644768
35 0.999925335518984 -0.00380317356769123 -0.0116128918905372 -0.345700507471006 0.00383004482036638 0.999990037428368 0.00229255331113217 -0.757148556085349 0.0116040572181145 -0.00233686003526382 0.999929940016427 42.015819279166
36 0.999931180515973 -0.00283956352519689 -0.0113829306823261 -0.366714691387098 0.00286718164046526 0.999992983896374 0.00241069024709231 -0.777245937838496 0.0113760055104087 -0.00244316127450041 0.999932306439598 43.2080317270229
37 0.999943195869982 -8.74316069748762e-05 -0.0106582075904823 -0.39229164336053 0.000132760437428961 0.999990950045236 0.00425231728508425 -0.795274988460963 0.0106577393472521 -0.00425349072420223 0.999934158036751 44.4026182333919
38 0.999958639633772 -3.94112930176846e-05 -0.00909491443198878 -0.412228517611016 0.000105115142424691 0.999973901945575 0.00722387559064949 -0.810510712971435 0.00909439237013932 -0.00722453282173533 0.999932546801496 45.618371719081
39 0.999973474127722 0.000546408492407348 -0.00726309016144676 -0.426273749603923 -0.000473764496563709 0.999949888886001 0.00999976320099049 -0.822629686379913 0.00726819015544277 -0.00999605695429518 0.999923623211909 46.8239306812385
40 0.999982774082567 0.00101120992023537 -0.00578178109509235 -0.438753450221116 -0.000934389946974722 0.999911461891707 0.0132738575032603 -0.8302127392837 0.00579469184351871 -0.013268226410756 0.999895182363807 48.0422525185634
41 0.999990377189878 0.000483301200275239 -0.00436026921136402 -0.449917603350489 -0.000419870809787034 0.999894250451333 0.0145365615903464 -0.836445186768099 0.00436683365252734 -0.0145345909580097 0.999884831582885 49.2691395673653
42 0.999995580064034 -0.00118930762661457 -0.00272495867206753 -0.46054657173954 0.00122463213672857 0.999914765565714 0.0129985337554667 -0.839735126849283 0.00270926715642648 -0.013001813374741 0.99991180247082 50.4813900192553
43 0.999998827175561 -0.000155060383385249 -0.00152368099695055 -0.470538973673877 0.000172109872342045 0.99993730893038 0.0111959183303875 -0.843905380385916 0.00152184943237044 -0.0111961674400827 0.99993616286689 51.6679140484908
44 0.999999571738398 0.000353515989505387 -0.000855306649683672 -0.477939611131346 -0.000344339863949308 0.999942641331851 0.0107049276662115 -0.850586907542513 0.000859041953529892 -0.0107046285655266 0.999942334824462 52.8369498024197
45 0.999999827221278 -3.00352550633509e-05 -0.000587073502896195 -0.486410972239241 3.5980314745631e-05 0.999948697527836 0.0101292160507124 -0.858129559904638 0.000586739150986479 -0.0101292354236888 0.999948525838655 54.0197380141013
46 0.99999871117321 -0.000877593379520872 -0.0013444261897194 -0.494873250065304 0.000889785628144848 0.999958242458955 0.00909514265601976 -0.8691073152321 0.00133638821280688 -0.00909632718505796 0.99995773455596 55.2197236896719
47 0.999995012533401 -0.000542955803039443 -0.00311128708413797 -0.503385462693444 0.000572458158975129 0.999954811413505 0.0094893320438115 -0.879831354108165 0.0031059942015723 -0.00949106579776111 0.999950134991762 56.4443042052981
48 0.99998998417083 -0.000486514957054241 -0.00444914162728055 -0.518550748905128 0.000534567010222858 0.999941476059516 0.0108054936966659 -0.891245416497428 0.00444362421167897 -0.0108077638350247 0.999931720891358 57.6506287623275
49 0.999984733738641 -0.000547850605013647 -0.00549837697630635 -0.530379052225259 0.000608826832905789 0.999938270795381 0.0110943196560641 -0.900716164615433 0.00549195953613311 -0.0110974978467212 0.999923339022545 58.8730990239367
50 0.999980602565385 0.000515177268575453 -0.00620718014496458 -0.545559367076977 -0.00044783142552351 0.999941078209612 0.0108461770229629 -0.909413495963437 0.00621240211065035 -0.0108431868646204 0.999921912630499 60.0769264057897
51 0.999976717897857 0.000986243791222176 -0.00675210970100381 -0.559406113756765 -0.000914546654495497 0.99994325864833 0.0106133448156004 -0.917576487929907 0.00676219392260124 -0.0106069225952844 0.999920879833205 61.2722145948763
52 0.999975986508326 0.000126136175418328 -0.00692896069876204 -0.576527801626441 -5.6758707616194e-05 0.999949877416559 0.010011964495383 -0.927191301244605 0.00692987627226113 -0.0100113307943026 0.99992587228783 62.4757872168924
53 0.999973291718693 -0.000875224087143116 -0.00725602040227965 -0.588761226699073 0.00094163070866853 0.999957661801088 0.00915357508892709 -0.938628086647197 0.00724770176604325 -0.00916016310430216 0.99993177878844 63.6850703967869
54 0.999971208106724 -0.00113600123905997 -0.00750283005027938 -0.605124700599369 0.00121422713778218 0.999944870178674 0.0104298732404946 -0.947806829835534 0.00749056807167483 -0.0104386830845546 0.999917459236223 64.8789618673388
55 0.999969535993083 -0.00130352435494392 -0.00769596712788229 -0.622395713292773 0.00139552899269238 0.999927482793888 0.0119616743104806 -0.958557519424729 0.00767981670405822 -0.0119720498552054 0.999898840102166 66.073759553202
56 0.999969724048324 -0.000810267117782367 -0.00773915072319495 -0.641254564995815 0.000890192304928212 0.999946252745055 0.0103295294560421 -0.970252914272284 0.00773036508702758 -0.0103361060521279 0.999916699714181 67.271254840052
57 0.999969267074283 0.000942638626740897 -0.00778308032473119 -0.661270793655161 -0.000871950853577717 0.999958389977219 0.00908063961831214 -0.979045544306569 0.0077913162322413 -0.00907357408015667 0.999928480264854 68.4695349218228
58 0.999965133321841 0.00307723292564805 -0.00776291041775308 -0.682819941119994 -0.00300370470103339 0.999950688133979 0.0094656779181638 -0.989165686902512 0.00779165570990798 -0.00944203039090276 0.999925066274166 69.6485627919834
59 0.999957688011504 0.00497293012717147 -0.00773900204400229 -0.701556329382773 -0.00489806972013784 0.999941323587174 0.00966220967212821 -0.999561440990029 0.00778659744069707 -0.00962389467324791 0.99992337183987 70.8275774005734
60 0.999949971978251 0.00653871657520098 -0.00756959221126368 -0.718538082022252 -0.00646227588583132 0.999928321965652 0.0100791825725337 -1.00916085782179 0.00763495455592467 -0.0100297615377564 0.999920552520261 71.9943699519973
61 0.999953851365018 0.00698936694493573 -0.00659119791658644 -0.735991653921931 -0.0069159792657297 0.99991456450676 0.0110920204675322 -1.01983524454085 0.00666816099554971 -0.011045923997801 0.999916758131382 73.2097001093425
62 0.999951068925437 0.00878672652829321 -0.0045445782854203 -0.750559998102514 -0.00873236135374415 0.999891688403471 0.0118472497586314 -1.02988049803682 0.00464818459863214 -0.0118069851601815 0.999919491499873 74.3911474970929
63 0.999971787533008 0.00725679335585404 -0.00193986809655165 -0.760211048227686 -0.00723752908196077 0.999926179330247 0.00975981878946478 -1.04309596485964 0.00201054988233525 -0.00974550358913537 0.999950490198872 75.5821871252594
64 0.999989282708862 0.00458277126459879 0.000657780322126589 -0.763157992571242 -0.00458576091931891 0.999978822711113 0.00461789195275112 -1.05451159170133 -0.000636603649578593 -0.00462085888475333 0.999989121140305 76.7483036020531
65 0.999978920633168 0.00564008391185529 0.00321679075977953 -0.768007374523284 -0.00565319965775927 0.999975685486128 0.00408286298796454 -1.06666705621855 -0.00319368485522325 -0.00410096208422016 0.99998649115227 77.9047434419219
66 0.99997069073587 0.00468769719153526 0.00605335975040717 -0.767748840382369 -0.00473371491462519 0.999959837628158 0.00761019538344213 -1.08184122527149 -0.00601744234159599 -0.00763862721354965 0.999952719763269 79.0802547750059
67 0.999943103382638 0.00505344581801589 0.00939428990735669 -0.763894888050055 -0.00513809542613008 0.999946221454885 0.00900856112204937 -1.09756072257185 -0.00934826042058452 -0.00905631732339896 0.999915292984184 80.272306680383
68 0.999894266069811 0.00521317363049576 0.013574958615511 -0.756799238041503 -0.00531144240855474 0.999959879717624 0.00721301148309915 -1.11038900920314 -0.013536811303078 -0.00728435143393134 0.999881839501014 81.4288704379914
69 0.999844042940345 0.00445217852059123 0.0170899942401056 -0.743447565836815 -0.00452552268611687 0.999980705541209 0.00425537186656472 -1.12636553769231 -0.0170707188226946 -0.00433204936791988 0.999844899925559 82.5908962492128
70 0.999781673905494 0.00326096408476948 0.0206390560822462 -0.727026871898463 -0.00328021201643701 0.999994216156095 0.000898812262641421 -1.14560013943198 -0.0206360057146601 -0.000966316508239325 0.99978658797793 83.7394533896819
71 0.999712073398507 0.00256211343655266 0.0238580358788647 -0.706485736498798 -0.00256246766414161 0.999996716750711 -1.57248049169001e-05 -1.16661890282723 -0.0238579978357193 -4.541516814226e-05 0.999715356427385 84.9154851961709
72 0.999621389632158 0.00221069418294395 0.0274260865072469 -0.681040781327603 -0.0022616159641886 0.999995775744916 0.0018258109306057 -1.18971622362588 -0.0274219343428581 -0.00188714693473766 0.999622166717677 86.0771311423218
74 0.999383894630509 0.00298081014487946 0.0349706437463712 -0.620140387232387 -0.00298891074601605 0.999995517110479 0.000179364150831761 -1.23158754746934 -0.0349699523263584 -0.000283777776503967 0.999388323878394 88.3818960067583
75 0.999267177696275 0.00279434932008045 0.0381745882859166 -0.585552275857988 -0.00271279818510702 0.999993926892395 -0.00218789952570872 -1.2537499679601 -0.0381804702030862 0.00208273623031873 0.999268689544942 89.5435288480329
76 0.999145829466621 0.00290204787537845 0.041221227269304 -0.541970677928481 -0.00279819700881276 0.999992764999615 -0.00257682788010562 -1.27669189470913 -0.0412284071115835 0.00245928171481628 0.999146721147845 90.6775472131643
77 0.999030782772783 0.00147947676998055 0.0439921154400058 -0.49522947577774 -0.00142366771194234 0.999998141689719 -0.00129991821060663 -1.30023970030641 -0.0439939568878008 0.00123602815315096 0.999031032546917 91.8249768554724
78 0.998908450686972 0.000875275578593076 0.046702687704395 -0.44958364921211 -0.000888296077203557 0.999999572172116 0.000258041982106504 -1.32119818771794 -0.0467024418658377 -0.00029924613084088 0.998908800829946 92.9891819306144
79 0.998774380980093 6.74781311082775e-06 0.0494948063164086 -0.39713697367706 -0.000107862691283175 0.999997912832888 0.0020402684888719 -1.34262773185187 -0.0494946892451262 -0.00204310654002004 0.998772297098891 94.1607173517428
80 0.998654338102978 -0.00153393285395071 0.0518378243959309 -0.339547608363654 0.00137530009742627 0.999994262561701 0.00309570562590992 -1.36311132197214 -0.0518422755841776 -0.00302024728786265 0.998650718003334 95.3409081851698
81 0.998533972244269 -0.00272528077398901 0.0540599585533024 -0.280440561296649 0.00268944674545019 0.999996112880498 0.000735595063099316 -1.38104824644437 -0.0540617531188661 -0.000589125280729482 0.9985374203209 96.4627623284535
82 0.998397829729766 -0.00406154858759018 0.056438261967965 -0.221859808628115 0.00422859758613168 0.999987024478178 -0.00284074598199975 -1.40045090774851 -0.0564259918242344 0.0030748493215653 0.998402049651492 97.632416710198
83 0.998280516786444 -0.00316299596828534 0.0585320874486297 -0.159935862182233 0.00349980218772333 0.999977899524571 -0.00565259648958345 -1.42381612487202 -0.0585129147217624 0.00584772767251134 0.998269524172621 98.8035000638148
84 0.998177550559368 -0.00299504912147381 0.060271114475023 -0.0949718084983023 0.00339940021774587 0.999972392441394 -0.00660745285216054 -1.44738558282639 -0.0602496608908379 0.00680029674307629 0.998160174684777 99.9978436439928
85 0.998161680866565 -0.00298268181884183 0.0605339777216173 -0.0276763631662462 0.0033496017077495 0.999976624140221 -0.00596081718618066 -1.47320687020742 -0.0605147834667956 0.0061526240170496 0.99814833877519 101.182698951186
86 0.998209374683665 -0.00280600526308365 0.0597509048308913 0.0357838197023258 0.00306176225758354 0.99998653774987 -0.00418926376666633 -1.49834248085363 -0.0597383453530872 0.00436470543017662 0.998204527860389 102.367459301779
88 0.998410975976901 -0.00301301008874509 0.0562711721848562 0.169059130113552 0.00312463465701008 0.999993321254975 -0.00189581214884386 -1.54150285821347 -0.0562650842629141 0.00206862651259545 0.998413722400308 104.75211895242
90 0.998718140196779 -0.0021911865588503 0.0505695080394429 0.285211612229635 0.00227022608940194 0.999996289611275 -0.00150560193462698 -1.58280471686503 -0.0505660213521883 0.00161847618050669 0.998719409053145 107.144531384233
92 0.999077446126544 -0.000536859239549066 0.0429414534385955 0.38318790332431 0.00060699445358105 0.999998503167335 -0.0016202533208524 -1.62170498218747 -0.0429405193144596 0.00164482377394121 0.999076276545368 109.544649724753
94 0.999394911347527 0.000343009959781321 0.034780648597128 0.458454187091525 -0.00035431517279702 0.999999886388084 0.00031888019179076 -1.66367390514938 -0.0347805352665502 -0.000331010552522893 0.999394919337989 111.975387030594
96 0.999672994291112 0.000923108195517648 0.0255548890880271 0.505768341240116 -0.000949225652090731 0.999999039533553 0.00100990228880963 -1.70193166987189 -0.0255539322943341 -0.00103382940125446 0.999672910376722 114.373938263473
98 0.999874270599717 0.00222944859774856 0.0156994443097204 0.541371891125797 -0.00223941615574261 0.999997301945032 0.000617347501443735 -1.7418091471802 -0.0156980256072353 -0.000652427471935982 0.999876565547182 116.827492516098
100 0.999957476739609 0.00523618054720155 0.00759125324517744 0.543856453638693 -0.00523563858330332 0.999986289785732 -9.12643988295835e-05 -1.78249261226827 -0.00759162704433869 5.15154595837101e-05 0.999971181857246 119.299602155829
102 0.999953165438108 0.008507747971908 0.00461358372140169 0.536346971777727 -0.00850683352748636 0.99996379251891 -0.00021779470794329 -1.82551561118189 -0.00461526961764114 0.000178537518940476 0.99998933364847 121.767403202454
104 0.999923935749159 0.0120388469546462 0.00268120866667126 0.522046994254143 -0.0120411617170087 0.99992714227247 0.000848864721604177 -1.8640379328504 -0.00267079396743219 -0.000881085020497497 0.999996045266565 124.233786782451
106 0.999877256342831 0.0156144088793667 0.00128937336746559 0.503895523570036 -0.0156186370391718 0.999872453168294 0.00333700048797286 -1.90174590858986 -0.00123710362192782 -0.00335672914696341 0.999993600951557 126.747399821907
108 0.999883071320989 0.0152919379747716 -1.78516688131678e-05 0.489708087907195 -0.0152915440793197 0.999864442360233 0.00610455431060936 -1.93074447421388 0.000111199714764541 -0.00610356753355732 0.999981366875397 129.236934654204
109 0.999883115531269 0.0152838028130897 -0.000400808001627018 0.488375963622614 -0.0152818279588707 0.999872927554547 0.00453811389631681 -1.9426637167943 0.000470116707908743 -0.0045314583823596 0.999989622383757 130.483505038676
110 0.999922265856062 0.0124105658928671 -0.00120004145695328 0.484454961286969 -0.0124037614252079 0.999907831287609 0.00552047391236005 -1.95732213848271 0.00126844305592657 -0.00550515975511393 0.999984042006813 131.749209811417
111 0.999944721957257 0.0102994014563548 -0.00211550454160116 0.477097074635806 -0.0102833210130476 0.99991917484019 0.00747643603968976 -1.97250842475819 0.00219233637184403 -0.00745426834463295 0.999969813316722 133.025561827004
112 0.999972642327514 0.00696373669299294 -0.00249418680122468 0.47211784968655 -0.00694016676626799 0.999932323872594 0.009337117328681 -1.98330288428486 0.00255903923086947 -0.00931955181453644 0.999953297545536 134.336773836019
113 0.99998252925277 0.00515751416283783 -0.00288811995830696 0.466814846589439 -0.0051270982881679 0.999932340987261 0.0104415664955193 -1.99499587437196 0.00294177707804476 -0.0104265763986561 0.999941314504119 135.639457739215
114 0.999995659954294 0.000954882597121875 -0.00278716196189083 0.45902072651169 -0.000930903363250192 0.999962653802181 0.00859211381609656 -2.00400659221258 0.00279526233194432 -0.00858948194748564 0.99995920282198 136.858334485167
115 0.999994871811484 -0.00157825872808621 -0.00278665572338409 0.450531957059671 0.00159941143530831 0.999969803438246 0.00760487309144629 -2.01319196001811 0.00277456911862989 -0.00760929110125369 0.999967199689641 138.060921613275
116 0.999992053882199 -0.00300959141040655 -0.00261429378673979 0.4416069907635 0.00302859010099726 0.999968812597915 0.00729393402193217 -2.02603784139986 0.00259226049252782 -0.00730179368775682 0.999969981546686 139.310809434948
117 0.999992001701208 -0.00320276801665331 -0.00239558148342687 0.435240715603078 0.00322133519618011 0.999964489738873 0.00778731409599239 -2.03967145947931 0.00237055545518057 -0.00779496878167534 0.999966808913439 140.5956908065
118 0.999995282941631 -0.00263147677822571 -0.00158411630040459 0.426009982150585 0.00264677438561786 0.999949125478129 0.00973350095687379 -2.05144893472152 0.00155842222750637 -0.00973764784182939 0.999951373585071 141.883046611945
119 0.999999564435464 -0.000371700306948233 -0.000856135365779424 0.415724357009284 0.000381353737130698 0.999936044508921 0.0113031615568844 -2.06422234414412 0.000851879222601496 -0.0113034831240493 0.999935750721542 143.171855297572
120 0.999999854658856 -0.000530189906487859 -9.7882226752581e-05 0.407322092930592 0.000531110552108308 0.99995321683436 0.00965826403642772 -2.07587426977863 9.27569334058449e-05 -0.00965831461896807 0.999953353089469 144.442178513072
121 0.999999813174872 0.000192548772165051 0.000580151007327373 0.396945354268121 -0.000197020563480427 0.999970197883401 0.00771780590120853 -2.08557444263368 -0.000578647663549322 -0.00771791876100683 0.999970048999909 145.696197694811
122 0.999999656931937 0.000152616278491144 0.000814152492175668 0.391604221763527 -0.000156917016508859 0.999986021838386 0.00528502647950563 -2.10045685851189 -0.000813334530747525 -0.00528515242076189 0.999985702723209 146.947526666503
123 0.999998786409516 -0.00111378996232217 0.00108933530892794 0.390982594921197 0.0011124199926243 0.999998590709595 0.00125741822141678 -2.12140103593863 -0.0010907342735316 -0.00125620489704967 0.999998616123043 148.214847617142
124 0.999998254626711 -0.00107974013771754 0.00152476383985363 0.383927262882077 0.00108314051168567 0.999996924636221 -0.00223103669460888 -2.14315975644817 -0.00152235021078225 0.00223268433410273 0.999996348778584 149.479066856632
125 0.999997601586596 -0.001335815518715 0.00173563186065447 0.377377047482447 0.00134130369260372 0.999994092600429 -0.00316475412125586 -2.16815305269284 -0.00173139407991547 0.00316707454029085 0.999993485935482 150.771133649894
126 0.999997456850599 -0.00163571148873973 0.00155265587278519 0.372409266748871 0.00164005495275724 0.999994734248532 -0.00280030265503152 -2.19547159445158 -0.00154806720966046 0.00280284197439759 0.999994873769251 152.035755213891
127 0.999998452026252 -0.000989366758248876 0.00145502526362904 0.368967846677198 0.000992658419590146 0.999996946065945 -0.00226329141854065 -2.2223987264691 -0.0014527815947841 0.00226473225810361 0.999996380200167 153.262113098684
128 0.9999991185217 -0.000343016539282824 0.00128269071714968 0.363115049734778 0.000344545269310046 0.999999230469426 -0.00119178400476421 -2.24892479519951 -0.00128228092845507 0.00119222489925105 0.99999846717653 154.510701397703
129 0.999999504905819 0.000201732666810064 0.000974418825886984 0.357145297129237 -0.000201150112126697 0.999999801021498 -0.000597909354452605 -2.27377401174694 -0.00097453924984717 0.000597713053975077 0.999999346505964 155.804488974375
130 0.999999724140413 0.000448499176271129 0.000592087482597586 0.35139788137725 -0.000447929365656075 0.999999436805669 -0.000962157797984171 -2.29955597569811 -0.000592518676117111 0.000961892319193225 0.999999361842189 157.076080262508
131 0.9999997472593 0.000705354789613453 8.91961758395859e-05 0.346130692392087 -0.000705290666246904 0.999999494308066 -0.000716902147172194 -2.32419031183439 -8.97018010969913e-05 0.000716839056751558 0.999999739047643 158.309853688836
132 0.999999789053741 0.000297797115590412 -0.000577242887425931 0.338084619932992 -0.000297433898435391 0.999999757813049 0.000629211347467778 -2.34946932921904 0.000577430124949609 -0.000629039523135647 0.999999635441798 159.608827648582
133 0.999998557602719 0.00129529622250376 -0.00109863559774668 0.326946529523092 -0.00129430904252247 0.999998758472776 0.000898786408912942 -2.37184854908626 0.00109979842840098 -0.000897363138517269 0.9999989925909 160.891682248057
134 0.99999729022978 0.00161700619231706 -0.00167476089946347 0.315569102750659 -0.00161719053044837 0.999998686436515 -0.000108719971263878 -2.39427192672279 0.00167458289869194 0.000111428084125115 0.999998591676957 162.128573490338
135 0.999994951861316 0.00190936548293408 -0.00253979828660801 0.305544076503536 -0.00191281753763804 0.999997249224651 -0.00135745062489199 -2.41732384553667 0.00253719943082553 0.00136230194299767 0.999995853367635 163.403049980773
136 0.999991327412467 0.00262808547652483 -0.00323083063319027 0.29522592558288 -0.00263248783974573 0.999995611399156 -0.00135911375629121 -2.44153816234684 0.00322724458724037 0.00136760709161235 0.999993857252742 164.645974967872
137 0.999990245217663 0.00210327003716722 -0.00388403458651464 0.282087801140302 -0.0021117900259967 0.999995370367898 -0.00219079566733455 -2.46774051172113 0.00387940876997877 0.0021989765621001 0.999990057295409 165.922065988207
138 0.99998584218591 0.00264241932760379 -0.00461877124718343 0.2678088596764 -0.00265703935525119 0.999991470643348 -0.0031620851376771 -2.4949488950691 0.00461037629715285 0.00317431262644025 0.999984333962162 167.234721845991
139 0.999982098850013 0.00293116408453721 -0.00521634514123495 0.252995078335923 -0.00294605543596651 0.99999160092402 -0.00284935760891856 -2.52077799612502 0.00520794939406851 0.00286467424409985 0.999982335296271 168.493350656364
140 0.999977801447114 0.00317167019574915 -0.00585978849148814 0.239246823001678 -0.00318078157353455 0.999993745874715 -0.00154623414707682 -2.54636918099548 0.00585484769887684 0.00156483853017487 0.999981635850778 169.757995962292
141 0.999973074366433 0.00323422981066883 -0.00658713136920134 0.223387192250769 -0.00324275592830471 0.999993917803749 -0.00128409092279317 -2.57033350853259 0.00658293825983352 0.00130541680712952 0.999977480151842 171.024770428503
142 0.999968148585248 0.00360038174168527 -0.00712313598808986 0.204617715168523 -0.00360722403406623 0.999993044630287 -0.000947958762762826 -2.59371836751059 0.00711967343062423 0.000973623316269266 0.999974180820625 172.274860729132
143 0.999961314827789 0.00395745627397028 -0.00785540500037485 0.185599016602105 -0.00396270999763299 0.999991934997974 -0.000653351728732987 -2.61704056977599 0.00785275603561962 0.000684455145639287 0.999968932389301 173.534812529499
144 0.999956509756317 0.00426297636263392 -0.00829491582218503 0.166118436064608 -0.00427487239727522 0.999989858830129 -0.00141693432681305 -2.64313040208809 0.008288791344492 0.00145233241067988 0.99996459270747 174.846049550019
145 0.999947414672304 0.00524519910122702 -0.00881225150362421 0.148667077907979 -0.00526193013009267 0.999984395300254 -0.00187649867865562 -2.66793359594953 0.00880227138190267 0.00192276945405856 0.999959410664326 176.116849466609
146 0.999941497031967 0.00523114793644685 -0.00946771380720749 0.132574553262049 -0.00524445880094311 0.999985293251917 -0.00138164096760152 -2.69333171391602 0.00946034699962902 0.00143121317250518 0.999954225684107 177.340094517442
147 0.999941690389151 0.0050551810809849 -0.00954258696186872 0.113094860805774 -0.00507872701689859 0.999984114517688 -0.0024448403143296 -2.72049138288372 0.0095300762627693 0.00249316195085663 0.999951479717847 178.626733185674
148 0.999945448024004 0.00367438419046832 -0.00977751895391081 0.0954536783032652 -0.00371373168134813 0.999985067251648 -0.00400917332070787 -2.74652772937853 0.00976264170561431 0.00404526569428524 0.999944161767241 179.885131521697
149 0.999951278431805 0.000566504468562075 -0.00985493963888024 0.0806127517997881 -0.000604795880904071 0.999992278398425 -0.00388295833990368 -2.77472114931469 0.009852663829712 0.00388872938298427 0.999943899826008 181.12355361449
150 0.999946713372055 0.000744585973800899 -0.0102964075363058 0.0620408869773973 -0.000745572976451227 0.999999717826515 -9.20208023628061e-05 -2.79999406514398 0.0102963361135339 9.96926220981457e-05 0.999946986356786 182.385868528839
151 0.999945397159072 -3.75023138772525e-05 -0.0104499422946946 0.0428827420060551 8.06585429978465e-05 0.999991470678049 0.0041294146500903 -2.82356849193571 0.0104496983011681 -0.00413003204943894 0.999936871327728 183.646906766229
152 0.999946081656033 0.0012163548575911 -0.0103128202547708 0.0209061678170793 -0.0011816145834976 0.99999360968761 0.00337407334249164 -2.84141144237672 0.0103168584231277 -0.00336170563923456 0.999941128950836 184.907095848885
153 0.999944060215087 0.00282987433791224 -0.0101915774931095 -0.00116946461087503 -0.00282711149284552 0.999995962960576 0.000285487576703364 -2.86014381079062 0.0101923442432765 -0.000256658880728732 0.999948023771759 186.135389184999
154 0.999941163328851 0.0030964357096448 -0.0103962477096561 -0.0214580777660093 -0.00311323705423325 0.999993873374465 -0.00160030265249586 -2.88171690592995 0.01039122878146 0.00163257447960964 0.999944677002173 187.360353480407
155 0.999939031217719 0.00283225571137367 -0.0106729646750699 -0.0387857835671671 -0.00284628265507339 0.999995105248752 -0.00129928964646391 -2.90701709061071 0.0106692325130408 0.0013295887045892 0.999942198165204 188.643848535744
156 0.999940627445601 0.00266397100784184 -0.0105662122905004 -0.06004442440533 -0.00266501910492252 0.999996445208027 -8.51145071595756e-05 -2.93272893466283 0.0105659479872343 0.00011326861131472 0.999944172398316 189.926161408367
157 0.999942572381932 0.00284005388584175 -0.0103337327297334 -0.0824073973469126 -0.00281856378350626 0.999993836298722 0.0020935765479914 -2.95701161728148 0.0103396149059022 -0.00206433003405654 0.999944413907647 191.173496885494
158 0.999951377285294 0.0021361788348524 -0.00962703512144829 -0.102012864923452 -0.00210829985163012 0.999993557641883 0.00290512417401672 -2.98034288585156 0.00963317896541358 -0.00288468624227463 0.999949438945942 192.42605003154
159 0.999964087681443 0.00219754285654799 -0.00818499559034808 -0.118183465727149 -0.00217893248389404 0.999995022484676 0.00228194195855232 -3.00179356042279 0.00818996951465718 -0.00226402545595344 0.999963898642388 193.665628984549
160 0.999976031166144 0.00115244412369566 -0.00682707592961968 -0.133554600478285 -0.00114673220974929 0.999998989272423 0.000840511374457698 -3.02443015673797 0.00682803767170016 -0.000832662400513311 0.99997634200759 194.90333521773
161 0.999983847042758 0.00092541594653185 -0.00560796388106316 -0.147826485370092 -0.000928938069629761 0.999999372920978 -0.000625485182200066 -3.04817363190944 0.00560738153046473 0.000630684529906891 0.999984079627969 196.162788962441
162 0.999990685262681 0.000135236180840477 -0.00431405830393227 -0.160215971738195 -0.000140436356275147 0.999999263978951 -0.00120512206310175 -3.07334821375794 0.00431389215258929 0.00120571668833526 0.999989968240564 197.34969965405
163 0.999995464876796 0.00040698267716472 -0.00298405612241712 -0.169045438373705 -0.000408617837991218 0.999999766705106 -0.000547376649175406 -3.09652522086597 0.00298383265343796 0.00054859350531605 0.999995397883341 198.542543545303
164 0.999998588004561 -1.7234246493595e-05 -0.00168038443953458 -0.176195727652078 1.96530793302369e-05 0.999998963803704 0.00143944616942295 -3.12107755808194 0.00168035789055635 -0.00143947716166022 0.999997552148434 199.746584383772
165 0.99999937312705 0.00102936693995421 -0.000440623660521196 -0.188206396287173 -0.00102855630968605 0.999997785541707 0.00183602385578317 -3.14466614370972 0.000442512627036588 -0.00183556949858325 0.999998217432007 200.975580650621
166 0.999999680369979 0.000647127333164983 0.000469559532942367 -0.193110732583627 -0.000648004281957379 0.999998041862079 0.00186985626687793 -3.16627083677741 -0.000468348578380653 -0.00187015994580371 0.999998141573966 202.203330362954
167 0.999998568274328 0.00103986076237968 0.00133496774798028 -0.196158634653125 -0.00104262523488265 0.999997310299842 0.00207179287102088 -3.18930822854417 -0.00133280978120297 -0.00207318177584364 0.999996962763093 203.417313430712
168 0.999996899280316 0.000838919323600313 0.00234470555127748 -0.200834389392527 -0.000844435150006683 0.999996876423269 0.0023524610480627 -3.21357944842099 -0.00234272470237854 -0.00235443370552434 0.999994484126235 204.609925582127
169 0.999993865070118 0.00112780916230264 0.0033163034571541 -0.205144898198407 -0.00113480331101028 0.999997134496566 0.00210789470874326 -3.23332978970744 -0.00331391665130946 -0.00211164512910052 0.999992279425835 205.798258415486
170 0.999990049752409 0.000999558190074063 0.00434756018922243 -0.209086704938706 -0.00100929168116606 0.999996988078613 0.00223722238617466 -3.25574347943718 -0.0043453108607538 -0.00224158808159035 0.999988046706757 206.969871544497
171 0.999988552434355 -4.46345973589143e-05 0.00478466383311514 -0.2087218041384 3.35568291133666e-05 0.999997319077672 0.00231532101607452 -3.27763035636891 -0.00478475434922435 -0.00231513395313859 0.999985873040513 208.125082516791
172 0.999987349121346 -0.000179734115145173 0.00502685716042405 -0.210110959606194 0.000163510318288335 0.999994777761891 0.00322764826488909 -3.30011385296723 -0.00502741102748391 -0.00322678548928826 0.999982156337685 209.28942556073
173 0.999989123742247 -0.000683187935764147 0.00461363755159623 -0.210651857703385 0.000663822178008304 0.999990969157851 0.00419773067952562 -3.32178662815701 -0.00461646372552161 -0.00419462238899673 0.999980546513623 210.43289232663
174 0.999992785262988 -0.000385585706011264 0.00377898738215856 -0.210490248000556 0.000369921173677856 0.999991341073312 0.0041449893516405 -3.34204385790496 -0.00378055290882942 -0.00414356151918469 0.999984269035089 211.53281520284
175 0.999994317871871 -1.06311995901293e-05 0.00337106970404285 -0.211840439870746 -1.61597494854516e-07 0.999994874936882 0.00320157772716883 -3.36169893391735 -0.00337108646370967 -0.00320156008015039 0.999989192836156 212.619979947772
176 0.999995870963861 8.02882647303187e-05 0.00287256140461823 -0.212796700745544 -8.70281266865413e-05 0.999997243783746 0.00234624189231508 -3.38049002282132 -0.00287236511152762 -0.00234648219823535 0.999993121746324 213.698229752755
177 0.99999719149878 -1.51494575977586e-05 0.00236997152838156 -0.215442302291532 9.81834635290183e-06 0.999997469966286 0.00224943651314518 -3.40148240342992 -0.00236999961001676 -0.00224940692639868 0.999994661620915 214.79086286436
178 0.99999946718639 -0.000390063717483349 0.000955760028581269 -0.220472419668033 0.000387894563423154 0.999997351277922 0.00226869454724523 -3.42368902768331 -0.000956642432467512 -0.00226832260433487 0.999996969769318 215.842104587325
179 0.9999993995175 -0.000905922123807449 -0.000616660152700314 -0.228711383759142 0.000907810864875426 0.999994877018303 0.00306949777379221 -3.44403287562881 0.000613876267619382 -0.00307005574139908 0.999995098944826 216.886294942093
180 0.999994387118444 -0.00206724309499176 -0.00263670961512821 -0.238636664369741 0.00207978159783304 0.999986501146438 0.00476151587315503 -3.4652717403782 0.00262683081176075 -0.00476697292746678 0.999985187754796 217.921082064836
181 0.999986683158377 -0.00183694172600693 -0.0048227742018468 -0.249627601349095 0.00186837394467381 0.999976992210447 0.00652106038544688 -3.48507984224985 0.00481068443255306 -0.0065299842911783 0.999967107769274 218.94722565507
182 0.999971724748131 -0.00159711325113438 -0.00734839666259064 -0.2605261214302 0.00164604051572444 0.999976487175797 0.00665699978772675 -3.50429968752868 0.00733759189845796 -0.0066689073180133 0.999950841501879 219.967962697047
