0 1 0 0 0 0 1 0 0 0 0 1 0
1 0.99999853657219 0.000812810654896369 0.00150538776355421 -0.00707276368151197 -0.000805900167461196 0.999989162096937 -0.00458543493970365 -0.00272638951733994 -0.00150909853868388 0.0045842150369999 0.99998835372923 0.954931716270643
2 0.999996117737125 -0.00135268182870817 0.00243613680832246 -0.00791615984102967 0.00136584318847803 0.99998443837884 -0.00540901770570044 -0.00178719845083882 -0.00242878221812269 0.00541232408733766 0.999982403727641 1.90642256400893
3 0.999992733944691 -0.00295452925921955 0.00240890321088391 -0.0088183955442587 0.00295799405852516 0.999994594017236 -0.00143603880628958 -0.00256391445511652 -0.00240464736972411 0.00144315389333754 0.999996067481201 2.86115766070076
4 0.99998441217276 -0.00531000469123824 0.00172605378786662 -0.00848265514404231 0.0053019918098485 0.999975298698137 0.00461420376891497 -0.00470596623713413 -0.00175051259575024 -0.00460498032045714 0.999987864857319 3.80932981507197
5 0.999960755961384 -0.00884768155218454 0.000452844663750881 -0.00774151517617936 0.00884550174159466 0.999950259022544 0.0046083163614985 -0.00248560802766348 -0.00049359505447293 -0.00460412987429137 0.999989279118543 4.74267277292665
6 0.999934533177074 -0.0114260656740643 -0.000611868580020132 -0.0073600191832316 0.0114271125080646 0.999933202122437 0.00173562464186302 -2.89473844940547e-05 0.000591996347354188 -0.00174250290713596 0.999998306610538 5.6730286654941
7 0.999927630760407 -0.0119646025598301 -0.00125758795492461 -0.0118075707640805 0.0119624812931756 0.999927034020863 -0.00168097458337281 4.83247479504119e-05 0.00127760838659136 0.00166580906013513 0.999997796396065 6.60077867601166
8 0.999930547562447 -0.011627458965764 -0.00192412303797064 -0.0192323709358176 0.0116231142128853 0.999929908833859 -0.00225402650921084 -0.000701222085538807 0.0019501967746867 0.00223150565974549 0.999995608547873 7.52305138298676
10 0.999933433973673 -0.0109865291660988 -0.00352474091250416 -0.0360530625502013 0.01099576437952 0.999936134526897 0.00261151931204659 -0.00313329414081308 0.00349582427016859 -0.00265010269415606 0.9999903780379 9.36683598296547
11 0.999928035429734 -0.0111881679293783 -0.00432999538307178 -0.0449204204540934 0.0112055824903515 0.999929139977495 0.00401869940645834 -0.0018040323087026 0.00428472667568434 -0.00406693032293037 0.999982550445288 10.2840414389839
13 0.999900915307469 -0.0128227845083978 -0.00580824971373976 -0.0621983049433744 0.0128513145937373 0.999905404560654 0.00490159602662992 0.00406217264851273 0.00574484817020956 -0.00497575399780496 0.999971118878768 12.1159238306961
15 0.999874877424264 -0.0136435596683007 -0.00800517179023114 -0.0842822677594567 0.0136552452012154 0.999905773003967 0.00140690860866396 0.00883282964910144 0.00798522224539047 -0.00151604515630847 0.999966968370844 13.9295193817367
17 0.999834528270278 -0.0145741524759704 -0.0108862370981677 -0.113181805995203 0.0145693071797917 0.999893724572081 -0.000524261073522285 0.010765491151661 0.0108927208194844 0.000365569390820374 0.999940605732245 15.7192657211581
19 0.999835710003831 -0.0117921796196707 -0.0137658091281286 -0.153781567788663 0.0117749134337062 0.999929782583375 -0.0013346596547369 0.00754176289584112 0.0137805810749537 0.0011723491726787 0.999904356017441 17.499367114884
21 0.999791867173549 -0.0118045537274665 -0.0166395566324562 -0.191097914289908 0.011818829815851 0.999929866461323 0.000759881848669763 0.00539459725987848 0.0166294195753584 -0.000956383780363045 0.999861264243521 19.2689583901761
22 0.999770499740364 -0.0115493972547277 -0.0180432611230641 -0.211659714484458 0.0115743041656246 0.999932200616272 0.0012765789368654 0.00669443036212772 0.0180272940838107 -0.00148512415404608 0.999836392153368 20.1461866846136
23 0.999723488419266 -0.0126012022853261 -0.0198533726046079 -0.230551783030548 0.0126269249860699 0.999919591756461 0.00117080612756658 0.00529100584417025 0.0198370226649381 -0.00142116943271239 0.999802216845529 21.0316686208198
24 0.999691488008432 -0.0126983112438272 -0.0213467022052951 -0.253457710791179 0.0127170059124181 0.99991886161244 0.000740238005719967 0.0058725340243818 0.0213355703957073 -0.00101147577157395 0.999771859152203 21.9057463444396
25 0.999671424785037 -0.0125731879469154 -0.0223373546577552 -0.277605997596094 0.0126011716666792 0.999919983254381 0.00111245727334377 0.00638626982956629 0.0223215801609491 -0.00139356858807792 0.999749871230654 22.7573311348381
26 0.999650873600669 -0.0123726939121486 -0.0233462492657061 -0.303575697352292 0.0124471341260898 0.999917892283015 0.00304590616088072 0.00823016410007531 0.023306646293865 -0.00333543665058144 0.99972279913028 23.6249265557871
27 0.999621474163655 -0.0134614272877455 -0.0239937151408141 -0.327714657004481 0.0136001731735941 0.999891670006997 0.00562881339779694 0.0113787855218337 0.02391534403955 -0.00595300142749086 0.99969626291863 24.4784078998587
28 0.999606271167188 -0.0134020659218188 -0.0246513138038728 -0.354295693983521 0.0135823066985975 0.999882129632843 0.00715875587200784 0.0145293873075439 0.024552466026349 -0.00749075896802155 0.999670478178739 25.3255328255183
29 0.999598833743178 -0.0128189594240402 -0.0252556104373589 -0.380260080136281 0.0129735090925165 0.999898047668375 0.00596509268986828 0.0169873814579641 0.0251765692878362 -0.00629035358760842 0.999663229198032 26.1534687200258
30 0.999593174420307 -0.0111528691306804 -0.0262506983237987 -0.407199362554186 0.0112462639224006 0.999930934602609 0.00341285401683809 0.0187672295215769 0.0262108221946752 -0.00370668786202104 0.999649565230222 26.9864834200226
31 0.999572006410788 -0.0108860854634177 -0.0271532160746275 -0.431974079891437 0.0109353267509634 0.999938820291478 0.00166562388822264 0.0219386819018119 0.0271334227247855 -0.00196184030199201 0.99962989578837 27.7939085200836
32 0.999553631262572 -0.0101259061868201 -0.028107014314957 -0.459450763239012 0.0101668312684811 0.999947453728674 0.0013135157019621 0.0225679005152002 0.0280922368593837 -0.00159868866161758 0.999604056825901 28.5654548234331
33 0.999511192210137 -0.0103911542344713 -0.0294855992027597 -0.484075122236783 0.0104196777318752 0.999945382463977 0.000813882629157749 0.0218380125236783 0.0294755315920547 -0.00112071523841258 0.999564873849977 29.340159727357
35 0.999389464188258 -0.010080029359919 -0.0334528306367408 -0.540547587701849 0.0100862572396543 0.99994913226203 1.7415769166285e-05 0.0195964210368978 0.0334509534154531 -0.000354818991412277 0.999440297275971 30.8807797750513
36 0.999323199585248 -0.009967267242423 -0.0354089869160407 -0.569349557556101 0.0100096923766566 0.999949380454548 0.00102107154052431 0.0218593819105235 0.0353970172363 -0.00137481354528082 0.999372383578058 31.6373011401691
38 0.999190507399611 -0.00922913420551346 -0.0391554977535135 -0.635966014823898 0.00942681183359485 0.999943722643973 0.00486690492681155 0.0216845068119215 0.039108376866891 -0.00523207671285962 0.99922127691123 33.1283035068007
40 0.999063559626845 -0.00536074756178349 -0.0429332762704735 -0.710253146666964 0.0055499316535277 0.999975403269305 0.00428848633353253 0.0246942236378553 0.042909230759583 -0.00452274717075323 0.999068737712101 34.5744315871292
42 0.998927037145584 -0.00337223000665857 -0.0461887705435831 -0.788695855686878 0.00359357340466926 0.99998245114598 0.00470995013386846 0.031829592863205 0.0461720769484202 -0.00487087926974846 0.998921625476898 35.9681716257014
44 0.998882088221996 0.000887053857712147 -0.0472629555224706 -0.867709192427994 -0.000548273387900196 0.999974069763648 0.00718047328657459 0.0359249214020331 0.0472680994493923 -0.0071465331301694 0.998856673321384 37.3269510398668
46 0.998991778575297 0.00563391169613059 -0.0445385830260155 -0.941315848640318 -0.00555192081169174 0.999982658540779 0.00196438107715326 0.0380470060708751 0.0445488778115204 -0.0017151258600396 0.999005733631704 38.6342454332692
48 0.999197583353773 0.00732529713358211 -0.0393767627146377 -0.999846243533776 -0.00729808203227727 0.999973020150693 0.000834846902944223 0.0449074597954104 0.0393818158371386 -0.000546802163435306 0.999224085772938 39.9114881253076
50 0.999341781829715 0.0163692532949655 -0.0323736101782805 -1.06359397665727 -0.0161449501425227 0.999843896934302 0.00717790694589612 0.0425247658603364 0.0324860535354091 -0.00665051199485791 0.999450062292209 41.153465187822
52 0.999423490720163 0.0252437299501981 -0.0227033102195452 -1.11100790883984 -0.0250570559046889 0.999650143699264 0.008469601609942 0.0471436594016024 0.0229091716592444 -0.00789584069262471 0.999706369667436 42.353787852602
54 0.999381385184182 0.0336881746910319 -0.0100972190890684 -1.14029179806186 -0.0335705488924911 0.999369020023298 0.0116008648268231 0.0554558280582763 0.0104816599068559 -0.0112547191728571 0.999881726056606 43.4839952681807
56 0.99917229704585 0.0404504247411374 0.00429929696351281 -1.15221851160688 -0.0404971747641692 0.999114520782527 0.0114084704330041 0.0578988524602509 -0.00383401255074015 -0.0115731369888188 0.999925678662169 44.5221025845058
58 0.998598394126737 0.0491534682403938 0.0196261001587753 -1.15170645995117 -0.0493224842124672 0.998749060053575 0.00822238366965678 0.0645811534011402 -0.0191973904115274 -0.00917886714364666 0.999773578666363 45.4853259019281
60 0.998040910222963 0.0515264635786585 0.0354875340421975 -1.12560682028479 -0.051730804880619 0.998649222360598 0.00486358972126141 0.0679607347992001 -0.0351889946961017 -0.00668986021159003 0.999358284311801 46.342295590998
62 0.997314810362897 0.0524257423829622 0.0511342406457159 -1.08114703214503 -0.0528473565715981 0.998578573653433 0.00692741969783563 0.0698367888320887 -0.050698381968393 -0.00961112771067319 0.998667762716869 47.1031404020229
65 0.994915601126509 0.0640478083964431 0.0777227436127233 -1.01994330272862 -0.0647500261459454 0.997880044199364 0.00654610592454912 0.07088078576245 -0.0771387110935618 -0.011545372592019 0.996953521295018 48.1090532433207
68 0.992119147250904 0.0608497133666294 0.109530406925833 -0.915778576256938 -0.0613117317960928 0.998118302344936 0.000852096371765819 0.0673867163496489 -0.109272453995979 -0.00756088005868544 0.993983080283782 48.9232899245728
71 0.985843339398435 0.0650924323763239 0.154518236500019 -0.787671849813366 -0.0648480914093733 0.997873144821514 -0.00662660430254439 0.0603398149045917 -0.154620940380997 -0.003487419010476 0.987967713391658 49.7018299852419
74 0.975908562840268 0.0636099477471933 0.208701345282301 -0.602799280996384 -0.0630214824572641 0.99796719280128 -0.00947495863956241 0.0555841808840031 -0.208879797309198 -0.00390597490160962 0.977933522094491 50.4473873011344
77 0.959901602088232 0.0670226619737292 0.272207415568352 -0.370351087823483 -0.0653725875957652 0.997746111055007 -0.0151367983947511 0.0489290596212534 -0.272608398805833 -0.00326506608885083 0.962119535319783 51.1793382604056
79 0.944050309008358 0.0709186503179483 0.322086260337669 -0.179543297722137 -0.0691018564921819 0.997463285936116 -0.0170858607878218 0.0357810146880991 -0.32248092577788 -0.00612684638354023 0.946556133709372 51.6369588855297
82 0.910321151128257 0.0718550989630221 0.407617770173896 0.18394120610304 -0.0689744893185241 0.997380643418548 -0.0217800816631043 0.0113513029060961 -0.4081150838082 -0.0082883585236755 0.912892864185721 52.3474995193284
84 0.87801215981823 0.0685420247578216 0.473705222742397 0.48623963730765 -0.0623811308493428 0.997638849126814 -0.0287284045307647 -0.00675561034938147 -0.474555836256687 -0.00432637897372201 0.880214769655504 52.7912766271193
86 0.836517511770266 0.0723982552775674 0.543136212321042 0.835246071329055 -0.0613704289435319 0.997375095425424 -0.0384264163878734 -0.0235325917500167 -0.544492537095754 -0.00118813210187557 0.838764845108054 53.2349871653548
88 0.784334449889625 0.0793344054446059 0.615244278989321 1.24266066768758 -0.0653327871978185 0.996836962990891 -0.0452514765732836 -0.0462205766123986 -0.616888237554667 -0.00470333156908487 0.787036708825483 53.7038052903246
90 0.721204049227389 0.0846412353080879 0.687532239726647 1.73198921639699 -0.0684831957906868 0.996356896052177 -0.0508231008849936 -0.0773028272597084 -0.689329218350936 -0.0104305788330598 0.724373130198032 54.1676059112334
92 0.645298643526886 0.0808211756686599 0.759643072913784 2.33099165548296 -0.0618295690832091 0.996651039873693 -0.0535145690973101 -0.114043991114549 -0.761424168942217 -0.0124355250078841 0.648134702564546 54.6183692078607
94 0.556452895294577 0.0800395269571968 0.827015023710423 3.03170603242158 -0.0558856594831147 0.996700731635588 -0.0588595329680768 -0.151779166540597 -0.828997568381488 -0.0134657224667277 0.559090069609566 55.0400218093381
96 0.458952074457938 0.0768463497597325 0.885131420682466 3.83036592442668 -0.0507440446195467 0.996893388017994 -0.0602379852058104 -0.200916091970297 -0.887010730085271 -0.0172688000339006 0.461425783045317 55.3947150502355
98 0.359343747565054 0.0743821767409342 0.930236186604877 4.73284823516013 -0.0534747266658939 0.996821755626628 -0.0590494802471286 -0.249040730238876 -0.931671897555094 -0.0285250642896474 0.362179231891285 55.7231288314011
100 0.263674305230364 0.0714960659955988 0.961958509140824 5.70147946680628 -0.0400874489553035 0.997200049900256 -0.0631273072068079 -0.305089108275833 -0.963778427439388 -0.0219174137634838 0.265802125229238 55.9238769793994
102 0.177901501118499 0.0645950341292071 0.981925932779877 6.74922966759498 -0.0175292472662563 0.997892921993821 -0.0624695263701643 -0.364333935841335 -0.983892159431136 -0.00609899995743397 0.178658951103649 56.028281243406
104 0.106465904918684 0.0669843152502312 0.992057514764292 7.81836166757747 -0.00510688940937671 0.997751927091107 -0.0668207427865285 -0.419541714484316 -0.994303238841354 0.00204780283246403 0.106568643292261 56.1126092870524
106 0.0522683879932156 0.0635366215196401 0.996609809977034 8.92732139157184 0.00916203936353511 0.997901454807174 -0.0640994814988988 -0.486802532797919 -0.998591043746784 0.0124813548782432 0.0515765753914668 56.1570256094574
108 0.0162058767177631 0.0645033138300113 0.997785894901685 10.097619799959 0.0166634933924974 0.997760928895446 -0.0647723456241489 -0.541680420654381 -0.99972981227318 0.0176762913147266 0.0150947400636798 56.1619305383839
110 -0.00919528195755959 0.0650624463600258 0.997838827097528 11.3147494702692 0.0180442350391336 0.997729331994892 -0.0648890257199024 -0.612242004980747 -0.999794905153839 0.0174085654398754 -0.010348404599362 56.1481324351276
112 -0.024462711631414 0.0700420374701445 0.997244046724105 12.5744070803998 0.0271334963760258 0.997221590821057 -0.0693748670249691 -0.681127380565592 -0.99933245174669 0.0253616203613023 -0.0262952295787411 56.097514754091
114 -0.0328406691174874 0.0666564530531056 0.997235382303644 13.8854724768826 0.025265143126418 0.997510099901294 -0.0658427910838566 -0.753518029334804 -0.999141212739579 0.023032973348873 -0.0344429839588962 56.0468014292836
116 -0.0364606137084729 0.0541839102018698 0.997865084830228 15.2832201244281 0.0247260907909659 0.998272236117817 -0.0533025612004722 -0.826508902248509 -0.999029150766983 0.0227298585910445 -0.0377373746600462 55.9974090869995
118 -0.036602966871784 0.0539033929153853 0.997875065851629 16.7434483464901 0.0307496940482438 0.998132125837432 -0.0527893520247062 -0.902587601502381 -0.99885668598259 0.0287521060699654 -0.0381921099760012 55.9407742060249
120 -0.0336429230330209 0.0693494103316466 0.997024981139614 18.1745590689202 0.0325913559684219 0.997135266099408 -0.0682573411216929 -0.971765362962783 -0.998902376234001 0.0301980195959346 -0.0358067363292121 55.8881680363435
122 -0.0294340691458777 0.0657737226274916 0.997400347395788 19.6180313265982 0.0326494561147803 0.997363506654214 -0.0648077820158898 -1.04797791373778 -0.99903335709521 0.0306570221341187 -0.0315039426888672 55.8406755134228
124 -0.024166666908056 0.0575111015449998 0.998052325987789 21.1149018707146 0.0303487832760081 0.997925967453615 -0.0567689601404869 -1.13893906697558 -0.999247178411939 0.0289177571890874 -0.0258619364111048 55.8045243592226
126 -0.0173505443113939 0.06845455536135 0.997503349599578 22.5465025537135 0.0398256779747315 0.996909110683577 -0.0677210484999457 -1.2194689874712 -0.999055991416873 0.0385512501270565 -0.0200231647770723 55.7456349457934
128 -0.011869722031228 0.0654920040274111 0.99778249488923 24.0227063606621 0.029343667828218 0.997445851341061 -0.0651208323111232 -1.30466063014213 -0.999498903879984 0.028505631916865 -0.0137611806082047 55.7431582757361
130 -0.0036522163776942 0.0628494901376676 0.998016333987058 25.5683547906981 0.0380894134615844 0.997307493303489 -0.0626654640361322 -1.40722012409251 -0.999267660788481 0.0377849889525792 -0.00603628297634362 55.7248015387474
132 0.00283439271880725 0.0682232009079839 0.997666056892678 27.1080050667912 0.0342089338240868 0.997079511500497 -0.0682802796753964 -1.49798671660331 -0.999410683885526 0.0343226252463293 0.00049227194234025 55.7379686163269
134 0.0102441678475845 0.0644933602140461 0.997865553826472 28.7016172041398 0.0376290625714262 0.997186230441831 -0.0648357576280778 -1.60017050330178 -0.999239265979428 0.0382129337464746 0.00778851843301043 55.755262458484
136 0.017469457850369 0.0659360167809385 0.99767091755422 30.2931708197226 0.0450878739488604 0.996756165441899 -0.0666650603864864 -1.70088311389538 -0.99883026669459 0.0461474630356426 0.0144398750059738 55.7672472362154
138 0.02355130425375 0.0643995050832343 0.997646249836575 31.8070690467404 0.0470665926635715 0.996745060518714 -0.0654524268960739 -1.79199693953611 -0.998614075568229 0.0484972996833735 0.0204435809102105 55.7946550299743
140 0.030090800507576 0.0638042464194882 0.997508677588148 33.3761536465021 0.0474548372129855 0.996744055341613 -0.0651868588462737 -1.88773136256231 -0.9984200429428 0.0492981366787447 0.0269650063990626 55.8405484537371
142 0.0359891033219005 0.0655280398461727 0.997201514457336 34.9073366456932 0.046445096110373 0.996660033969276 -0.0671686663233643 -1.9804673687685 -0.998272326316514 0.0487324602526863 0.0328254448307493 55.8973504085327
144 0.040909501754088 0.0655484173876685 0.997010440087868 36.4154824853908 0.0426275016119051 0.996822753095671 -0.0672851768006484 -2.07361077367354 -0.998253128606447 0.0452526672002821 0.0379853568984315 55.9684667769346
146 0.0469612826295431 0.0675149918110795 0.996612444139917 37.9358246936188 0.038361318234917 0.99685530714797 -0.0693390645610848 -2.17107247974807 -0.998159830486615 0.041487618534651 0.0442236397332432 56.0487411370027
148 0.0538950709934899 0.0731933275992841 0.995860461167904 39.4618692642256 0.0377822892640589 0.996446310720038 -0.075281129577021 -2.27169972489501 -0.997831558901889 0.0416831698335085 0.0509381331819024 56.1307359805945
150 0.0594812998723991 0.0748231385694401 0.995421253992554 41.0153844710674 0.0280677377663891 0.996667228475294 -0.0765939800510022 -2.3750672415066 -0.997834744365102 0.0324951322199874 0.0571829460577067 56.245990460001
152 0.0672859303438679 0.0764432212600421 0.994801003970718 42.551934665286 0.0296414435819914 0.996467347463191 -0.0785761430845785 -2.48823641885526 -0.997293331171996 0.0347744067247851 0.0647823451011418 56.3472650052619
154 0.0749217349971836 0.0754138437916387 0.994333689356638 44.1682162413322 0.0250900282922631 0.996677986009227 -0.0774821442971512 -2.60111169375402 -0.996873725255764 0.0307529570799531 0.0727807084709494 56.4807209409023
155 0.0798982613385739 0.0752159868983319 0.993961177888746 44.954273631976 0.0256384196362146 0.996664085207313 -0.0774814345274294 -2.66360631808691 -0.996473250656349 0.0316742256855779 0.0777033085112131 56.5439374512717
156 0.0846014675326372 0.0788517778170357 0.993289982244066 45.6708372272054 0.0218953074437471 0.996476051337118 -0.0809695907333624 -2.71713073357959 -0.996174275517727 0.0285985357435874 0.0825768523864576 56.612549477989
157 0.0906650838795815 0.0874070004838354 0.992038234561313 46.4532509982874 0.020132552425822 0.995776460775431 -0.0895763389427053 -2.77968319795292 -0.995677921266677 0.0280937080495918 0.0885224303218927 56.6902602295191
158 0.0979805864193564 0.0921171596681733 0.990915855953263 47.1967866067168 0.01862094472871 0.99536286247933 -0.0943717776369809 -2.84022696552553 -0.995014102966551 0.0276983914988166 0.0958109284270272 56.7660715267738
159 0.105153934588382 0.0951392869424334 0.989894522724855 47.9550049373904 0.0145925211676584 0.995158343102439 -0.0971953212844132 -2.90277227525384 -0.994348886642186 0.0246655272332495 0.103256493257093 56.8606463540288
160 0.112132433395143 0.0933979798854608 0.989294260942718 48.7889110464558 0.0107309961434674 0.995401200152126 -0.0951908422983821 -2.97736854481338 -0.993635327020257 0.0212900936827816 0.110614505415545 56.9666111995934
162 0.127079810217001 0.0880344483006413 0.987978065418263 50.4956606792242 0.0102003386349092 0.995884916146515 -0.0900510237786476 -3.12408186570449 -0.991840045030923 0.0215213778427659 0.125658884957669 57.194317288801
164 0.141902951672443 0.0753272992322635 0.987010309113852 52.1024627460684 0.00545320108079649 0.997025773555248 -0.076875675376103 -3.25158240943379 -0.989865553953981 0.0162912509320985 0.141070125251403 57.4386221718089
166 0.156533472898164 0.0744371245815687 0.98486363845279 53.7343285361682 0.00506743547602664 0.99708227136711 -0.076166037202289 -3.37946275174545 -0.987659654415495 0.0169132672607094 0.155699545376446 57.7029391211824
168 0.167386992721472 0.0848001215019483 0.982237514077383 55.3164245172972 0.00425097255083713 0.996222616364042 -0.0867319311277844 -3.50013848110237 -0.985882104462818 0.0186932618351511 0.166394224845481 57.980165240933
169 0.172396177368855 0.0877746914307696 0.981109148654134 56.0685874701926 0.00280326500029903 0.995974141385499 -0.089597161767299 -3.56669520214305 -0.985023705163457 0.0181965171296766 0.171456079012688 58.1203388309776
170 0.177454847297645 0.0873248148112288 0.980246986166626 56.8353065943452 0.000286014652553758 0.996050820124522 -0.0887844689395928 -3.63390344759227 -0.984128901804122 0.0160355993792433 0.176729070009324 58.2709136451857
171 0.182686993785651 0.0844790702354888 0.979534965682037 57.6073000665437 0.00417488439032264 0.996225961135965 -0.0866972012180929 -3.69915407898772 -0.983162261603795 0.0199278962981642 0.181644835619515 58.4160530878412
172 0.187109619507937 0.0778416080268267 0.9792500571087 58.3660188914291 0.00485150909733664 0.996770098802287 -0.080161293609562 -3.75908296544198 -0.982327060172463 0.0197497897071795 0.186127624654291 58.5637015432431
173 0.19041408625793 0.0717069407149755 0.979081503455078 59.1198018799624 0.00295101751048695 0.997282451501726 -0.0736138806364624 -3.81990752067795 -0.981699428160275 0.0169064064781822 0.189685018306097 58.718542463169
174 0.193509706231192 0.0684056474801303 0.978710713636641 59.860656000366 -0.000754614391776968 0.997576435370671 -0.0695750397072503 -3.87635157699744 -0.981098070608356 0.012724896304877 0.193092342837806 58.8780349088941
175 0.196833420277808 0.068475820386512 0.97804277344303 60.5866063333528 -0.00227735685375973 0.997587296784934 -0.0693858698806136 -3.9289585249774 -0.980434300862379 0.0114301056741815 0.196514463530745 59.0299830807606
176 0.19889707742271 0.0706309752783825 0.97747185019515 61.2951240960888 -0.00427443896160907 0.997452544573089 -0.0712049892650311 -3.97906080934958 -0.980011062062193 0.00998432050237992 0.19869230377606 59.182840210227
177 0.200418284740984 0.0749143062380575 0.976842033218449 61.970775788911 -0.00834140711271363 0.997166548104875 -0.0747615962108046 -4.03019432319834 -0.97967491142157 0.00683535379318146 0.200475299899165 59.3358963858242
178 0.202337689296221 0.0789581760565344 0.976127586908644 62.6491879264362 -0.00961538771179781 0.996856565987069 -0.0786417902111922 -4.08425536097246 -0.979268606567891 0.00652635290914255 0.202460867597389 59.4852185659947
179 0.204402405875391 0.0844993552216093 0.975233056986629 63.3484307086838 -0.0101884496601905 0.996396982386206 -0.084197678027268 -4.13909205145011 -0.978833924609213 0.00727409504983317 0.204526857833714 59.6371838063356
181 0.207475937819159 0.0864708384625888 0.974410862686596 64.6851123028379 -0.0117683624508819 0.996234111073876 -0.0859016971780407 -4.24647190774676 -0.978169331389655 0.00635531497409898 0.207712226650948 59.9332909646503
182 0.207971502145221 0.0834456264332844 0.974568972276779 65.3691574643335 -0.0117063499139052 0.996495356169105 -0.0828249147606078 -4.30552698713688 -0.97806483203679 0.00581657653310648 0.208219479805038 60.0829699941835
184 0.208424874801884 0.0795331800297829 0.974799233092727 66.6798104090146 -0.0106975760223683 0.996813881836764 -0.0790420574426478 -4.41630158395501 -0.977979873735173 0.00604634202401144 0.208611620762277 60.3758192789435
185 0.206936151316892 0.0787369108067499 0.975180972001998 67.3179706866133 -0.0110475430089689 0.996880817744887 -0.0781446543645225 -4.46851340232541 -0.97829207349933 0.00539760029046284 0.207160529154294 60.5177872602506
187 0.202974004595076 0.0823335704605812 0.975716524731364 68.5551345760113 -0.0130385812811065 0.996597595879412 -0.0813832125536475 -4.57159906888608 -0.979097313272186 0.00379671734379748 0.203356917956083 60.7903421824894
188 0.200741690506598 0.0861137513937407 0.975852035665987 69.1547093783705 -0.0112698716766428 0.996266112015361 -0.0855968693480578 -4.62382956970593 -0.979579381002349 0.00618513303765527 0.200962634448201 60.9141850073761
189 0.19913326478249 0.0866275771083289 0.976136059031428 69.7668662002031 -0.00888416743728696 0.996203886508577 -0.0865961204336125 -4.6726707312295 -0.979932147868419 0.00857201198943433 0.199146946209175 61.0361293116613
191 0.194404262142069 0.0826201843258529 0.977435874112957 70.9547699593005 -0.00988482723404193 0.996560992050526 -0.0822707682826879 -4.76794513652497 -0.980871690411927 0.00633200325589576 0.194552390587257 61.2779375616169
193 0.190440900126072 0.0776586286781924 0.978622195206605 72.1146110550091 -0.00624847891492871 0.996941875476743 -0.077896427595654 -4.8717286913693 -0.981678776418448 0.00871976563549199 0.190343756443023 61.5042613292509
195 0.185845677232744 0.0812225853962115 0.97921615380643 73.208941598541 0.0013511549764902 0.996555518824693 -0.0829172616544753 -4.95670998915461 -0.982578016563638 0.0167328874257358 0.185095790995542 61.7079127787199
197 0.182917839267775 0.0856548172026181 0.979389767338619 74.2922236445442 0.000444091487619724 0.996190107062035 -0.087207071814625 -5.04268084001563 -0.983128102975578 0.0163866678039378 0.182182903308527 61.9145135434942
199 0.182463492058157 0.0824271121404872 0.97975142013172 75.390188825288 0.00847344270397047 0.996310859360895 -0.0853983154886351 -5.13203015720848 -0.983176115878882 0.0238839423825604 0.181091917162476 62.1084047416982
201 0.186594226131977 0.0799453361431189 0.979178910109472 76.5097443484514 0.0162511001344996 0.996296058834539 -0.0844397116005473 -5.21751945263658 -0.982302650163699 0.0316686971586906 0.184603892433621 62.3094105838476
203 0.195380862007163 0.0802015852173576 0.977442593961385 77.6146540049637 0.0123529065619029 0.996370285304134 -0.0842238699088995 -5.31123322391218 -0.980649644093552 0.028529989337209 0.193680962532739 62.5384494285636
205 0.209623148591572 0.0793935658507817 0.974553640019909 78.735760270861 0.0115292603256094 0.996428037038693 -0.0836555028647959 -5.39606348186366 -0.977714279189427 0.0287720125245895 0.207959033380098 62.7838595286649
207 0.226605386372232 0.0769154998486535 0.970944903045545 79.8617391245617 0.0084633504522262 0.996683879362853 -0.0809296998470708 -5.48623742802562 -0.973949880931362 0.0265565528871114 0.225202972743567 63.0633557186846
209 0.245824271621539 0.0804149174990354 0.965973016458205 81.0100679049105 0.00196555361077795 0.996509424064762 -0.0834572007026346 -5.57447479878335 -0.969312418202069 0.0224144773247113 0.244808143503269 63.3744636168112
211 0.266046728046467 0.0854087916048186 0.960168983467167 82.2029408121751 -0.00566161341113153 0.99618837599051 -0.0870440444543671 -5.66556437900161 -0.96394350696986 0.0177216776292654 0.265516209510178 63.7264187331737
213 0.286277844573384 0.0878801203659062 0.954108002351354 83.4485865220734 -0.00991849592241902 0.996003393565088 -0.0887629621264656 -5.76726557366182 -0.958095307965264 0.0159475531446442 0.2860053433131 64.1128133729265
215 0.30662184011634 0.0893148829412252 0.947631731659966 84.7257910600175 -0.0148171245176577 0.995915035587165 -0.0890712900571421 -5.8659486552093 -0.951716081604539 0.0132700254939679 0.306692690553087 64.5480021305504
217 0.327995363789783 0.0773384344607008 0.94150826225136 86.0577959421811 -0.0105703254106212 0.996881295874297 -0.0782045405120218 -5.96841466011749 -0.944620193280411 0.015698678006468 0.327789935714518 65.0132133642138
219 0.349157714524638 0.0697109043830452 0.934467377813709 87.4172376560383 -0.00967805370687106 0.99744409100977 -0.0707928003835204 -6.06614420192499 -0.937013994380222 0.0156740269169088 0.34893996505965 65.5258541736715
221 0.367564772923571 0.0617959164398885 0.927942564180024 88.8008307734553 0.00315561109877607 0.997701314277405 -0.0676914293521124 -6.14907109223162 -0.929992569768295 0.0278092107132343 0.366524853148146 66.0602656229142
223 0.381913293078469 0.0477018924250363 0.922966286507276 90.2659332035783 0.0185710908741492 0.998069347131618 -0.059267975332459 -6.23969519828675 -0.92401155358237 0.0397757184138156 0.380290074904619 66.6429935993608
225 0.396741033344168 0.0539504319662971 0.916343769199994 91.6900497064619 0.0231373370068741 0.99736638950115 -0.0687382624865597 -6.32865128374935 -0.917638935582636 0.0484730438913298 0.394447902667358 67.2555581046798
227 0.409329621349575 0.060276941425556 0.910393294910608 93.0631485434055 0.025060984738179 0.996696045968671 -0.0772589088349662 -6.42174241927682 -0.912042328036241 0.0544397123687934 0.406466615587845 67.87260157635
229 0.417649340240177 0.0657622057690493 0.90622533670679 94.4396134247394 0.0108541258696065 0.996945087468126 -0.0773477893981306 -6.53888805076332 -0.908543458811163 0.0421405370820075 0.415659666777868 68.5402935885827
231 0.425834281719623 0.0730616477334973 0.90184652804277 95.8037885457702 0.00679982599725783 0.996447915264985 -0.0839363719163077 -6.65472625289909 -0.90477562239416 0.041875384112054 0.42382487577622 69.1988540724125
233 0.43308667753934 0.0745959456529689 0.898260193167923 97.129192005389 0.00239846099034557 0.996470601195102 -0.0839082137740433 -6.77433296785046 -0.901349087270195 0.0384939715541547 0.431379226471529 69.8534799429376
235 0.440592013494794 0.0687117457821312 0.895073948697076 98.4208218322118 0.00326064117046373 0.996937340299576 -0.0781364686658159 -6.88906434526407 -0.897701534956781 0.037344819024576 0.439018585743543 70.495235647065
237 0.447445814630553 0.069326194639081 0.891619942411825 99.6524739511552 0.000298819364603679 0.996979221204153 -0.0776681607490957 -6.99840504166027 -0.894310993825184 0.0350187267618953 0.446073463791994 71.1323790708432
239 0.452460986993231 0.0680004728138897 0.889187826584574 100.860081865231 0.00335232124063544 0.996951826978796 -0.0779475248224096 -7.10020682009871 -0.891777896783392 0.0382490572528008 0.450853848190144 71.7500586706413
241 0.456093843325771 0.0666307196374687 0.887433802196491 102.016291604571 0.0039667573721736 0.997031054335452 -0.0768982543799713 -7.20312093541955 -0.889922845485089 0.0385930549623829 0.454475417588667 72.3482995984702
243 0.460557489670117 0.0678421407630379 0.885033469788261 103.151261828012 0.00470563898093684 0.996874276137101 -0.0788640256258303 -7.30122377124634 -0.887617403879927 0.0404860656623816 0.458798673512294 72.9417806822769
245 0.466451333906894 0.067068740260707 0.882000531278934 104.265520767668 0.00944995064795245 0.996686564688015 -0.0807873146177893 -7.40181245258336 -0.884496382993866 0.0460182121582775 0.46427198130032 73.5212467616155
247 0.473090107671984 0.0641572681647502 0.878674908577995 105.326797619662 0.0141206650829539 0.996664658682744 -0.0803751513244263 -7.49735606113815 -0.880900877988282 0.0504321630950498 0.470606247392689 74.0885994394247
249 0.479541549455747 0.0629720466647214 0.875256775857484 106.366788463101 0.0154270007671887 0.996662695995604 -0.0801590796984573 -7.59548432404008 -0.877383559221912 0.0519421962341855 0.476969703710265 74.6671691096623
251 0.48698202887211 0.0637827928507361 0.87107993829026 107.409814346495 0.0165488451701405 0.996477091800825 -0.0822164292565963 -7.69031002675512 -0.873255197109721 0.0544532905555786 0.48421090432634 75.2485764223739
253 0.495981588899624 0.0673308224912627 0.865718674752517 108.433639749155 0.0162270744763569 0.996096414896746 -0.0867675877490406 -7.78922897022079 -0.86818140127887 0.0570832074475389 0.492952900286588 75.8321363084463
255 0.507278985144228 0.0802008659507189 0.858041870966561 109.399536630476 0.00742200910014654 0.995216616478471 -0.0974104720554234 -7.88774417634434 -0.861749931831712 0.0557826799813159 0.504257223648945 76.4201401182771
257 0.519608595720778 0.0909852741409648 0.84954610654312 110.344853603497 -0.00139764216727901 0.994402988793652 -0.105644415255253 -7.98786584584125 -0.85440327354795 0.0537063847949726 0.516827505443355 77.030333849299
259 0.530436647400593 0.0904366932170556 0.84288680593208 111.316479087653 -0.0120518255221054 0.994997230798152 -0.0991729005605596 -8.09295939524871 -0.847638906962159 0.0424466161663574 0.528872922524893 77.6777519385317
261 0.541642672353792 0.0862525385942152 0.836172060685775 112.322207499297 -0.0246798546877752 0.995924838983961 -0.0867445667887115 -8.20200585895497 -0.84024646399615 0.0263479540159073 0.54156409136975 78.3713189616388
263 0.554010227744573 0.0879470899351268 0.827851422011431 113.353176727197 -0.0323247646123632 0.995926927698824 -0.0841704477660434 -8.29823605679296 -0.831882069254508 0.0198711865856988 0.554596573011874 79.0918711207895
265 0.566293693643036 0.0952298211865276 0.818683536964625 114.415045148167 -0.0389413165882338 0.995284753100251 -0.0888359955679467 -8.39679440035567 -0.82328307792794 0.0184266492601144 0.567331853675204 79.8462234963281
267 0.578685929122547 0.098385589037346 0.80959426338466 115.508926341051 -0.0443494508622026 0.995024119901313 -0.0892195439510789 -8.49640322025507 -0.814343736786743 0.0157250336849209 0.580169804170996 80.6550795156964
269 0.591985884945328 0.0985926949793762 0.799895113450633 116.64332554985 -0.0510106466405219 0.995082944833808 -0.0848990390416325 -8.60518874989222 -0.804332410110902 0.00945586577635839 0.594104334816374 81.5190744289363
271 0.607008822327862 0.0967411646664477 0.788784784763956 117.782522056644 -0.0518178468031039 0.99526873315598 -0.0821891693277172 -8.70955163966877 -0.793003909428467 0.00901642174420491 0.609149820462995 82.4111097618416
273 0.622255961218892 0.0997945343884461 0.776426796055975 118.929511451441 -0.0574156944459172 0.994987702024063 -0.0818713066474901 -8.81230627681047 -0.7807054225243 0.00636582493220829 0.624866801417779 83.3644380941458
275 0.634165620899962 0.0995107945747139 0.766766957446443 120.109515388627 -0.0593581957779292 0.995022658060638 -0.0800407055187074 -8.91577566992177 -0.770915410315914 0.00524516053638906 0.636915942984938 84.3682432387421
277 0.641732243806755 0.0955252178389516 0.760956411376873 121.360347351684 -0.0546767109275641 0.995386413600491 -0.0788438006548137 -9.03005958762361 -0.764977244459527 0.00899001537113632 0.643994561376675 85.4303709168511
278 0.645237654770244 0.0916150060126173 0.75846889160987 122.007916518968 -0.0490587663539944 0.995703467735837 -0.078535608373862 -9.08851779530741 -0.76240514577908 0.0134645836228433 0.646959889542963 85.9810457944335
280 0.652919548116977 0.0795738016163413 0.753235735864308 123.321990341189 -0.0357114313429682 0.996594261317304 -0.0743274645124799 -9.20409166183952 -0.756584930697247 0.0216307282757807 0.653537569108388 87.0975454240181
281 0.656309347876328 0.0741872674038703 0.750835727203558 123.971816702876 -0.0304364249023453 0.996947347628374 -0.0719000006669961 -9.26001372252444 -0.753877751316029 0.0243358873250348 0.656563858782061 87.6639125521484
282 0.659608175641188 0.0726907306477611 0.748086300038437 124.614333851461 -0.0302835737247888 0.997074362080873 -0.0701827731247157 -9.31568545164247 -0.750999307449587 0.0236384043225146 0.659879736051446 88.2403373710662
283 0.662818565317287 0.0740581780165749 0.745108673778261 125.246412576058 -0.0307526503984094 0.996949676398209 -0.0717329577180489 -9.36939116764541 -0.748148263357074 0.0246318695671175 0.663074239461481 88.8143106811698
284 0.665760574128867 0.0788218697472269 0.741990546290957 125.851898444378 -0.036299824659941 0.99664882213417 -0.0733038066421387 -9.41908781585656 -0.745281947094695 0.0218686576662061 0.666390712080097 89.376350633245
285 0.668708966314391 0.0826379196209505 0.738917649411259 126.456919369927 -0.0427735654974598 0.996434155103509 -0.0727282382420347 -9.46831177847099 -0.742292893988198 0.0170278825423763 0.669859172327101 89.951027148735
286 0.671468276822036 0.0794480514615868 0.736762078516941 127.103316791216 -0.04290764874149 0.996736428621377 -0.0683770834313612 -9.52192416224465 -0.739790028927886 0.0143003139147178 0.672685821257456 90.5582684687708
287 0.674840806831027 0.0768160856714504 0.733954477074542 127.771259752533 -0.0462431996299676 0.997014888928875 -0.0618294245656977 -9.57410689874468 -0.736513035813781 0.00778461535714698 0.676378553651807 91.1905544485565
288 0.678378479256075 0.0711599614831381 0.731258435003613 128.440032828919 -0.0455247881342798 0.997457268341097 -0.0548314827343396 -9.62366922367834 -0.733300847229528 0.00390611254773262 0.679893086990315 91.8219701385411
289 0.682920128116557 0.0671104447927512 0.727403799009178 129.102158403257 -0.0434668921035449 0.997739838241705 -0.0512429944116867 -9.67032323035954 -0.7291986889073 0.00337688986146449 0.684293700621845 92.4491319292428
290 0.687666501190751 0.0640823198584845 0.723193085850262 129.755849099637 -0.037647799633742 0.997904367854136 -0.0526261893012923 -9.7124887271075 -0.725049947467626 0.00896263907522359 0.68863796350332 93.0695440027047
291 0.692845303822772 0.0608587356631742 0.718513464915036 130.399054061373 -0.0270105680268382 0.997923141150435 -0.0584793431163146 -9.75602933845732 -0.720580192751367 0.0211096814264924 0.693050190941807 93.6829248348977
292 0.698219903924689 0.0624236219838798 0.713156544653284 131.033832322409 -0.0212458034887724 0.997559075651694 -0.0665169633932182 -9.80369358574682 -0.71556801325766 0.0312918839853393 0.697841841966455 94.3038845163784
294 0.709741496514436 0.0584057665564526 0.702036875497578 132.330600358305 -0.0158739822024131 0.99763009105839 -0.066949369704764 -9.90798726469165 -0.704283341287075 0.0363726249778712 0.708986605894451 95.6060370770833
295 0.715641007056159 0.0528796532136841 0.696463704219859 132.985229039862 -0.011402082527109 0.997881612331043 -0.0640490459385922 -9.96832768012324 -0.698375215434863 0.0378949871038295 0.714727940141358 96.2761211424961
296 0.721020018517207 0.0497482606096374 0.69112606915364 133.627808651528 -0.00692267602454936 0.997886758149148 -0.0646072323137539 -10.0227579220147 -0.692879650050501 0.0417986659703374 0.71984071992976 96.9396818864693
297 0.725596053242124 0.0518281864820585 0.686166311185149 134.264109267829 -0.00475811237215305 0.997513584909043 -0.0703136422649542 -10.0762225654935 -0.688104445477652 0.0477544449019247 0.72403852460073 97.6125183453441
298 0.729077738880321 0.0531683308891135 0.682362644976719 134.887220748124 -0.00551095337652605 0.99740185773166 -0.0718273178276533 -10.1313489359571 -0.684408708347607 0.0486072297492739 0.727476499382669 98.2892002881251
