0 1 0 0 0 0 1 0 0 0 0 1 0
2 0.999993387017572 -0.00226388961805123 -0.0028461772469728 -0.00943631112644673 0.00225743877181456 0.999994880812675 -0.00226766810515046 -0.0233336227106189 0.00285129642713875 0.00226122803823235 0.999993378456299 1.12590023091319
4 0.999965892027658 -0.00471120523263386 -0.00678375460837158 -0.019903107321017 0.00467474450789835 0.999974597769384 -0.00538057429510261 -0.0481964828906521 0.00680893127564624 0.00534867845502495 0.999962514344247 2.25651098152604
6 0.999917791208882 -0.00830694789627034 -0.00976757086480839 -0.0305959681983963 0.00822734900487272 0.999932848570757 -0.00816143844696908 -0.0715545642968299 0.00983471160240217 0.00808040629054596 0.999918989459585 3.40207902380168
8 0.999884351131892 -0.00886381127078068 -0.012357880534738 -0.0483991516237726 0.00876673380615118 0.999930462056005 -0.00788767588304929 -0.101173917826827 0.0124269360635259 0.00777842543320515 0.999892527903801 4.57901889381666
10 0.999870123400886 -0.00658523238497314 -0.0147095562384859 -0.075931203386946 0.00637278341927703 0.99987538016269 -0.0144433990462036 -0.134386533070854 0.0148028362751287 0.0143477823705543 0.999787486008531 5.78311535484135
12 0.999848021051625 -0.00337278363728878 -0.0171043599612828 -0.108540088145212 0.0030619406591182 0.999830276869349 -0.0181670574050936 -0.162258451837976 0.017162730509716 0.0181119238596005 0.999688650978671 7.03019654870718
14 0.999817972108427 6.13869901492564e-05 -0.019079278828871 -0.147635509616636 -7.78318369653225e-05 0.999999626155137 -0.000861180464286412 -0.186874538858251 0.0190792188309039 0.000862508680741459 0.999817603109476 8.35072383909479
16 0.999771123722463 0.00327740661199107 -0.0211413995899576 -0.187980057463738 -0.00317234810387316 0.999982463193426 0.00500095122119403 -0.217775198316045 0.0211574189879209 -0.00493273874319195 0.999763988004299 9.71150801047801
18 0.999726592614197 0.00505343976436485 -0.022829865671004 -0.236809493384292 -0.00524532570000173 0.999951355873092 -0.00835299023493476 -0.225403402517421 0.0227865437991164 0.00847045654684269 0.999704468724422 11.11762335021
20 0.99969799600351 0.00194671439925677 -0.0244974914963354 -0.278576708475078 -0.00188472061836481 0.999994963842706 0.00255345205856726 -0.238119486602875 0.0245023389650051 -0.00250650997851937 0.999696630379923 12.6223878743486
22 0.999669617419586 0.000712912345629111 -0.0256933408525516 -0.325461692606385 -0.000390731989722951 0.999921266053081 0.0125422893969195 -0.249939364424974 0.0257002594673703 -0.0125281064327903 0.999591188042651 14.2041133505677
24 0.999669268743072 -0.00162337825762118 -0.0256654977299129 -0.367977813086258 0.00185639119056938 0.999957255741398 0.00905762120426395 -0.250886368991522 0.025649696731912 -0.00910227076970567 0.999629552246429 15.8367060019511
25 0.999684905811999 0.000892217045983892 -0.0250857138705989 -0.395770411769771 -0.000752742192533314 0.999984210658987 0.00556882500302458 -0.251539578715533 0.0250902863843018 -0.00554818722337191 0.999669793055531 16.6755665613303
26 0.9997069087365 -0.00232850751547678 -0.0240971923107562 -0.418606347681053 0.00233230638033243 0.99999727177897 0.000129543677731357 -0.259957672849138 0.0240968249248622 -0.000185707744985646 0.999709612108023 17.5308040301332
27 0.999716925581811 -0.00508244617046118 -0.0232430085440028 -0.440314001564398 0.00494198661925997 0.999969203996607 -0.00609654218774575 -0.273497542156233 0.0232732780997279 0.00597994977539718 0.999711255676946 18.4164352860201
28 0.999748723909679 -0.00404943279791842 -0.0220474745715499 -0.466961471019034 0.00379634751726873 0.999926563965453 -0.0115088844711454 -0.285660350146892 0.0220924599466905 0.0114222926882998 0.999690679382001 19.3131418023286
29 0.999756518012228 -0.00269524160996952 -0.0219006932476918 -0.494045086491309 0.00242532247949967 0.999920894372097 -0.0123419126952395 -0.3030999009642 0.0219322252162438 0.0122857914181533 0.999683968475184 20.2230967759146
30 0.999752704232012 -0.00249946902888943 -0.0220971273099634 -0.518447931272665 0.00224196748740043 0.999929386679502 -0.0116702714853218 -0.325606623620847 0.0221247364405668 0.0116178444355783 0.999687712102188 21.1530169924492
31 0.999756422004755 -0.000389241443774969 -0.0220668337408811 -0.546751610187311 0.000102014580194338 0.99991528495028 -0.0130158563232021 -0.349375287260336 0.0220700306586708 0.0130104348082323 0.99967176729806 22.1111861226883
32 0.999757652751384 0.00252023484118317 -0.0218697092204915 -0.578499669513142 -0.00285278660016609 0.999880583079006 -0.0151881924599697 -0.371787594464352 0.0218288197953411 0.0152469012567293 0.999645454462936 23.0729057906817
33 0.999740497425448 0.00601648499879791 -0.021971338506719 -0.611033467580032 -0.00636928297721988 0.999851342072443 -0.0160226711347045 -0.395661128489823 0.0218716721325483 0.0161584548826314 0.999630198770491 24.0258774605511
34 0.999731927821374 0.00773245416308882 -0.02182387791331 -0.643438104051644 -0.00807999309196726 0.999841229829715 -0.0158817141466779 -0.424521279652835 0.021697608305827 0.0160537934837458 0.999635678389176 24.9940290490549
35 0.999721668526375 0.00841885576140983 -0.0220387918568487 -0.673307044714002 -0.00877274961517372 0.999833335184415 -0.0160106439032869 -0.453542617557459 0.0219003274639991 0.0161995284399566 0.999628906612495 25.999710703045
36 0.999715691073068 0.00855580607543923 -0.0222561273517343 -0.703599294598004 -0.00891075094043279 0.999833908985814 -0.0158982061825868 -0.482432203334388 0.022116408839925 0.0160920049883768 0.999625885937074 27.0096591112336
37 0.999698170396468 0.00944131366428752 -0.0226810427945271 -0.733461510614394 -0.00977858110426969 0.999842577126687 -0.0148054150989154 -0.511602023046976 0.0225376897117219 0.0150227348028416 0.999633117689436 28.0155922784816
38 0.999686072330495 0.0100938892759318 -0.0229318596653965 -0.762618017567637 -0.0103900638818003 0.999863668565807 -0.0128331934707304 -0.539910299850034 0.0227991964981294 0.0130674282630638 0.999654659848905 29.0352431453422
39 0.999672572229946 0.0107410254266364 -0.0232245280672719 -0.791934943625133 -0.0110141975088948 0.999871282166432 -0.0116664712784504 -0.567601201457312 0.0230962287916925 0.0119184508909591 0.999662200317668 30.0464261131361
40 0.999671061027774 0.0104599533770735 -0.0234170689658944 -0.82034537247256 -0.0107597065466651 0.999861314463294 -0.0127114340167959 -0.595647194377653 0.0232808603499453 0.0129592135210109 0.999644967138975 31.0561820887842
41 0.999651362386157 0.0116862533692497 -0.0236766797015482 -0.850739057976838 -0.0120120548478686 0.999834471878565 -0.0136652618578555 -0.622571483091959 0.0235130648328073 0.0139449032087593 0.999626267890488 32.0924660673865
42 0.999644829785373 0.011443340456461 -0.0240679089779577 -0.881128942497581 -0.0117523797175168 0.999849797499656 -0.012738289165828 -0.650155571623008 0.0239185253380937 0.0130166201102465 0.999629167114764 33.1420423142994
43 0.999640796673535 0.010888643774967 -0.0244890804776746 -0.912529794696624 -0.0111381464664269 0.99988721065751 -0.0100751008350634 -0.676338121628085 0.0243766141863994 0.0103442447905174 0.999649327154538 34.1994972645863
44 0.999625128872784 0.0113585679550393 -0.02491153668646 -0.945778635524123 -0.0115217810517252 0.999913025244638 -0.00641798313435839 -0.702808909620232 0.0248364709140851 0.00670260248914977 0.999669057654785 35.2727832574346
45 0.999610050674969 0.011482285261801 -0.0254539528315825 -0.97990738068324 -0.0115887890515152 0.999924683874722 -0.00404061212658903 -0.726660617234335 0.0254056402774124 0.00433401698250998 0.999667829700891 36.3252468993449
46 0.99959368132083 0.0115225728659274 -0.0260711061909592 -1.01247247372167 -0.0116202406825974 0.999926010152745 -0.00359780856797712 -0.746889615203838 0.0260277211824122 0.00389929923995238 0.999653616607016 37.3941562977381
47 0.999590093621511 0.0112303636437756 -0.0263348375003046 -1.04836827204487 -0.0113688051320411 0.99992229997109 -0.00511314877505045 -0.768384074858761 0.0262753687625609 0.00541044849847832 0.999640101258166 38.470794232683
48 0.999565941082905 0.0119160346476567 -0.0269432281904435 -1.08963765599515 -0.0120730243552368 0.999911033936781 -0.00567153368980475 -0.789851990104644 0.0268732489655479 0.00599435816018501 0.999620876212719 39.5452154408578
49 0.999544673892943 0.0116211364712003 -0.0278458987890306 -1.12467858921008 -0.0117496877432824 0.999921035304734 -0.00445735269467356 -0.81271589804196 0.0277919004421532 0.00478250376132547 0.999602289877122 40.6203219720206
50 0.999518497563858 0.0117614953497365 -0.0287130676666019 -1.1619896352812 -0.0118373598153512 0.999926876421674 -0.00247360510124612 -0.835780247033014 0.028681874769454 0.00281230096773591 0.999584634247134 41.706940235522
51 0.999501597516746 0.0119156403256695 -0.0292330989992688 -1.20154851114508 -0.0119182535100675 0.999928971493989 8.48542474755558e-05 -0.858473085366832 0.0292320337086138 0.000263595528850286 0.999572618033655 42.8041768705803
52 0.999474098549489 0.0131705166371519 -0.0296321416741345 -1.24215972644025 -0.0131759291595437 0.999913193598307 1.26022854303613e-05 -0.88234951222978 0.0296297353931512 0.000377835341673786 0.999560871593615 43.891343797976
53 0.999442693303429 0.0143077484922678 -0.0301594286330273 -1.2835675170713 -0.0144269179923919 0.999888941719294 -0.00373741417438397 -0.904401063644698 0.0301026051967177 0.0041704388920228 0.9995381136304 44.9620974143594
54 0.99942584804215 0.0155234520409053 -0.0301163859379423 -1.32417061074851 -0.015764011968947 0.999845574898911 -0.00776674202671103 -0.927033691998469 0.0299911685646337 0.00823703780495743 0.999516223488307 46.0418841836981
55 0.999414972773997 0.0162424539421099 -0.0300980877314205 -1.3661472180452 -0.0164933838243785 0.999831103064538 -0.00810762818406222 -0.95250742449537 0.02996131647928 0.00859930431417038 0.999514067674958 47.1300020785643
56 0.999411896635781 0.0166493526998782 -0.0299776569722672 -1.40766901287631 -0.016818806745435 0.999843920826051 -0.0054094109520902 -0.978134827600514 0.0298829148934901 0.00591041807860833 0.999535931498015 48.2078339290549
57 0.999413247551991 0.0172348190158592 -0.0295993518691416 -1.44772548415257 -0.0173399758947963 0.999844206617627 -0.00329965591183503 -1.00319215238622 0.0295378715135428 0.00381097187856368 0.999556396928052 49.2838914996294
58 0.999439824433538 0.015781800890137 -0.0295122363931035 -1.48613337360584 -0.0158511739938944 0.999872118647805 -0.00211816754892899 -1.02441435303931 0.0294750338298981 0.00258478459723844 0.999562174789199 50.360433897374
59 0.999448612718581 0.015826308737522 -0.0291890131153574 -1.52536155144919 -0.0159228499277353 0.999868485826333 -0.00307797035960068 -1.04834736905131 0.0291364614372214 0.00354104548126635 0.999569170999094 51.4584995407119
60 0.999471959286952 0.014983329700217 -0.0288323157272463 -1.56488951322249 -0.015128510997752 0.999873921509548 -0.00482382007420652 -1.0720377963091 0.0287564037058168 0.00525746290638523 0.999572622839229 52.5579508537054
61 0.999475395281803 0.0152178419488687 -0.0285893601310487 -1.60299033146721 -0.0154251946787335 0.999856196228475 -0.0070462921205827 -1.09698878859471 0.0284780195134197 0.00748359204825229 0.999566405125067 53.6576031795399
62 0.999493148475268 0.0141469662992742 -0.0285185815832929 -1.63815344664376 -0.0144208819491436 0.99985161988957 -0.00942212120551832 -1.12773910895472 0.0283810555618461 0.00982860868738879 0.999548855302464 54.7597233557482
63 0.999518906867678 0.0125856674323138 -0.0283470596239666 -1.67369124420187 -0.0129517867870712 0.999834585279758 -0.0127692324545084 -1.15924323217201 0.0281816612899909 0.0131302343367596 0.999516578608478 55.8405452579
64 0.999546655211754 0.0108990049867425 -0.0280659178594736 -1.70646512706304 -0.0113048727241478 0.99983321956565 -0.0143433924048143 -1.19082630871172 0.0279049083081556 0.0146541715319096 0.999503162250639 56.9167472501178
65 0.999565161917108 0.00950013250578237 -0.027914773221325 -1.74371883182435 -0.00984145049234059 0.999878175237385 -0.0121153017364378 -1.22395494752167 0.0277962755388602 0.0123847554005196 0.999536885212265 58.0062342707476
66 0.999584659627021 0.00822319451428693 -0.0276204147382446 -1.77832763798126 -0.00839720342425765 0.99994558433425 -0.00618993902129443 -1.25401430890703 0.0275680106823847 0.00641930233093201 0.999599318399428 59.0782494889389
67 0.99960487218037 0.0070809438255909 -0.0272022011573617 -1.81249499454325 -0.00708989012562956 0.99997483939686 -0.000232446190394071 -1.27739127485079 0.0271998707951572 0.000425214961818647 0.999629924632593 60.15632867191
68 0.999618039811724 0.00536669150421212 -0.0271103874053009 -1.84699754808077 -0.00535655915808242 0.999985553917015 0.000446353297077876 -1.30002835282027 0.027112391206842 -0.000300964413953459 0.999632346247093 61.2581459682585
69 0.99963453787433 0.00213662402957008 -0.0269485718829428 -1.87800677677125 -0.00220804298424078 0.999994128180555 -0.00262071566409532 -1.31990094282865 0.0269428141617318 0.00267926149685939 0.999633385958511 62.3675603390966
70 0.999637475069851 0.00076240601559928 -0.0269135128335319 -1.91198942052866 -0.000921045877536046 0.999982273616293 -0.00588252732094747 -1.3409820630473 0.0269085508800601 0.00590518333818668 0.999620457323317 63.4498740801867
71 0.999635296871202 0.00267478354945394 -0.0268722679018274 -1.95172939328439 -0.00294086699111465 0.999946993928702 -0.0098671492485819 -1.3697521806929 0.0268444510199889 0.0099425784340275 0.999590176314033 64.5476400253995
72 0.999636731191545 0.0029239653461578 -0.0267928363436315 -1.98622579618127 -0.00330645348147064 0.999893102185063 -0.0142425969579579 -1.39847029532873 0.026748327388026 0.0143260123337385 0.999539540164648 65.6533516777509
73 0.999639465152574 0.00595719685021767 -0.0261811289894703 -2.02636104541261 -0.00634658524267769 0.999870109548965 -0.0148150223185428 -1.43044190333081 0.0260894723065254 0.0149758417536128 0.99954742938919 66.7430327447547
74 0.999633646602922 0.00991497732804329 -0.0251846342822118 -2.0716925575112 -0.0101978819632083 0.999886059602298 -0.0111297356866015 -1.46387077685087 0.0250714136579659 0.0113824881978207 0.999620859716131 67.8663452072287
75 0.99962052952462 0.0113581072170893 -0.0250956241875626 -2.10863169109555 -0.0115894375045735 0.999891506051231 -0.00909181307155867 -1.49356975670209 0.0249896356765332 0.00937920716509036 0.999643710819864 68.9686906202506
76 0.999628754906193 0.0108047586953184 -0.0250121881135897 -2.14216120127445 -0.011018053370618 0.99990396978099 -0.00840557649060865 -1.52066762187917 0.0249189659620112 0.00867804158512736 0.999651807745893 70.0619967026483
77 0.999644677276611 0.00931996446928294 -0.024973134661687 -2.17739022318005 -0.00951178922095407 0.999926081285808 -0.00757349524490786 -1.55028199992336 0.0249007039730926 0.00780834340304033 0.999659434364996 71.1542610517303
78 0.999647845641135 0.00835973312320439 -0.0251853045871122 -2.2119928618055 -0.0085183777530361 0.999944506959578 -0.00619840639384317 -1.5776506119379 0.025132089954745 0.00641076153631186 0.999663583507487 72.2654448424891
79 0.999653027341693 0.0068193134037441 -0.0254425213233447 -2.24421867943776 -0.0069247027376837 0.999967796343305 -0.00405644774505021 -1.60500497783581 0.0254140397926432 0.00423122216565417 0.999668056576983 73.3620954988639
80 0.999643795103735 0.00569987927341819 -0.0260728649532413 -2.27904231697399 -0.0057644442270781 0.999980500990723 -0.00240183702531783 -1.63148813700066 0.026058666377127 0.00255127705507248 0.999657159676273 74.448609783479
81 0.999629579246656 0.00491083729164485 -0.0267691608432015 -2.31183894673231 -0.00501029950182797 0.999980787941852 -0.00364974603167626 -1.65913095550791 0.0267507232436094 0.00378251560323873 0.999634979070688 75.5381859040244
82 0.999612937197043 0.00525430864728751 -0.0273197369851977 -2.35001000728883 -0.00546166496092011 0.999956802131801 -0.00752090993144478 -1.68556953894104 0.0272790396487119 0.00766721011719953 0.999598453322564 76.6439690520359
83 0.999596664134892 0.00582842115648871 -0.0277945778384753 -2.38850772877081 -0.00609540533807082 0.999936004913223 -0.00953058822674017 -1.7124025831994 0.0277372508400001 0.00969616341681881 0.999568221449058 77.7056937057178
84 0.999565359960029 0.00784459785684088 -0.0284174849774061 -2.42762600015486 -0.00806965435195319 0.999936911863148 -0.00781364013958017 -1.7428132682333 0.0283543973065318 0.00803956330003708 0.999565602437043 78.7703388778483
85 0.999540895896472 0.00880585292145241 -0.0289905913151767 -2.46731379577619 -0.00890989507152069 0.999954314498123 -0.00346160171064122 -1.77000226876896 0.0289587845099263 0.00371831560177065 0.999573690594542 79.8850733456569
86 0.999514578821551 0.0102963282815194 -0.0294039512157166 -2.50879088103986 -0.0102831115781863 0.999946946998172 0.000600670713292876 -1.79557128967403 0.0294085759506922 -0.00029801502381661 0.999567429865338 80.9762821362561
87 0.999489410521335 0.0112701942825243 -0.0298981768097577 -2.54892041793757 -0.0112372897507997 0.999936055252781 0.00126835506247686 -1.81887954049375 0.0299105595863726 -0.000931732977894864 0.999552144862332 82.041082714592
88 0.999473950165425 0.011226730154734 -0.0304266901051295 -2.58999346636296 -0.011258777673164 0.99993622883852 -0.000882145965479745 -1.83878554989166 0.03041484614505 0.00122424925196445 0.999536611809563 83.1006180014636
89 0.999462336627603 0.0111802420395328 -0.0308227164738842 -2.63057600432648 -0.0112363472998191 0.999935512804657 -0.00164764421069337 -1.86161014270119 0.0308023077422754 0.00199309307977496 0.999523509187115 84.1746905868365
90 0.999453497742769 0.0105809727146711 -0.0313169102268497 -2.67228825992025 -0.0106414579891454 0.999941819763733 -0.00176534967067186 -1.88748483615449 0.0312964090849163 0.0020976424876209 0.99950794627876 85.2293003344563
91 0.999439111262713 0.00947667758124093 -0.0321193938364273 -2.71025865891408 -0.00952698839615945 0.999953617914362 -0.00141368740422761 -1.91128279510128 0.0321045070122212 0.00171889557525585 0.999483039389615 86.2552930645314
92 0.999431762953336 0.00833663871268022 -0.0326596334174246 -2.74997762747226 -0.00834272848414745 0.999965197575486 -5.01922140651387e-05 -1.93278018718303 0.0326580783486431 0.000322634146983014 0.9994665306181 87.2759669071412
93 0.999414139781982 0.00857199034786264 -0.03313454670458 -2.79299696321515 -0.00848426917645753 0.999960123775043 0.00278711972137385 -1.95630085295464 0.0331571165872918 -0.00250436444552468 0.999447013992408 88.2764181653818
94 0.999391080137714 0.00761581137211739 -0.0340509670687651 -2.83355529981091 -0.00749564267900691 0.999965226284058 0.00365534724771966 -1.97826000441087 0.034077621425247 -0.00339788755215488 0.999413412996934 89.2614121368231
95 0.999318530927838 0.00672992156813092 -0.0362930007014363 -2.87201143076614 -0.00659102684279265 0.999970495945773 0.00394532674474796 -1.99806730628014 0.0363184816503284 -0.00370342998476318 0.999333404073417 90.2311541616152
96 0.999198590862481 0.00587600354819437 -0.0395935424120491 -2.91271450653936 -0.00575675807605604 0.999978546580116 0.00312507855457662 -2.01803920498842 0.0396110559678341 -0.00289464364302729 0.999210981366444 91.1490581920817
97 0.999066712203413 0.00573593373432993 -0.0428112558944155 -2.96072997846134 -0.00564248431253194 0.999981428321084 0.00230334185647128 -2.03803977088546 0.0428236726337733 -0.00205963033584124 0.999080522773332 92.0510361204845
98 0.998929337624851 0.00549470353313249 -0.0459345911645974 -3.00895636663882 -0.00538175829297247 0.999982184465086 0.00258213673370455 -2.05668241616243 0.0459479608911184 -0.00233216327012191 0.998941112330667 92.9356667012597
99 0.998767818657534 0.00663347288893401 -0.0491817186717045 -3.06018191085601 -0.00646043450154552 0.999972372762935 0.00367647887468966 -2.07531246620508 0.0492047477396455 -0.00335421351386232 0.998783080579353 93.7806693795379
100 0.998611006503851 0.00751004269703577 -0.0521503302775224 -3.11127734393791 -0.00727284684063712 0.999962334480326 0.00473659365881888 -2.09301305255933 0.0521839380288476 -0.00435073319623582 0.998628012691641 94.5938939577689
101 0.998447814602224 0.00853704451196907 -0.0550370819270355 -3.16809782898319 -0.00820239666965388 0.999946492264641 0.00630343529466217 -2.10882786811738 0.0550879497251097 -0.00584221521693619 0.998464414146264 95.4240848620252
102 0.99828127174451 0.0101120405128913 -0.0577256365995968 -3.22245341998843 -0.00971815529496682 0.999927570655943 0.00710006336357385 -2.12401505388895 0.0577932516979792 -0.00652687358307941 0.998307237266867 96.2405546479622
104 0.997918949567669 0.0139433254616712 -0.0629551726931984 -3.33125006462497 -0.0135590860693908 0.999886771496235 0.00652651298932859 -2.15704588792253 0.0630390456679301 -0.00565931638159009 0.997995015448158 97.7290900994447
106 0.997520611378777 0.0176795789045158 -0.0681180032316699 -3.44350968303699 -0.0177746529079024 0.999841706405287 -0.000789839583749845 -2.19034075891204 0.0680932565568309 0.00199865512869561 0.997676958633987 99.1208740232007
108 0.997258147540376 0.021384505303794 -0.0708441253545343 -3.55175802650255 -0.0217479793318369 0.999753963762581 -0.00436317957342398 -2.22130067338363 0.0707333906957595 0.00589193295277128 0.997477855677389 100.400063028949
110 0.997373157895407 0.027542160739668 -0.0669941287840462 -3.64989380902792 -0.027757568565818 0.999612069563037 -0.00228643198368257 -2.25592528559471 0.0669051664451782 0.00414002001110895 0.997750749905632 101.578117363767
112 0.998066956536522 0.0309950253346295 -0.053867046275337 -3.71747821090167 -0.0309827126680374 0.999519354368899 0.00106384101682511 -2.28537936581228 0.0538741290941529 0.000607162651123281 0.998547549978398 102.667976362039
114 0.999011691618557 0.0305511075239152 -0.032284204163815 -3.74717487270296 -0.0304152535218503 0.999526341599736 0.00469092756816153 -2.30917925180504 0.0324122255118388 -0.00370435923073557 0.999467721019573 103.656860834033
116 0.999556450036336 0.0295231055394634 -0.00391017008113755 -3.74268948454731 -0.0295078859599605 0.999556960872196 0.00389443681580163 -2.33340962485405 0.00402341359192493 -0.00377732858565523 0.999984771849964 104.549956751266
118 0.999002117532921 0.02764810449745 0.0350763664372272 -3.69296497640211 -0.0275286401626938 0.99961346831309 -0.0038843194858757 -2.35803851254251 -0.0351702023811845 0.00291483872169899 0.999377086279095 105.377858898766
120 0.995986625047672 0.0233464145730652 0.0864036321732508 -3.59494705763585 -0.0224263478601531 0.999681152173264 -0.0116040041016698 -2.38030730026033 -0.0866469944533753 0.00961971497076345 0.99619263169132 106.168135003507
122 0.988734685372378 0.0183721509808233 0.148546915181443 -3.44138081034181 -0.0163252303282709 0.999754403668389 -0.0149873013045392 -2.40576929414634 -0.148785781566364 0.0123934020350334 0.988791785357101 106.923292514967
124 0.974881561049571 0.0125718269001345 0.222368817719446 -3.22923116969482 -0.00897086681219212 0.999811887061948 -0.0171963379318159 -2.43566839898436 -0.222543176651608 0.0147695517203588 0.974810953399576 107.652236689061
126 0.952528844569022 0.0112604397198965 0.3042400413511 -2.96451064029267 -0.00564389846127611 0.999797150693789 -0.0193340082429825 -2.4676656400394 -0.304396035904154 0.016699100631336 0.952399177532163 108.328154724241
128 0.919274019347279 0.0132440328968258 0.393395313832952 -2.6506077442407 -0.00630700644539828 0.999801084190586 -0.0189212505143174 -2.4942450885594 -0.393567654949943 0.0149126672314394 0.919174691412491 108.944731182481
130 0.875367246094635 0.0112498827633529 0.483327657601451 -2.27237146897129 -0.00266091352813666 0.999826195480352 -0.0184525979330909 -2.52129067600711 -0.483451242633516 0.014866706733347 0.875245038276147 109.522987209537
132 0.821963603054543 0.0138232887883377 0.56937224373925 -1.83886074581312 -0.000128430148537236 0.999709889852083 -0.0240856728706826 -2.55645206477312 -0.569540006285152 0.0197244218929429 0.82172691839911 110.085252387949
134 0.756566958760096 0.0247868823879313 0.653446284995168 -1.34962384211993 -0.00461032547553243 0.999458688927427 -0.0325741312467325 -2.58632459958301 -0.65389997844587 0.0216319113569873 0.756271696283508 110.601439043359
136 0.678888245138539 0.0299353819089038 0.733631122242428 -0.769892876970424 -0.00430029141312358 0.999313509016897 -0.0367969861551037 -2.61179545234496 -0.734229022925734 0.0218262137418461 0.678550925345488 111.040033488221
137 0.638113675095529 0.0273880721040877 0.769454892220785 -0.446360999774029 -0.000214873346461241 0.999373426275431 -0.0353936249054816 -2.62716015940741 -0.769942135154015 0.022419820715747 0.637719734800132 111.230079397982
138 0.594304283857107 0.0252549656013979 0.803843644561281 -0.115835958649662 0.00144252765677525 0.999471745445641 -0.0324676634484644 -2.63987104877895 -0.804238980218598 0.0204552381632559 0.593953908926134 111.40350794788
139 0.548005230441126 0.0238384750310759 0.836135153260142 0.223415222458591 0.00190222903529793 0.999555728216284 -0.0297443728243241 -2.65603083812343 -0.836472742493063 0.0178905924498852 0.54771642094055 111.561052658019
141 0.44893384209035 0.0173062207432383 0.893397392065582 0.94435411959838 0.00542051845179464 0.999741290257007 -0.022090055114639 -2.69682937032771 -0.893548556825935 0.0147596503630792 0.448723889842572 111.845076724742
143 0.346003234017462 0.022387599951748 0.937966181382814 1.71526900382335 -0.000960100880980346 0.999723200391831 -0.0235074627430009 -2.73430582380389 -0.938232828383102 0.00723311597554791 0.345928954812297 112.056282972161
145 0.248290090311848 0.0296364948104553 0.968232259960535 2.54640237258495 0.000703250707534763 0.999526099255898 -0.0307747029998899 -2.763103404873 -0.968685468297825 0.0083219638090382 0.248151583567352 112.216727962069
147 0.171212880893281 0.0291144238672104 0.984803787431336 3.43702588270929 0.0162497232348552 0.999343869780084 -0.0323693748434698 -2.79774345438704 -0.985100043605224 0.0215448429060614 0.170627441618103 112.324724226762
149 0.112112632763889 0.0289699799730875 0.993273123483722 4.37994101701757 0.0184830058349758 0.999341216633652 -0.0312331751904246 -2.83225274175316 -0.993523596131493 0.0218603064372485 0.111503322517385 112.409129895819
151 0.0620012848135845 0.0213942628881825 0.997846744844586 5.42210292004899 0.00720727999313411 0.999734569036976 -0.0218825635507458 -2.87013285949293 -0.998050046739424 0.00854850793549354 0.0618306333099657 112.481455085744
153 0.0192387661774297 0.0196732267325808 0.999621345323267 6.54743423128237 0.0197307289106584 0.999604216895258 -0.0200526283033345 -2.91123142693268 -0.999620211986845 0.0201090456050518 0.0188429846953622 112.484062827154
155 -0.0121468658708572 0.0274951528488485 0.999548133017782 7.73543782500961 0.0254312224909305 0.999307024525378 -0.0271794712393712 -2.9437460618014 -0.999602774391974 0.0250895855695839 -0.0128376837402364 112.465435919261
157 -0.0295932778346992 0.0317810651104658 0.999056655954727 9.02896243801571 0.0246723212707619 0.999213115406083 -0.0310552179767125 -2.98421967078319 -0.999257481568245 0.0237300210896061 -0.0303541039890201 112.442509439346
159 -0.0317682379739019 0.0269492087146452 0.999131882789098 10.3990024003108 0.0327715620324774 0.999127042967675 -0.0259070788129597 -3.03442075380714 -0.998957858859915 0.0319200902305102 -0.0326236733322762 112.394296171226
161 -0.0285921192622882 0.0268699395556229 0.999229952045258 11.8263290479236 0.0278478185536637 0.999272051814443 -0.0260742298899947 -3.08887785576471 -0.999203177395815 0.0270808569072553 -0.0293195748822428 112.369781831773
163 -0.0265116277652622 0.0288749857171463 0.999231389015113 13.3252291892245 0.026499963222899 0.999251751818715 -0.0281724765758079 -3.1429422919574 -0.999297195804342 0.0257326968478634 -0.0272569765475699 112.336135719606
165 -0.025017031688201 0.0270008371355172 0.9993223218359 14.934152283021 0.0249075213712077 0.999341696160475 -0.0263778258059076 -3.20519386934272 -0.999376687493087 0.0242307471838003 -0.0256730868081807 112.308982771214
167 -0.0254993527883212 0.0235799114156735 0.999396703409115 16.5476310442885 0.0262988477027835 0.999391594069135 -0.0229087824525743 -3.26548558022667 -0.999328851588346 0.0256988225719111 -0.0261039633300175 112.273857686049
169 -0.0276276064791496 0.0207515307131125 0.999402866382369 18.1963357761856 0.0229687887142332 0.999533715629179 -0.0201192958506863 -3.32646655391337 -0.999354366631394 0.0223992252899353 -0.0280913616824916 112.234139784334
171 -0.0300835274704212 0.0166629492288827 0.99940848880622 19.8705467202335 0.0267496881372074 0.999516347528423 -0.0158595462735526 -3.37990476176598 -0.999189389234843 0.0262567543012553 -0.0305147061933251 112.185980896924
173 -0.0326366802039293 0.02046378640497 0.999257764819087 21.6072650603935 0.0211282428026105 0.999581080012206 -0.0197803396761973 -3.43918033358388 -0.999243936414598 0.0204669960571544 -0.0330553718940816 112.149736320937
175 -0.0346700265915956 0.0266789084277292 0.999042654295222 23.3241327864637 0.0226280941145122 0.999408316442375 -0.0259034048449773 -3.499920959646 -0.999142611749135 0.0217083594710162 -0.0352532057576942 112.094539656848
177 -0.0372504512140046 0.0202978929276931 0.999099794528579 24.9996172130749 0.0163420452266176 0.999672365608537 -0.0197002283347797 -3.56414182258003 -0.999172328200779 0.0155934916336009 -0.0375699557693188 112.045648409776
179 -0.0378923779160638 0.00935197479932378 0.999238063858268 26.6748999784205 0.0115258493463206 0.99989377930779 -0.00892103684724832 -3.61716917221858 -0.999215353411222 0.0111790280855204 -0.0379961424140798 111.989600633246
181 -0.0368937653715766 0.0147364757084144 0.999210531549985 28.407697841418 0.0117590779608241 0.99982843910885 -0.0143114092483135 -3.68118063093398 -0.999250005835486 0.0112217927648289 -0.0370607232110347 111.935961287611
183 -0.0353790611403022 0.0311871796155447 0.99888722179256 29.9784529321551 0.0160544106299249 0.99940170899715 -0.0306346201690462 -3.73122139731377 -0.999245003956566 0.0149527215316721 -0.0358585859542699 111.884165213073
184 -0.0339571327443755 0.025727276641812 0.999092098043207 30.7561102786872 0.0178023502885815 0.999525582405997 -0.0251333730357761 -3.76288786787475 -0.999264724414899 0.0169327302154293 -0.0343990288739084 111.852940046736
185 -0.0330624669503028 0.0180734695943069 0.999289859338112 31.6019243923878 0.0208573125078992 0.99963121987201 -0.0173895592855531 -3.79704142815173 -0.999235630766892 0.0202675591530307 -0.0334272381729397 111.824371542319
186 -0.0328270878203285 0.015103061673764 0.999346926664267 32.415678407674 0.0220173334904892 0.9996541022488 -0.0143844667303034 -3.8269804006621 -0.999218504297837 0.0215307544044584 -0.0331482621500718 111.80290858019
187 -0.0330913166689135 0.0157530045115617 0.999328178132678 33.1999466279527 0.0209538173608443 0.999666943889524 -0.0150644891246545 -3.85394758101259 -0.999232656741725 0.0204412363480581 -0.0334103809831132 111.781576905179
188 -0.034051792728236 0.0165809001049562 0.999282517191061 34.0504070947752 0.0179552213455774 0.999711144358116 -0.0159761657670548 -3.88471850020066 -0.999258768006779 0.0173983216976395 -0.0343396704072836 111.761631491242
189 -0.0361472508375054 0.0168238008304891 0.999204851860972 34.880393943765 0.0158913043452695 0.999741539303351 -0.0162579530560194 -3.91363831622331 -0.999220117242991 0.0152909880969723 -0.0364052603331135 111.738334772578
190 -0.0381453638231668 0.0167568951607201 0.999131691862174 35.7115557233524 0.0155498757570929 0.99974827689677 -0.0161735650330463 -3.94504633603172 -0.999151206065797 0.0149194271509276 -0.0383963293916352 111.71464165615
191 -0.0403335217572784 0.016936614752931 0.999042720860007 36.456717537126 0.01439258152431 0.999762446857696 -0.0163677564186103 -3.97367458435126 -0.999082609507203 0.0137186345466183 -0.0405677020110222 111.685312791833
192 -0.0424518957005431 0.0173002244006365 0.998948716795371 37.2368965418767 0.0126617480947125 0.99977908978359 -0.0167765242730172 -4.0004568643512 -0.999018276452747 0.0119362417529436 -0.0426615687264198 111.657593181302
193 -0.044741895617572 0.0163220491313462 0.99886523289616 38.0265356098936 0.0108653355853358 0.999815329891688 -0.0158508862904854 -4.02870916660538 -0.998939491290221 0.0101438072600865 -0.0449109776681145 111.629237035413
194 -0.0466935180488284 0.0152308314754041 0.998793140317249 38.8785795885519 0.0115605396574574 0.999825026782127 -0.0147061124348479 -4.06129380600227 -0.998842364587652 0.0108599075818293 -0.046861424565009 111.598063943446
196 -0.050755485385384 0.0163105303967585 0.998577912484284 40.4775918637628 0.0110643044129807 0.999814452878286 -0.0157683538630293 -4.11801461686436 -0.998649819441806 0.0102482395497584 -0.0509265325246064 111.532106692924
197 -0.0517550814119154 0.0164269331605393 0.998524695445729 41.2556590462004 0.0115046817247668 0.999808163881847 -0.0158517422897583 -4.14413406160339 -0.998593537855347 0.0106673006026957 -0.0519341395557287 111.494337338424
198 -0.0528067660923872 0.0152591170124384 0.998488159570691 42.0159719860711 0.0135870135860368 0.999801671068797 -0.0145606177703593 -4.17127985156585 -0.998512312651515 0.0127975730528238 -0.0530036188130669 111.453051372856
200 -0.0559450191999011 0.0141830783140645 0.998333108294151 43.5662927303053 0.0125781643168283 0.999829762415949 -0.0134994803486999 -4.22641622280537 -0.998354618664702 0.0118019691917571 -0.0561138923445457 111.380279531011
202 -0.0580253258167833 0.0120685950522537 0.998242160288435 45.001678905825 0.00993881806811117 0.999884354805478 -0.0115107302393192 -4.27335999974511 -0.998265636721642 0.00925343334649942 -0.0581385630372542 111.3085839843
203 -0.0589974795667247 0.0117167119048677 0.998189368840859 45.7394674632727 0.0100200347998357 0.999887694122278 -0.0111444176807953 -4.29984651532108 -0.998207842238972 0.0093443996582057 -0.059108255664025 111.270262105882
204 -0.0593304164157973 0.0141798379201069 0.998137682829622 46.4367941897342 0.0101279793669592 0.999856191302824 -0.0136022331751948 -4.32558312558888 -0.998187019411629 0.00930209169861381 -0.0594654972917912 111.234694159345
205 -0.0591965155402054 0.0168786965520729 0.998103642990347 47.1393925305706 0.0100244386895289 0.999816679471151 -0.0163131260106879 -4.35210896486092 -0.998196014406418 0.00903974855755117 -0.0593548630624161 111.197766650547
206 -0.0594145690664953 0.0185194946247774 0.998061589933951 47.8802596406034 0.00811801279567882 0.999803793309256 -0.0180685570168918 -4.37870801870086 -0.998200384116783 0.00702874122914734 -0.0595532530248502 111.163039999743
207 -0.0595246729949366 0.0194791554396662 0.998036760749925 48.6168172567989 0.00890394328754374 0.99978017499957 -0.0189821355954079 -4.40589953046738 -0.998187123288403 0.007756557302539 -0.0596850292789939 111.125986071156
208 -0.059534577695096 0.0193740391635468 0.998038216034414 49.3175317690283 0.0104446170861997 0.999768997722863 -0.0187845991744292 -4.43249350046917 -0.998171600493918 0.00930579382485201 -0.0597231794925563 111.088176844779
209 -0.0598707850302351 0.0189192467493194 0.998026828899054 50.0045277844708 0.0112375463855496 0.999769786774128 -0.0182781564947516 -4.45746439257717 -0.998142878876114 0.0101210452055299 -0.060069607896603 111.050871949196
210 -0.0602486927179324 0.0188941146031824 0.998004562844851 50.6945901073254 0.00738723046628982 0.999801899289039 -0.018482180717358 -4.48310575076059 -0.998156061871999 0.00625896248534634 -0.0603763325881008 111.019522558155
212 -0.0599632754838884 0.0178435732587032 0.998041087574357 52.0451355184766 0.00701139116956143 0.999823080318767 -0.0174541816124245 -4.53424472884324 -0.998175959431558 0.0059510465679067 -0.0600777750722836 110.948253184161
214 -0.0648135302674577 0.0166667161568284 0.997758200601136 53.422546932489 0.00411849363613892 0.999856466712352 -0.0164342320678925 -4.58385776955449 -0.997888893767457 0.00304410020202643 -0.0648728691328015 110.875990988843
216 -0.0758844668881034 0.0200929077648745 0.996914150136641 54.7752926338253 0.00400367582575325 0.999795028159917 -0.0198462149185619 -4.63499472647922 -0.997108578974723 0.00248530164441162 -0.075949358198379 110.787032883157
218 -0.0897513120012661 0.0246219712381617 0.995659811645724 56.1350021394862 0.00553842748435643 0.999691252481369 -0.0242224179889614 -4.68359099332756 -0.995948807828521 0.00334039587153547 -0.0898599685086163 110.672662885411
220 -0.101351318350962 0.0224170493834143 0.994598102836248 57.4795886012827 0.00134406068822926 0.999748270944896 -0.0223961658226956 -4.7393741348059 -0.994849789550859 -0.000933080721527348 -0.101355935154182 110.549899758259
222 -0.109906916724919 0.0223001286899757 0.993691689567963 58.8791168277587 -0.00295433837482478 0.999736534420946 -0.0227625488195748 -4.78994463359635 -0.993937493779558 -0.00543746304879501 -0.109812077909509 110.41333068535
224 -0.114247606994144 0.0162197319401306 0.993319890363574 60.3357831982127 -0.000335425877672722 0.999866024854347 -0.0163652018455802 -4.83945362146599 -0.993452249373664 -0.00220287034486866 -0.114226860136535 110.254590853929
226 -0.117361770022011 0.0130924193780819 0.993002922197175 61.7494358584016 -0.00177188942277786 0.999908741318887 -0.0133928877376018 -4.88401400858781 -0.993087647363099 -0.00333130438521971 -0.117327861422251 110.099332231822
228 -0.118038177183323 0.0209716083626488 0.992787580688801 63.1788290747161 0.00591537535070183 0.999774074606925 -0.0204158780934503 -4.92805508944237 -0.99299143856415 0.00346285814754164 -0.118135564296918 109.925330259818
230 -0.119270681350601 0.0269584608100495 0.992495715840082 64.6839322866983 0.013815360863192 0.999579592941615 -0.0254906488519905 -4.98370357619881 -0.992765652293825 0.010671399412857 -0.11959297997871 109.742985948647
232 -0.119760235417502 0.0198049634121046 0.992605283804691 66.2150732779558 0.0122047271196067 0.999754827884044 -0.018475084803071 -5.04282745643559 -0.992727823045512 0.00990189612094191 -0.119972587721236 109.572643363001
233 -0.119867475525041 0.0178237479809009 0.992629891912977 67.0002033108279 0.0143751172601978 0.999765171638908 -0.0162159668715969 -5.07192321193711 -0.992685823569074 0.0123254040801305 -0.120095545709456 109.477800083991
234 -0.120787906749795 0.0174332781370779 0.992525245218679 67.7583788308882 0.0144281645750301 0.999770993950276 -0.0158046740767812 -5.09886144447392 -0.992573478212066 0.0124113040842901 -0.12101177579446 109.388069574183
235 -0.122559254714638 0.0182891471944546 0.99229266659524 68.4880966058052 0.013133843145625 0.9997725239987 -0.0168048332778003 -5.12527653228876 -0.99237428989672 0.0109730283954849 -0.122771582215973 109.30287532464
236 -0.124672319400831 0.0189170726045552 0.992017619369379 69.208171671653 0.012570739302984 0.999768098148625 -0.0174850346770411 -5.1515212940056 -0.99211833431733 0.0102904950490686 -0.124881209247234 109.216425285611
237 -0.1268751598472 0.0191023507723742 0.991734739740782 69.9504683395577 0.0136863441169882 0.999753083809276 -0.0175058675464558 -5.17765581771924 -0.991824267599084 0.0113521631776435 -0.127105273662147 109.126069831557
238 -0.12861366148802 0.0192360554036619 0.991508194747352 70.7117437363769 0.014180671998545 0.999745308007024 -0.0175564136317766 -5.20566192197141 -0.99159338169449 0.0118022578538007 -0.128853684810476 109.030649056324
240 -0.132407327464402 0.0191880127171643 0.991009646674391 72.2053177804816 0.0114146903602393 0.999775825692013 -0.0178326443870282 -5.25409038514471 -0.991129660779918 0.00895089547588883 -0.13259667036719 108.845189753496
242 -0.13425390863735 0.021083967269199 0.990722642488696 73.7344260584609 0.010655961644127 0.999746538860195 -0.0198320074248568 -5.30589471784353 -0.990889670193929 0.00789457796541577 -0.13444455043517 108.651516536216
