0 1 0 0 0 0 1 0 0 0 0 1 0
2 0.999993384231808 -0.00226386236580218 -0.00284717751554355 -0.00943589117934915 0.00225740760724875 0.999994879570722 -0.00226824673083395 -0.0233333818181606 0.00285229793518273 0.0022618044844566 0.999993374296532 1.12590026732605
4 0.999966417775838 -0.00472635752191103 -0.00669513742446028 -0.0191969261827983 0.00469074749233567 0.999974822738838 -0.00532454471229006 -0.0481427390577891 0.00672013456118851 0.00529296070315134 0.999963411509878 2.25417887357639
6 0.999918601414428 -0.00829643456754909 -0.00969328215210779 -0.0303686186988777 0.00821793259829239 0.999933340052871 -0.00811055081480247 -0.0712921520361755 0.00975992465257381 0.00803023188805568 0.999920126433407 3.39968153331838
8 0.999884127014102 -0.00885452484287064 -0.0123826465286597 -0.0480754219914436 0.00875730250221596 0.999930575237654 -0.00788380350962693 -0.101105663331549 0.0124515942003995 0.00777445140834455 0.999892252048773 4.57980547455239
10 0.999869153495552 -0.00656262583445792 -0.0147853924616467 -0.0761472917225133 0.00634905537770969 0.999875499034785 -0.0144456196042307 -0.134253443273843 0.0148783528624236 0.0143498561698807 0.999786335295699 5.78462892286566
12 0.999845975766327 -0.003374892965779 -0.0172230903542502 -0.108553439786836 0.0030619223419721 0.999830301559725 -0.0181657015983546 -0.162316755965874 0.0172814749212231 0.0181101678749333 0.999686637123898 7.03445234719597
14 0.999817342095498 5.00241033674822e-05 -0.0191122982051683 -0.14803351038688 -6.65034223850068e-05 0.999999626609756 -0.000861601788727254 -0.187559966604685 0.0191122479679656 0.000862715443590296 0.999816972100231 8.35323220569484
16 0.999770564646127 0.00328331422799101 -0.0211669061236012 -0.188469298475599 -0.00317652665335485 0.999982068362997 0.00507667517995176 -0.218764860915517 0.0211831948861733 -0.00500827316971467 0.999763066658432 9.71859650765206
18 0.999727405157158 0.00502931010582582 -0.022799592487467 -0.237967788151227 -0.00522026437173255 0.999951732347124 -0.00832356989974462 -0.225948855542266 0.0227566301904378 0.00844032083786826 0.999705404990155 11.1202347529178
20 0.999699408163149 0.00199958797158641 -0.0244355267222654 -0.279701182753855 -0.00193672875313354 0.999994755315509 0.00259584730131629 -0.238708059147609 0.0244405891906772 -0.00254774202360682 0.999698037714686 12.625710207378
22 0.999674619688345 0.000737092067881226 -0.0254972831149976 -0.326920516394961 -0.000417997315216373 0.99992156040546 0.0125179197375295 -0.250085006733321 0.0255045099777931 -0.0125031888570166 0.99959651371901 14.2046345919028
23 0.999663745054936 -0.00119102839444161 -0.0259032483311304 -0.345615570529769 0.00148965366532127 0.99993262227022 0.0115122479020984 -0.251590971540906 0.0258877916149286 -0.0115469637206327 0.999598164201064 15.0080442259151
24 0.999673024706661 -0.00158332284813436 -0.0255213001744626 -0.367762059471515 0.00181365480089745 0.999957814217944 0.00900446782076956 -0.251076625788209 0.0255059665588197 -0.00904781041084906 0.999633724319398 15.8317979852753
25 0.999688872063937 0.000945159771451405 -0.024925202998951 -0.396797493430751 -0.00080693076446957 0.999984244030816 0.0055552275254378 -0.252043564711602 0.0249300608557989 -0.00553338622585295 0.999673883675372 16.6758660404264
26 0.999707524159978 -0.00226095935085656 -0.0240780854874309 -0.419648076453253 0.0022639253936573 0.999997432716754 9.59255603503816e-05 -0.259951101090173 0.0240778067883727 -0.000150408493607185 0.999710076270889 17.5324250207458
27 0.999717275672933 -0.00505591355443206 -0.0232337353694937 -0.440748421790746 0.00491516632321076 0.999969247928337 -0.00611100136239512 -0.273470355532407 0.0232639175786179 0.00599507595999671 0.999711382951664 18.4180681790002
28 0.999748357667419 -0.003997640681496 -0.0220735183031716 -0.467471127413462 0.0037439655489097 0.999926614171551 -0.0115216749384413 -0.286301639171609 0.022117957936197 0.0114361331052142 0.999689957334939 19.3132771038235
29 0.999757342660049 -0.00262909805266388 -0.0218710685780791 -0.495684393411913 0.00235919839582186 0.999920864380335 -0.0123571501493293 -0.303760383543926 0.0219018259569085 0.0123025534062404 0.999684428807131 20.2215786657782
30 0.999753946702381 -0.00246306657852434 -0.0220449394656094 -0.520542056447316 0.00220587922064515 0.999929315659281 -0.0116832265246237 -0.325989941578397 0.0220721577983793 0.0116317233543229 0.999688712981162 21.1540781538026
31 0.999757539031675 -0.000799307300211328 -0.0220050961635807 -0.551380410880594 0.000511400961415159 0.99991424201687 -0.0130861407941992 -0.349746482665255 0.0220136688987835 0.0130717144884965 0.99967221060803 22.1035393010149
32 0.999761216283353 0.00201205405836662 -0.0217591832129877 -0.583617407521301 -0.00234302439528146 0.999881791609366 -0.0151958232658424 -0.37273407391389 0.0217260362770863 0.0152431770477749 0.999647750410702 23.0640894997132
33 0.999746737655257 0.00550825169344034 -0.0218201675280542 -0.614988115391055 -0.00585823421682487 0.999854700521827 -0.0160080897132585 -0.396113044767236 0.021728820481827 0.0161318631189526 0.999633743604516 24.0195015539206
34 0.999735241686686 0.00715730952653118 -0.0218682292379973 -0.646516494766334 -0.00750597658319834 0.999845353722542 -0.0159037402826292 -0.425194607693282 0.0217510194059187 0.016063672051753 0.99963435895082 24.9904716352128
35 0.999725867338967 0.00787080720647261 -0.0220508631864999 -0.678060847818599 -0.00822452770870457 0.999838219593272 -0.0159966179089317 -0.455064829937654 0.0219213894933681 0.016173590648775 0.999628864953492 25.997264731141
36 0.999721333631171 0.0080740993860865 -0.0221825156782748 -0.709282601755699 -0.00842718963219524 0.999838543339368 -0.0158704041509493 -0.484021955585475 0.0220507949429568 0.0160529178691927 0.999627963929716 27.0047609628189
37 0.999705210994316 0.00900199583280898 -0.0225489507923744 -0.739639946700576 -0.00933694480108792 0.999846977733016 -0.0147933288996939 -0.512312404394965 0.0224123308156976 0.0149995062978476 0.999636284974805 28.0094268344807
38 0.999693237316918 0.00952823504286126 -0.0228614085258981 -0.767542271560002 -0.00982307701860485 0.999869575558081 -0.012819478584934 -0.541240543131782 0.0227362798343654 0.0130401154239913 0.999656449471028 29.0297298471382
39 0.999679527985627 0.0101506456381712 -0.0231906386191283 -0.796445474174578 -0.010423291015794 0.99987761959239 -0.0116662265817094 -0.568952002214973 0.0230693808073559 0.0119042106577459 0.999662989930997 30.0409840977824
40 0.999678442973361 0.0100160691166142 -0.0232956865923185 -0.824519830514748 -0.0103124777160197 0.999866950271734 -0.0126386137554401 -0.597811483440062 0.0231659978786349 0.0128747859692427 0.999648726517737 31.0490130459717
41 0.999658995788213 0.0113337586076469 -0.0235252641967022 -0.853968846962557 -0.0116557462889294 0.999839644325905 -0.01359519079292 -0.625008821035148 0.0233674071764318 0.0138647592864563 0.999630798210909 32.0801961552357
42 0.999651089022649 0.0110860856729261 -0.0239749644480496 -0.883187514419455 -0.0113933756153366 0.999854201874392 -0.012718725809229 -0.652574825273023 0.0238304680592 0.0129874438814972 0.999631649705783 33.1220714145291
43 0.999647195665541 0.0104197007551387 -0.0244318242092829 -0.915114905474717 -0.0106684417726594 0.999892354950008 -0.0100728775764777 -0.67871397159885 0.0243242378742545 0.0103299733155848 0.999650750563984 34.1889498438555
44 0.999631250354236 0.0110624378611231 -0.0247989069072872 -0.950529021354889 -0.0112240859386758 0.999916598972519 -0.00638866136782316 -0.704686531255959 0.0247261644835734 0.00666465061351948 0.999672045834098 35.2616873830718
45 0.999616631730675 0.0111977775161692 -0.0253219143454326 -0.983302628095003 -0.0113034335762664 0.999927980122727 -0.00403323159137656 -0.728170093928745 0.0252749274342377 0.00431790995518909 0.999671212797894 36.3142646176746
46 0.99960533465644 0.0111573870848344 -0.0257815368010869 -1.01646534167368 -0.0112534145356117 0.99993026048542 -0.00358257265791953 -0.749297545901745 0.0257397666593214 0.00387128906163843 0.99966118136763 37.3643375940627
47 0.999600638456986 0.0108439281279353 -0.0260954559098291 -1.05131121482173 -0.0109793077932446 0.999926972553991 -0.00505018409484818 -0.769998769678148 0.0260387863919742 0.00533467728797461 0.999646698999935 38.4401237990639
48 0.999580158817731 0.0113673773247065 -0.0266512444489485 -1.09058436688504 -0.0115202428803805 0.99991801871507 -0.0055892622863352 -0.79113603977239 0.026585524292308 0.00589394449296517 0.999629166899614 39.5208497965428
49 0.999556229691222 0.0109282994650261 -0.0277112965461921 -1.12734407586012 -0.0110534682746712 0.999929369389409 -0.00436773071509059 -0.813754279543181 0.0276616074111597 0.00467209838310583 0.999606426035832 40.6002089285814
50 0.999530017383678 0.0109706873360839 -0.0286249605826378 -1.16449253016673 -0.0110441846852781 0.999936105082998 -0.00241075425547599 -0.836707852869863 0.0285966839619762 0.00272576059416715 0.999587314793241 41.697233688865
51 0.999515606660847 0.0110582284927506 -0.0290906793320493 -1.20434210876456 -0.0110578034811189 0.999938845223058 0.000175488321482439 -0.859318560882342 0.0290908408880004 0.000146275699077633 0.999576761224394 42.7908174329474
52 0.999486154909189 0.0123130048020084 -0.0295941895917236 -1.24467861098312 -0.0123152741146624 0.999924158560641 0.000105594866014785 -0.882794806937253 0.0295932453158806 0.000258919950412099 0.999561990469892 43.881325991547
53 0.999456963896829 0.0136133830276412 -0.0300075510609613 -1.28728541983189 -0.0137280066636565 0.999899224081675 -0.00361711402999831 -0.9049877801087 0.0299552858637014 0.00402709366741562 0.999543127316384 44.9501209663389
54 0.99943831003357 0.0149659645765826 -0.0299847351419673 -1.32725286990511 -0.0152011288186075 0.999855342061352 -0.00763024468921757 -0.928376164879773 0.0298662036402612 0.00808176067881911 0.999521232903258 46.025447147086
55 0.999431679471322 0.015579882879883 -0.0298928974604724 -1.36640327606397 -0.0158240202744366 0.99984320296945 -0.0079479467880792 -0.952662044157586 0.0297643822628222 0.00841645562223486 0.999521507934307 47.0950935457625
56 0.999433789845633 0.0159911214828759 -0.0296037792944615 -1.4080854910236 -0.016151097977144 0.999856182277311 -0.00517269716616035 -0.979255594730465 0.0295168045175622 0.005647901872378 0.999548327723834 48.1671578181681
57 0.999434385495587 0.0166532032601528 -0.0292160899203577 -1.45055014049951 -0.0167497411190045 0.999855022702142 -0.00306263771034537 -1.00469767751079 0.0291608515222845 0.00355026738071019 0.999568427042401 49.2352133425497
58 0.999458855117127 0.0152359617645267 -0.0291523995079742 -1.48850587725967 -0.0152987264031399 0.999881102768746 -0.00193113862752759 -1.02518205139757 0.0291195106140973 0.00237608818580871 0.999573113037025 50.3283683311496
59 0.999470206073435 0.0152245942338944 -0.028766628268521 -1.52702177828232 -0.0153113170793295 0.999878863329237 -0.0027968261885593 -1.04916636611568 0.0287205630310799 0.00323579941375346 0.999582242169864 51.4214249841222
60 0.999490255992026 0.014497708716447 -0.0284437096555297 -1.56342959650205 -0.0146339826287576 0.999882388312111 -0.00458869215465107 -1.07194526004289 0.0283738388205797 0.00500259784931725 0.999584863473503 52.5219770791429
61 0.999493051236446 0.0147227856460338 -0.0282290650372798 -1.60129266517676 -0.0149211772239916 0.99986534443759 -0.00683018762187506 -1.09750613768382 0.0281247044483719 0.00724793594899415 0.999578145231363 53.6290407511936
62 0.99951264649951 0.0136289608843975 -0.0280841754865021 -1.63741858044146 -0.0138940206226095 0.999860551860549 -0.00926461138190255 -1.12784779034375 0.0279539921743493 0.00965029835449334 0.99956262738419 54.7262573410609
63 0.999535546870572 0.0120883690188283 -0.027974307437553 -1.67395060874796 -0.0124442568931687 0.999843391790293 -0.0125830188611139 -1.15911472100244 0.0278178182559834 0.0129252941067876 0.999529442167528 55.8034017457611
64 0.999556249183806 0.0104960661027371 -0.0278771826762948 -1.70670437203983 -0.0108961389231296 0.999839259000136 -0.014238339742614 -1.19118204964096 0.0277232551149463 0.0145357751229584 0.999509946107294 56.8874612271056
65 0.999576943633341 0.00880706623657664 -0.0277194758415836 -1.74134792152226 -0.00914239773133313 0.999886274689221 -0.0119939256223521 -1.22338565508869 0.0276106921381862 0.0122422739888042 0.99954378413716 57.9648423130802
66 0.999594366199545 0.00746766630367537 -0.0274833953889906 -1.77796533688724 -0.00763782867617383 0.999952276244127 -0.00609169986966005 -1.25342415026022 0.0274365929962898 0.00629914233571134 0.999603698557879 59.0536722690018
67 0.999612401739507 0.00640781351653797 -0.0270921799512503 -1.81446471718478 -0.00641142733063998 0.999979445506258 -4.65250631909496e-05 -1.27807610378698 0.0270913249612783 0.00022020657314345 0.999632938443361 60.155830383399
68 0.999624458659208 0.00468719813294933 -0.0269994782162291 -1.84925032589199 -0.00467204012879195 0.999988890974785 0.000624474222587016 -1.2999561229657 0.0270021053127549 -0.000498097061017509 0.999635252583659 61.2457458565044
69 0.999641243268753 0.00151311461248488 -0.0267412647470464 -1.87871614215888 -0.00157823913428985 0.999995839862865 -0.00241441881178967 -1.31970950137633 0.0267375002073331 0.00245575673331309 0.999639472680791 62.3395431317578
70 0.999644819329408 0.000137231358035334 -0.0266498847170087 -1.91253910318266 -0.000287566496620493 0.999984068571201 -0.00563736723107752 -1.34087758504627 0.026648686522707 0.00564302856118742 0.999628933022285 63.4189557204256
71 0.999643161030047 0.00202658871102789 -0.0266353814324347 -1.95093922358455 -0.00228419898860186 0.999950878272427 -0.00964486791938523 -1.36836510614782 0.0266145268760394 0.00970226676598054 0.999598685962905 64.5124448342416
72 0.999643534167145 0.00215656532465082 -0.0266111597609071 -1.98543980447003 -0.00252919240999065 0.999899118822071 -0.0139769583457834 -1.39569972641792 0.0265783329720518 0.0140392807809743 0.99954814331856 65.6152880965053
73 0.99964724795087 0.00515142056384868 -0.0260546067025633 -2.02164881164683 -0.00553099695860614 0.999879318266933 -0.0145174713602863 -1.42817916872027 0.0259766767869716 0.0146564582429454 0.999555101280003 66.707827976874
74 0.999640465757395 0.00897184209267203 -0.0252674745434405 -2.06439358598291 -0.00924901228793685 0.999898100512271 -0.0108740224226951 -1.4608831996705 0.0251673397886397 0.0111038120218167 0.999621583583782 67.8283381182295
75 0.999632305363771 0.010315511667766 -0.025076767976434 -2.10310289575719 -0.0105406279252741 0.999905179688962 -0.00886153452435048 -1.48946387937594 0.0249829789267144 0.00912260106644514 0.999646251888002 68.9319407041376
76 0.999639479144158 0.00977018823705512 -0.0250091015074329 -2.13969595065268 -0.00997521146420201 0.999917549598111 -0.00808635653140851 -1.51668944238694 0.0249280342714989 0.0083329123072975 0.999654518161068 70.0327472877772
77 0.99965333915736 0.00829934201025495 -0.024986444999977 -2.17528842311098 -0.00848403646502006 0.999937401029298 -0.00729487135135327 -1.54587303422027 0.0249243382419728 0.00750432841561468 0.999661173807521 71.1276936186505
78 0.999657810061163 0.00737323532288115 -0.0250977725026129 -2.21086467497956 -0.0075255088742981 0.999953812986732 -0.00597817777245385 -1.57113563743975 0.025052534799943 0.00616500560986106 0.999667126200481 72.2364569661469
79 0.999659396857885 0.00577419960923388 -0.0254509114297073 -2.24453508068824 -0.00587403280666179 0.999975337997576 -0.0038495629907963 -1.59830743433201 0.0254280556141507 0.00399775130624341 0.999668661093353 73.3507530668977
80 0.999650316534604 0.00447198528127941 -0.0260623483191859 -2.27691598002567 -0.00453097937520708 0.999987304105886 -0.00220496098455619 -1.62412937296628 0.0260521568813025 0.00232227790886175 0.99965788755311 74.4303295703127
81 0.999634003604255 0.0036386111493743 -0.0268070764357401 -2.30997224446614 -0.00372977529269146 0.999987427922055 -0.00335153309692105 -1.6523812919286 0.0267945444893917 0.00345029081924667 0.99963500732961 75.5192251148285
82 0.999620451678267 0.00418580737927212 -0.0272292416919898 -2.34690493311883 -0.00437939835180399 0.999965530903857 -0.00705392615802216 -1.68061648686087 0.0271987767484749 0.00717049654837403 0.99960432698275 76.6128241675841
83 0.999602860483279 0.0047387811323942 -0.0277788636741253 -2.38290191647458 -0.00499162558604835 0.999946681627227 -0.00903977746987752 -1.70787205860208 0.0277345450234015 0.00917484910368898 0.999573217506486 77.6711480201139
84 0.999573888777496 0.00679812998140174 -0.0283870798602142 -2.42198998826586 -0.00700848654049277 0.999948667194771 -0.00731738285263861 -1.7368442724755 0.0283358781520168 0.00751321530080995 0.999570222448227 78.7446587782635
85 0.999544817247938 0.00779307620637368 -0.0291449185284102 -2.45769581497405 -0.00788558111035281 0.999964225224196 -0.00306037290633959 -1.76322927000376 0.0291200261562049 0.00328880449638815 0.999570511690719 79.8338628767923
86 0.999519397904726 0.00926573379180313 -0.0295824168970907 -2.50015394276313 -0.00923992182820994 0.999956801820239 0.00100912736960913 -1.78810470797972 0.0295904892960967 -0.000735303161262266 0.999561835142018 80.9283091932853
87 0.999497870466683 0.0104264288995938 -0.0299215058606318 -2.54312152436729 -0.0103808807167275 0.999944710634475 0.00167719697167714 -1.81087804158301 0.029937338694533 -0.00136574321834039 0.999550844378289 81.9990181504862
88 0.999481430918867 0.0103974604292207 -0.0304755978611891 -2.58320333406291 -0.0104171319876226 0.99994562172405 -0.000486781321863404 -1.83016984730302 0.0304688793611871 0.000803997217442329 0.999535392559437 83.0518212081189
89 0.999464741105934 0.0103520116533092 -0.0310333230701935 -2.62233052585306 -0.0103962547650267 0.999945157775521 -0.00126464546344692 -1.85173333412023 0.0310185295091485 0.00158659888355788 0.999517550386722 84.1180120559633
90 0.999454091281593 0.00964122681202146 -0.031600097563844 -2.6637941708852 -0.00968949822975786 0.999952110639375 -0.00137479158966759 -1.87698909245206 0.0315853295778407 0.00168023016835784 0.999499646714315 85.1744888134306
91 0.999440729921253 0.00853935924540665 -0.0323312034751345 -2.70219617365792 -0.00857722540648011 0.999962681689838 -0.00103268194230806 -1.9006729142088 0.0323211784871637 0.00130941641406586 0.99947667649118 86.2063922660187
92 0.999431493280605 0.0072569994767565 -0.0329245531100234 -2.74317426516878 -0.00724818458306492 0.99997365664855 0.00038707774104617 -1.9217628766555 0.0329264947899138 -0.000148214446493083 0.999457764977254 87.2374671973541
93 0.999410755665857 0.00743100108614833 -0.0335100236087412 -2.78434405176214 -0.00732998248913702 0.999968216602723 0.00313642169966412 -1.94598700227628 0.0335322652994049 -0.00288894569468547 0.999433460104605 88.2505386692559
94 0.999390066540137 0.00660530082207733 -0.0342908865728412 -2.82492984375919 -0.00647224462821064 0.999971095456209 0.00398977462797223 -1.96683322857381 0.0343162490720386 -0.00376540212451167 0.999403930748957 89.2354872587828
95 0.999315900216108 0.00575291872146131 -0.036532663486996 -2.86480827415143 -0.00560142675500975 0.999975289999258 0.00424775343066664 -1.98553351358254 0.0365561977450895 -0.00404021250477487 0.999323431672318 90.1937663121398
96 0.999192974058553 0.00474259328595072 -0.0398861931117586 -2.90653876458717 -0.00461491189719053 0.999983930536793 0.00329260631824225 -2.00391113502259 0.0399011676546641 -0.00310587783240336 0.999198804213999 91.1094780063309
97 0.999051280281676 0.00456096273622667 -0.0433097793398085 -2.95005413383822 -0.00445875306643805 0.999987043035874 0.00245627389778827 -2.02395267305339 0.0433204211502691 -0.00226083597086971 0.999058671816664 92.0098576685378
98 0.998912133690931 0.00438042404080123 -0.0464258661766703 -2.99965323700274 -0.00425748661845072 0.999987164945776 0.0027465890488443 -2.04248347163735 0.0464373015228603 -0.00254594362315605 0.998917962196267 92.9077488513471
99 0.998756911415989 0.00550995231675409 -0.0495406128773256 -3.05001288985683 -0.00532497330136172 0.999978352617423 0.00386509455064301 -2.06109465801307 0.0495608369393993 -0.00359648745482613 0.998764631292004 93.7530417590943
100 0.998609355335586 0.00644923896151806 -0.0523236347462782 -3.10466782518524 -0.00619677342204388 0.99996837002862 0.00498587419225309 -2.07910876726333 0.0523541348453065 -0.00465470290376972 0.998617733822846 94.5800774458913
101 0.998440236123571 0.00737290802768517 -0.0553419833103497 -3.16017443426121 -0.0070243293901045 0.999954264988131 0.00649051066292676 -2.09486875519813 0.0553873061822566 -0.00609164667898159 0.998446362182071 95.4200612143137
102 0.998271066050418 0.00895342255977004 -0.0580922964860999 -3.21353270916139 -0.00854274161995997 0.999936761797389 0.00731395732601304 -2.11040505031069 0.0581541077842085 -0.00680504449789544 0.998284423958024 96.2157185704189
103 0.998098402506429 0.0110425083263292 -0.060643564571834 -3.26817219615307 -0.0105856970990512 0.999913165534571 0.00784884753068808 -2.12671232098534 0.0607249695845325 -0.00719196777633211 0.998128625813558 96.9693093526099
105 0.997733267505855 0.0141554374682575 -0.0657871606179545 -3.37798440874891 -0.0139821958925613 0.999897460315546 0.00309306523435124 -2.16027126368153 0.0658241985147737 -0.00216620511590239 0.997828884351061 98.4162821649484
107 0.997362088683443 0.0183506684919358 -0.0702290326211258 -3.48674538965737 -0.0186192589660491 0.999821615730881 -0.00317173656611983 -2.19062263661037 0.0701583013802021 0.00447098235164678 0.997525850825058 99.7264927826766
109 0.99727199872162 0.0227578804270282 -0.0702185121193463 -3.59086530867154 -0.0230719785339493 0.999727087622119 -0.00366525321429722 -2.22383195540615 0.0701159352238468 0.00527533440314644 0.997524900177745 100.961547874436
111 0.997666307410835 0.0293517596586712 -0.0616474919373736 -3.68000114266533 -0.0294419798316207 0.999566336632567 -0.000555422851175519 -2.25742841082205 0.0616044550403896 0.00236915087927403 0.998097829996282 102.102265927706
113 0.998562999807835 0.0301921444856927 -0.044276063805767 -3.72997976521339 -0.0300554596952138 0.999541199266889 0.0037497080711744 -2.28130933689381 0.0443689616430977 -0.00241358228877862 0.999012297153168 103.137698515306
115 0.999394951624878 0.028986511202774 -0.0192227166394291 -3.74242128838982 -0.0288966145702841 0.999570208409837 0.00493802854297893 -2.30337000296629 0.0193575910971581 -0.00437956936310932 0.999803032121382 104.0518879454
117 0.999528943840986 0.0273996987910839 0.0138255896901508 -3.71683364440978 -0.0274166240374081 0.999623556740703 0.00103611556177398 -2.32760627750128 -0.0137919958858007 -0.00141467848778748 0.999903885148099 104.902541345289
119 0.997939639115423 0.0248071517794038 0.0591699408717975 -3.64602215541165 -0.0243527242954088 0.999668230282314 -0.00838893220967109 -2.35193625764715 -0.0593584155918114 0.00693069872525639 0.998212674690925 105.738415744848
121 0.993035511896805 0.0198622152659804 0.116129085575403 -3.51941433535419 -0.0185226424772018 0.999749005107256 -0.0126031148020202 -2.37500529160942 -0.116350263547244 0.0103643230256008 0.993154165767182 106.521730770884
123 0.982810469117996 0.0152361606207947 0.183987611543827 -3.33739574877955 -0.012452787067127 0.999790018921757 -0.0162740947119495 -2.40132934389966 -0.184196932347761 0.0137031921087772 0.982793830179913 107.238186920702
125 0.964861385745435 0.00959557243566946 0.26258414134717 -3.09553507409134 -0.00513661516360859 0.999830815700077 -0.0176622524379047 -2.43182236982187 -0.26270919565569 0.0156928316804554 0.964747435110241 107.928248506797
127 0.937158069780337 0.0125070331117681 0.34868083739766 -2.81172117609579 -0.00613224683857312 0.999793377022698 -0.0193803717781851 -2.46204487643367 -0.348851182876457 0.0160242748444665 0.937041127604016 108.563589897282
129 0.898814436349847 0.0119526334642052 0.438166342343152 -2.46473228613742 -0.00486900254820871 0.999838721327903 -0.0172865308136013 -2.4857472244493 -0.438302295023984 0.0134039504122632 0.898727674153886 109.180435128113
131 0.850059751132635 0.0113844521093614 0.526563209647705 -2.0588332747962 -0.000888640680145125 0.999795941856603 -0.0201813023566528 -2.51649983874164 -0.526685513206946 0.016687387370068 0.849896406205307 109.75323063702
133 0.791059636071412 0.0181087399473566 0.61147095247124 -1.60210347042673 -0.0011445623312625 0.999603826395381 -0.0281225929242416 -2.54940949687818 -0.61173796854179 0.0215467815051752 0.790766965705531 110.309927014824
135 0.719465607375149 0.0289015082474667 0.693926467736553 -1.07223710194639 -0.00622663744723809 0.999362056768635 -0.0351668661848572 -2.57049118321621 -0.694500157516475 0.0209805222095308 0.71918658837426 110.789900627131
137 0.638971207904466 0.0266279363005818 0.768769632905385 -0.460850946672316 0.000180149128402629 0.99939546801115 -0.0347658750079152 -2.60167327215767 -0.769230630575382 0.0223528863269735 0.638580132369818 111.202952668804
138 0.594156428710123 0.0248055573462173 0.803966928764595 -0.128822172693262 0.00163920695604359 0.99948493910005 -0.0320494853737834 -2.61430034730973 -0.804347842182092 0.0203602759537444 0.59380974052309 111.365563775609
139 0.548222148951659 0.0230651585824438 0.836014637346973 0.216553595607756 0.00267028902995397 0.99956625988513 -0.0293285126753802 -2.6274387389252 -0.836328491057982 0.0183109409594415 0.547922772373862 111.525234163132
140 0.500400704236869 0.0203479218373163 0.865554791608335 0.573100990339853 0.00428086252295963 0.999653419817555 -0.0259752663725734 -2.6450992704951 -0.865783350160596 0.0167033626545403 0.500140168613486 111.670517673869
141 0.449484461660558 0.0166671502854711 0.893132646826372 0.9373168829405 0.0064666291950987 0.999739010838276 -0.0219110226817311 -2.6633431653466 -0.893264743193513 0.0156242218835934 0.449259370807066 111.77921144853
143 0.346083033146492 0.0217531863677204 0.937951668824666 1.72202076137569 0.000458012205088391 0.999727132370122 -0.0233548930169492 -2.69841288991072 -0.938203775516249 0.00851232552622234 0.34597863506464 112.024404437363
145 0.248587633944177 0.0290460683206056 0.968173803697018 2.55546666892674 0.00157114477419548 0.999536870482701 -0.030390394037364 -2.72774166952022 -0.968608135292149 0.00907581736057107 0.248426870094809 112.194700366249
147 0.171795645325826 0.0284446679735152 0.984721867895173 3.43716089198976 0.0168263579059176 0.999352517115253 -0.031802833443427 -2.76498363070956 -0.98498889837739 0.0220328708815912 0.171205790421966 112.280350730505
149 0.112553168733961 0.0284652806388829 0.993237892957218 4.38410512572153 0.0191958501030884 0.999340746508737 -0.0308154459026515 -2.79890457449845 -0.993460267724263 0.0225344217922075 0.111932552404234 112.360693689257
151 0.0634445378682691 0.0206655451273599 0.997771379555092 5.41790375155141 0.00836387769502607 0.999739459644835 -0.0212381350159487 -2.83279367720635 -0.997950317483082 0.00969268144746699 0.0632551639138933 112.441449720058
153 0.0206696535578622 0.0187855180787255 0.999609858761063 6.52805305077894 0.0206544575354048 0.999602058230587 -0.0192124585905019 -2.87238774682296 -0.999572988233334 0.0210435142428128 0.0202734235539146 112.447377738554
155 -0.0112331768470233 0.0266330283682763 0.999582161474413 7.73054285646901 0.0258947487339104 0.999317732637493 -0.026334980999951 -2.90755410291425 -0.999601559485544 0.0255881034114435 -0.011915168394703 112.428964780256
157 -0.0287555061586535 0.0310089408523714 0.999105383056649 9.01444959961748 0.025411138693557 0.999218359545742 -0.0302810828243141 -2.9482743917524 -0.99926342617743 0.0245176575946866 -0.0295210021884973 112.405372783621
159 -0.030836388006884 0.0261886786156532 0.99918130000869 10.3598316033863 0.0335426442127992 0.999120749678495 -0.0251519100884087 -2.99640596499727 -0.998961464819291 0.0327395887916732 -0.0316877126320232 112.352771873651
161 -0.0275996090620572 0.0260106380456614 0.999280595372531 11.7617273709402 0.0288341752270223 0.999266156101458 -0.0252138773137577 -3.04771770543776 -0.999203108441221 0.0281175386311363 -0.0283293505525202 112.325148297483
163 -0.0253074697002402 0.0279700396963171 0.999288351206376 13.2873963831352 0.0275787869197127 0.999247583407846 -0.0272704522444677 -3.1010289976526 -0.999299225702396 0.026869014365383 -0.0260598077050531 112.295298307747
165 -0.0242507180863518 0.0262971910048622 0.999359975393026 14.8258227914227 0.0260072603990354 0.999332232835075 -0.0256653623274805 -3.15621523554996 -0.999367562550853 0.0253682116460322 -0.0249184421473145 112.269202916414
167 -0.0243975014407036 0.0227166064220042 0.999444204403687 16.4325615725836 0.0274187891592429 0.999380903704292 -0.0220458456910544 -3.21564177602319 -0.999326258998778 0.026865686364963 -0.0250052588798357 112.23278704311
169 -0.0265382400296759 0.0198794858360656 0.999450112741512 18.0807359633494 0.0240893838521212 0.999524623482415 -0.0192413263046542 -3.27455862246606 -0.999357505301157 0.0235655064709138 -0.0270045089386355 112.19405467227
171 -0.0289293528747854 0.0158711874168655 0.999455450709148 19.7192466048762 0.0279719334076903 0.999495223616021 -0.0150621681771302 -3.32409452761301 -0.999190003694834 0.0275209625329338 -0.0293586978181759 112.147107490853
173 -0.0316478446373492 0.0195632303488717 0.999307607270218 21.4429646040659 0.0223655497879413 0.999571947915256 -0.0188600934139818 -3.38058714727453 -0.999248815917484 0.0217531827376589 -0.0320718401138551 112.109942042405
175 -0.0337517541892025 0.0258133921957215 0.999096836083721 23.188226211925 0.0238452932032063 0.99940262882435 -0.0250157448626127 -3.44047365024576 -0.999145745665369 0.0229794317233493 -0.0343471197695986 112.062030031508
177 -0.0363218606993467 0.0194175792997958 0.999151480031668 24.8707736967965 0.0175596827795389 0.999669255181157 -0.0187892997802593 -3.50226966830593 -0.99918585857488 0.016862320708806 -0.0366508139649606 112.017717807768
179 -0.0368300218436914 0.0084528105476464 0.999285794697813 26.4909235005632 0.0128605137165708 0.999885425770422 -0.00798389120972181 -3.55274946374258 -0.999238788617585 0.0125572817818339 -0.0369345095583049 111.962781750126
181 -0.0356970897677227 0.0138934607588391 0.999266075442501 28.1903721098423 0.0132411925970018 0.999822161678401 -0.0134281731943994 -3.6138884599478 -0.999274931438153 0.0127521278566473 -0.0358747074469392 111.910729134661
183 -0.0342621199531521 0.0303864892742544 0.998950833828123 29.7996956648405 0.0173175146701967 0.999405665481075 -0.0298063666013938 -3.66549957239447 -0.999262833703908 0.0162781164117592 -0.0347679752663552 111.862051959341
184 -0.032907996639107 0.0249780747537614 0.999146215295237 30.6158477726683 0.0189542813186112 0.999523470691559 -0.0243632254924273 -3.69711260918191 -0.999278639307824 0.018136353500509 -0.0333657564699066 111.834349303131
186 -0.0316033257636359 0.0142707136814975 0.999398607429337 32.2935775598409 0.0231608681088928 0.999640032672071 -0.0135417601449569 -3.76199525571468 -0.999232107164857 0.0227189746776079 -0.031922471716304 111.781126109594
188 -0.0328515874451361 0.0157189386443162 0.999336624051291 34.0045286689108 0.018837772779581 0.999708438203822 -0.0151055255049036 -3.82157926434401 -0.999282698498798 0.0183290357621627 -0.033138118971811 111.745722736638
190 -0.036935456604239 0.0157231192995817 0.999193952926522 35.6894171782594 0.016387674665897 0.999751291454968 -0.015126114939671 -3.88130891250314 -0.99918327456202 0.0158157754667465 -0.0371839358043815 111.700134311481
191 -0.0393873376782883 0.0160276666554332 0.999095466675832 36.4963106985073 0.0150008195734082 0.999768154677791 -0.0154470807692212 -3.91213562398039 -0.999111411726812 0.0143788314458131 -0.0396186340439741 111.676896131378
192 -0.0413642005664898 0.016378248715461 0.99900988777915 37.2573778828045 0.0134320930070736 0.999784395941832 -0.0158347879264404 -3.93793112198483 -0.999053843288211 0.0127638003839186 -0.0415752764370239 111.652543496028
193 -0.0433268084721932 0.0153916149002079 0.99894238365302 38.0361231081092 0.0117296092564357 0.999820240665985 -0.0148963962522442 -3.96639199765307 -0.998992094029931 0.0110717905225955 -0.0434995577025621 111.625517669576
194 -0.0453033208409428 0.0142916489100849 0.998871041672655 38.7751727090406 0.0125357624555132 0.999827062897199 -0.0137367739305399 -3.99350118384165 -0.998894620958809 0.0118992886254046 -0.0454746429317237 111.590852809918
195 -0.0472960756360628 0.0143890681303545 0.998777270440096 39.6012440302926 0.0122773149686832 0.999829083687665 -0.0138228415835312 -4.02341987465882 -0.998805460921489 0.0116085369717147 -0.0474646510867693 111.556418711021
196 -0.0495059803460862 0.0152298658643282 0.998657703668143 40.3894036441377 0.0118597797325779 0.999822203521027 -0.0146597056946324 -4.0486858925222 -0.998703411196071 0.0111181172917483 -0.0496778012116001 111.52078749261
198 -0.0516700544934539 0.0142213779692435 0.998562946377092 41.9598587913956 0.0142326793018779 0.999807536234054 -0.0135026415741597 -4.10346651977721 -0.998562785361308 0.0135145439525811 -0.0518625181920465 111.444766224349
200 -0.0547053809712861 0.013156669876329 0.998415856910612 43.5242688079376 0.0132636283902004 0.999834540303492 -0.012448621531348 -4.1575049166505 -0.998414441729843 0.0125616103215061 -0.0548708346156455 111.376255126792
202 -0.0566827639192984 0.0109333864146252 0.99833237217671 44.9707133786343 0.0105956045785837 0.99989031114504 -0.010348857033006 -4.20395519768418 -0.998336014294828 0.00999133323354745 -0.0567923922909823 111.307660754391
204 -0.0575790773855367 0.0131652263439203 0.998254139316609 46.3928624505218 0.0110057889918198 0.999860655239331 -0.012551602011022 -4.25355474356392 -0.998280282513933 0.0102638647540242 -0.0577159477459495 111.232862546882
205 -0.0576936141965576 0.0158390649437904 0.998208681039514 47.1019777931716 0.0109192322100271 0.99982433845734 -0.0152336008968833 -4.27957491925944 -0.998274620156639 0.0100207908893662 -0.0578564300753972 111.196227830989
206 -0.0578903465788614 0.0175357178053327 0.998168926772433 47.8679972379231 0.00897739743759132 0.999814437529363 -0.0170439679385578 -4.30576416740712 -0.998282582292322 0.00797427795444801 -0.058037029411216 111.162094518107
207 -0.0579757517892983 0.0185082241465709 0.99814641102566 48.5888988931236 0.00971159743809828 0.999791276786648 -0.0179746414852797 -4.33195063968898 -0.998270753392919 0.00865150277491159 -0.058143395326294 111.126974215605
208 -0.0579877325311695 0.018350464358689 0.998148627877489 49.2890361807729 0.0111471006827322 0.999780619604801 -0.0177328736816638 -4.35766810938798 -0.99825506010351 0.01009817411522 -0.0581795656332711 111.089164322938
209 -0.0583589537419837 0.0178884261567804 0.998135379959941 49.995617521094 0.0118831416292548 0.999781053289308 -0.0172231364374167 -4.38279493748876 -0.998224936306021 0.010855859862591 -0.0585587469425679 111.052453347728
210 -0.0586920375406021 0.0179135979380985 0.998115398006786 50.6923833622535 0.008077661003189 0.999814773678286 -0.0174691078007853 -4.40725929114999 -0.998243455336448 0.00703714029631737 -0.0588258662018659 111.021464817392
212 -0.0584847022510304 0.0168716479739247 0.998145724379588 52.0450277128211 0.00769397813872438 0.999835096579743 -0.0164493874590352 -4.45835308741433 -0.998258655010318 0.00671767385488425 -0.0586048680142723 110.95178511488
214 -0.0631290195945211 0.0156977233984837 0.997881911032132 53.4167082103536 0.00483290688971104 0.999869374746144 -0.0154232440086242 -4.50716108767362 -0.99799367227254 0.00384901608971369 -0.0631966389858762 110.878553286011
216 -0.0741670166317754 0.0190514271389165 0.9970638378599 54.7606051967345 0.00464752536590143 0.999813246780184 -0.0187582534059116 -4.55595932783615 -0.997235004475833 0.00324263578553762 -0.0742417076934998 110.788335173214
218 -0.0880504682341567 0.0235471967764748 0.995837659745662 56.1178757280773 0.00620049458255904 0.999714147704238 -0.0230906203234096 -4.60284207200522 -0.996096716644864 0.0041415460830679 -0.0881713030717159 110.674477580229
220 -0.0998018026352425 0.0213948547425723 0.994777291850443 57.4826742536739 0.00198022543028815 0.999771091688209 -0.0213035896461852 -4.65568542499936 -0.995005366265932 -0.000156253358495352 -0.0998213238085262 110.554159610409
222 -0.108430139374683 0.0213824624634644 0.993874084164682 58.8803313739172 -0.00248474717374908 0.999759696258845 -0.0217801691431497 -4.70394776132061 -0.994100966153172 -0.00483115259748655 -0.108350953193364 110.419557260001
224 -0.112760509292573 0.0152700264487528 0.993504853453839 60.3394992212807 0.000353443245074402 0.999882457845655 -0.0153279343162606 -4.75098242344252 -0.993622132715426 -0.00137723810050275 -0.112752652267086 110.264489804759
226 -0.11570300124886 0.0121684650557358 0.993209315280618 61.7557182978102 -0.00101653763357001 0.999922982556863 -0.0123691392516649 -4.79423912964122 -0.993283334277408 -0.00244078118127777 -0.115681720396869 110.109688098354
227 -0.116190744955432 0.0158603027002331 0.99310027770863 62.4780175277575 0.000817310227103884 0.999873684281986 -0.0158728536930161 -4.81432646406075 -0.993226581798279 -0.00103260768164915 -0.116189031025658 110.02996369966
228 -0.116362143603639 0.0199114098537829 0.993007244330877 63.2186307774469 0.00662145378798706 0.999792360295354 -0.0192715501394698 -4.83843485167959 -0.993184780333297 0.00433267269467957 -0.11646982468271 109.940783251802
230 -0.117584856934328 0.0260185132884635 0.992721934071164 64.6948488975831 0.0147457285470447 0.999592248632407 -0.0244519930399268 -4.89012825439668 -0.992953354850746 0.0117632240591517 -0.117920573482254 109.762479689668
231 -0.118130046452827 0.023897761825493 0.992710526339267 65.44698143791 0.0130876424172535 0.999661001385794 -0.0225076858941327 -4.91872555879984 -0.992911882163272 0.0103334064123523 -0.118402765892128 109.682533842624
232 -0.118044948329009 0.0190185836000812 0.992826109473279 66.2281435295229 0.0135086715006294 0.999754811570151 -0.017545157070241 -4.94799199467634 -0.992916364034902 0.0113406446103415 -0.118272920871737 109.593115412984
233 -0.118266814365051 0.0170230097185629 0.992835926908402 66.9974930278403 0.0156706285275199 0.999760523459762 -0.0152750493621514 -4.97713125320508 -0.992858193309344 0.0137518315720269 -0.118505253499242 109.503530021312
234 -0.119132099571627 0.0166090658513692 0.992739483340519 67.7495852512476 0.0158385321008301 0.999764638756608 -0.0148259229985979 -5.00506537596583 -0.992752075672747 0.0139572928397401 -0.119367123715196 109.415787960849
235 -0.120842761149625 0.0173785474504602 0.99251952785134 68.4850905641967 0.014368950408646 0.999772613829391 -0.0157560750474666 -5.03126562821499 -0.992567660334493 0.0123574562616921 -0.121064994663411 109.330605624258
236 -0.122924502884154 0.0180822999747622 0.992251277156299 69.2150063976812 0.0136435106699157 0.99977029528558 -0.0165291040647689 -5.05573358137773 -0.99232223657806 0.0115059589868373 -0.123142972598966 109.244798554019
237 -0.125094743456747 0.0183230227518459 0.99197559042384 69.962774521864 0.0148228014976442 0.999752374519495 -0.0165974154130546 -5.07905974383886 -0.992034066811847 0.0126276078442198 -0.125335365339877 109.153175334198
238 -0.12680526246194 0.0185127299907971 0.991754860961239 70.7077676289701 0.0155312127122133 0.999740312863806 -0.0166759787318901 -5.10519338649986 -0.991806032873186 0.0132885538440534 -0.127059857913848 109.057900098612
240 -0.130516825536034 0.0184457362061164 0.991274489265113 72.2040099925221 0.0129011163480318 0.999773861135172 -0.0169052591770794 -5.15388136341953 -0.991362153528654 0.0105821267561887 -0.130725281198187 108.875771160112
242 -0.132592631941824 0.0203033072939929 0.990962647967958 73.7328365034909 0.0120774373296586 0.999749047934989 -0.0188673437619353 -5.20527773622712 -0.991097033323321 0.00946661850971943 -0.132804569468461 108.684155606996
