0 1 0 0 0 0 1 0 0 0 0 1 0
1 0.999996371527798 0.00268612154243073 -0.00020416243107286 -0.00619720037156909 -0.00268579372447023 0.999995130250894 0.00158933525958844 -0.016816590510058 0.000208430584531969 -0.00158878115455348 0.999998716164743 0.776497373759623
3 0.999976420956399 0.00679161403729626 0.00101563280744039 -0.019485383176172 -0.00679345988087957 0.999975258536542 0.00182516235545015 -0.0487733515866686 -0.00100321188092477 -0.00183201898059844 0.999997818633809 2.28321091326216
4 0.999961165716126 0.00875333011392017 0.0010228741679164 -0.0241929327703783 -0.00875491733128309 0.999960461735063 0.0015576871066695 -0.0653031148455871 -0.00100919877578767 -0.00156658179378662 0.99999826366815 3.01670586316952
6 0.999958248925535 0.00894527193566315 0.00186614998724669 -0.0295862344777798 -0.0089494520483044 0.999957435492467 0.00224377168269618 -0.0964527152532906 -0.00184599940762824 -0.00226037902264338 0.999995741477363 4.43092528095481
8 0.999946185114279 0.00955391556199768 0.00404346050229201 -0.0342353489791362 -0.00959027406982503 0.99991287573161 0.0090701482571845 -0.120190585790151 -0.00395645278817004 -0.00910843804260006 0.999950690203152 5.77020709525068
10 0.999947905194597 0.00806560698006512 0.00625562794450826 -0.0331322227042015 -0.00815827962945221 0.999855213159595 0.0149330235072522 -0.14189214154097 -0.00613427831326986 -0.0149832807363276 0.999868927373959 7.01096091372705
12 0.999918174555959 0.00954509566547996 0.0085167682495479 -0.0327060055035806 -0.00964862488390598 0.99987903942389 0.0121987933259474 -0.160863656330882 -0.00839929940705425 -0.0122799702563297 0.999889320925058 8.14971777181394
14 0.999909029958814 0.00794814846466566 0.0108976484989851 -0.0198457554695771 -0.00803478083211822 0.999936284299829 0.00792903762328885 -0.172383503735116 -0.0108339329794689 -0.0080158765356845 0.999909181685797 9.17875973658365
16 0.99989253663925 0.00236104244803817 0.0144686091828189 -0.000369217619890953 -0.00242446338958149 0.999987523924064 0.00436737604187726 -0.188962632751595 -0.0144581171111307 -0.00440198532223204 0.999885786165012 10.0797431827709
19 0.999670478165622 0.0115085717577041 0.0229453232754296 0.00909544340832812 -0.0115726214882928 0.9999294954063 0.00266057294422994 -0.215064598036842 -0.0229130861300895 -0.00292523376854593 0.999733181149548 11.2162234111959
22 0.999519897619681 -0.00116203756540655 0.0309616525889607 0.0577045134395472 0.00103082152390406 0.999990421918996 0.00425364282159881 -0.230935551977045 -0.0309662989284927 -0.0042196846996508 0.99951152199047 12.0781426240795
26 0.999184222040914 0.00248939766458439 0.0403074847114229 0.0834565198687317 -0.0025793367267695 0.999994298442684 0.00217947337093253 -0.251933639992717 -0.040301829320069 -0.00228166198027398 0.999184946129626 12.8785447926685
31 0.998841575069563 0.00364787092488846 0.0479812562389679 0.119054727381548 -0.00346091707693624 0.999986095130687 -0.00397889410100078 -0.276575592716639 -0.0479951035579747 0.00380822570178831 0.998840311286776 13.633379267593
36 0.998640861313469 0.00357123594474085 0.0519968882618842 0.150204768592211 -0.0028576001015894 0.999900796048092 -0.0137924683813618 -0.294750981086347 -0.052040986123932 0.0136251361908224 0.998551997357689 14.26065836352
41 0.999526437839603 0.00382948640539266 0.0305325251747183 0.152404835105361 -0.00325278336505346 0.999815794637257 -0.0189155014273973 -0.311373897011074 -0.0305993375754104 0.018807228071695 0.999354776199226 14.8863567989606
46 0.999709448059215 0.00026944740026333 -0.0241028392360349 0.104752794007895 -0.00088439579666745 0.999674264958535 -0.025506505516991 -0.326651298985713 0.0240881154350956 0.0255204110020185 0.999384045958846 15.5766278520652
49 0.996056215334321 0.00207792667333084 -0.0887000457418671 0.00381260841111308 -0.00428206255081544 0.999686570315474 -0.0246662739625645 -0.341481914723638 0.0886209898059142 0.0249488146336784 0.995752919560969 16.1350510836802
52 0.983919372496666 0.00410044710106966 -0.178566107532585 -0.181940404155252 -0.00734468118163025 0.999819694482125 -0.0175109732456678 -0.362749249751025 0.178462108258609 0.0185408969373549 0.98377208288132 16.8241392347827
54 0.966750803328641 0.00654735692150731 -0.25563649266247 -0.370197590268108 -0.00893857629022355 0.999926483342405 -0.00819327555961692 -0.37530087247361 0.255564054822525 0.0102058820213812 0.966738255090195 17.343026095088
56 0.940615006044027 0.0139322080479199 -0.339189186124359 -0.633483051215004 -0.0144354165486133 0.999895263633288 0.00103947716899632 -0.383325693935593 0.339168142893556 0.00391858936689215 0.940717606672433 17.9054372254026
58 0.904736587691462 0.0195377237476651 -0.425523188843064 -0.968897258445246 -0.0149694516917039 0.999788851265906 0.0140772298570867 -0.386764358290816 0.425708377188492 -0.00636633608596296 0.904838022718089 18.4983146943165
60 0.858335865520559 0.0287140514446469 -0.51228414499251 -1.38688860475718 -0.0184629298873376 0.999514712170709 0.0250890488915011 -0.386931625195096 0.512755947972374 -0.0120765642439828 0.858449471090182 19.0604228062125
61 0.830406829156501 0.0320667247187288 -0.556233964493412 -1.61738262222991 -0.0194984425028021 0.99940343398956 0.028505909384541 -0.384311537603522 0.556816225365434 -0.0128258058494588 0.830536687855571 19.3367854726534
63 0.766031882589816 0.0378855481741167 -0.641685156517936 -2.16416589253838 -0.0221733419800197 0.999224938960073 0.0325248253750202 -0.366493022147311 0.64242003219182 -0.0106867487939571 0.766278210338044 19.8931258633029
65 0.690059215336513 0.0429843288619001 -0.72247534684683 -2.81197704116616 -0.021251474477992 0.999007767742598 0.0391389169812163 -0.337366005310864 0.72344084358133 -0.0116545039466852 0.690287996691301 20.4403760008447
67 0.607014313711447 0.041938698557744 -0.793583498135328 -3.56680670151176 -0.0133649256109554 0.999004017037413 0.0425717360055382 -0.312585794296983 0.794578505695211 -0.0152354686962463 0.606970245383388 20.94305260524
69 0.515989283510296 0.0436988109641543 -0.85547967434817 -4.41597776365188 -0.00708943495929824 0.998881562201618 0.0467478834345867 -0.277188553535158 0.856565700465813 -0.0180565393687422 0.515721981470187 21.4006704910429
71 0.414575544608255 0.0423515117494598 -0.909028859423783 -5.33742785594428 -0.000974437799102939 0.998936544208803 0.0460958904366745 -0.23483958645411 0.910014378064294 -0.0182244368008889 0.414175930758351 21.7637227352984
72 0.361184966477803 0.0411131692217748 -0.931587423330183 -5.82271232014772 0.00486033519704654 0.998931015210742 0.0459695985604524 -0.217282066653102 0.932481526429452 -0.0211313550577926 0.360599041459099 21.9107214545713
73 0.306974196170978 0.0402196057568591 -0.950867617598762 -6.3515897221909 0.0073380999785124 0.998976923288469 0.0446235254749133 -0.193911069031512 0.951689547685529 -0.0206758325072463 0.306365002531694 22.0409838722537
74 0.253675188302061 0.0460523408812986 -0.96619256918032 -6.91233476742231 0.00824156139854386 0.998726856731738 0.049766879633518 -0.166849609703027 0.967254348920504 -0.0205875579439551 0.252972680248829 22.1483695179005
75 0.20214364409104 0.0511746883017244 -0.978017943818423 -7.49191846178894 0.0111693632835844 0.998448443652371 0.0545522748562963 -0.14221624819073 0.979292189531518 -0.0219512333452799 0.201258418152351 22.2314474054162
76 0.153674737421068 0.0525443455561205 -0.986723450024699 -8.09142465891881 0.0168567961554654 0.998300432442111 0.0557861542792326 -0.117850438184382 0.987977693828125 -0.0252059186694761 0.152527827500718 22.2966648785634
77 0.109209193622304 0.0540057497614933 -0.99255061887093 -8.71218760387793 0.0193672849475212 0.998217843162648 0.0564450694522786 -0.0957782268788092 0.993830096295201 -0.0253873311793501 0.107968620966753 22.3339403416254
78 0.068826172810494 0.0523155763263142 -0.996256010476176 -9.34076582798802 0.0193366461519776 0.998366521948724 0.0537622727161028 -0.0689018665133666 0.997441252431367 -0.0229645014240021 0.0677021389801959 22.3429760050236
80 0.00476862945211742 0.0481665050625393 -0.998827937115902 -10.7043517935714 0.0145157702155821 0.998730720274808 0.0482311185274848 -0.000923092782574089 0.999883269481092 -0.0147287531523971 0.00406340280786144 22.3157803739118
82 -0.0291788656555834 0.0584077827400845 -0.997866285989481 -12.1963038768175 0.0147017551233032 0.998208445441082 0.0579979124313317 0.0613723434088423 0.999466083564294 -0.0129780724872793 -0.0299852870449338 22.2547737724237
84 -0.0408029197322999 0.0582590550389288 -0.997467294825896 -13.7458229213549 0.0155001257973014 0.998215441490159 0.0576686957618758 0.127942064971304 0.99904697979704 -0.013107817384257 -0.0416331272166006 22.1830124123687
86 -0.0360691333226262 0.0525716856831825 -0.997965548245922 -15.3854592469717 0.034854641382823 0.998073971197957 0.0513176576941465 0.212094422060229 0.998741293626848 -0.0329327478593489 -0.0378320303843598 22.1415279255188
88 -0.0252944987139769 0.0512699357026474 -0.998364453507763 -17.0844013433414 0.0333023252109858 0.998172904088995 0.0504163532803048 0.280660353929747 0.999125189088109 -0.0319726013265916 -0.0269556913111217 22.0874911622803
90 -0.0204066869263313 0.0342508099655451 -0.999204908487441 -18.8804314343645 0.0349340824360789 0.998827174289235 0.0335244058222041 0.347697416381083 0.999181253333468 -0.03422218458963 -0.0215792740580714 22.0532270747942
92 -0.021390871270988 0.0229694392266371 -0.999507296365505 -20.7570890052686 0.0216481187450398 0.999512294821339 0.0225062537038398 0.398419448713547 0.999536787507628 -0.0211560242624832 -0.0218776839801784 21.9832116423748
94 -0.0301518677324382 0.0372052028059261 -0.998852660684455 -22.6827418883093 0.00755424320131603 0.999286958765281 0.0369933433375792 0.440440488484565 0.999516782391322 -0.00643015752579661 -0.0304114253577914 21.8937287626408
95 -0.0347933053104652 0.0468205146564303 -0.99829718286334 -23.6895228633626 0.00600977416391356 0.998893729534395 0.0466390363468783 0.476105620253482 0.999376459858882 -0.00437681438647697 -0.0350361952237228 21.8512349870538
96 -0.0363422607306083 0.0566915139951687 -0.997730079894319 -24.7446778764619 0.00479626921628445 0.998388010210717 0.056554194089301 0.518776027324033 0.999327892078768 -0.00273007480135536 -0.0365555851407906 21.8058892770894
97 -0.0375433550005189 0.0645188948867545 -0.997210012333359 -25.7670279579991 0.00659742860285444 0.997907796345128 0.0643156585089485 0.562432016435552 0.999273221111792 -0.00416439625892735 -0.037890465458521 21.7611702067937
98 -0.0390458677375716 0.0652986558983868 -0.997101552375928 -26.781971000219 0.00760810335775581 0.997853006312659 0.0650499389399069 0.613264993502429 0.999208455216387 -0.00504612035647013 -0.0394588354292198 21.7165353511232
99 -0.0406800659639353 0.0625955931197699 -0.997209568724225 -27.7805621761837 0.00643946274774804 0.998031416681942 0.0623844903429962 0.662957817165381 0.999151472777122 -0.003883688687218 -0.0410030658547691 21.6650676068725
100 -0.0435642775300615 0.0577086715038079 -0.997382505840437 -28.7904847596106 0.00630705775314985 0.998326286549921 0.0574877952781561 0.70814093269814 0.999030717618724 -0.003786134798228 -0.0438553353368487 21.611297839291
101 -0.0481367814782028 0.0526069479760066 -0.997454439708185 -29.8023432429223 0.00635323666315842 0.998608002598706 0.0523611834255608 0.748417582683152 0.998820547772633 -0.00381656527168787 -0.0484039995940966 21.5549096403339
102 -0.0537977800830112 0.0479483999578803 -0.997399994886515 -30.7958949042381 0.0065471458450833 0.998841940839211 0.0476645791111398 0.786553246822853 0.99853038698851 -0.00396587468763696 -0.0540494042385185 21.4896325294667
103 -0.0605513472017434 0.0460844113911496 -0.997100677654361 -31.8097821614711 0.00566447791006549 0.998933416840284 0.0458251285846827 0.824120541576682 0.998149010940782 -0.0028732814911888 -0.0607478082848434 21.4154533626751
104 -0.0666152905371236 0.0486174082417303 -0.996593573470405 -32.7907508733301 0.00590433161417165 0.998813920285577 0.048331061564458 0.85830651572728 0.997761265000223 -0.00266463123423764 -0.0668233327928278 21.3395905719371
105 -0.0727710731123974 0.0535834730410888 -0.995908219835003 -33.9279599257041 0.00455445802361586 0.998563161999866 0.0533935240356085 0.897593914327726 0.997338271515829 -0.000650318141288725 -0.0729105565479642 21.2540618805731
106 -0.0789359098799718 0.0565901963465115 -0.995272159667337 -35.0348991685398 0.00175939409099994 0.99839378862209 0.0566281500074202 0.940460839159212 0.996878140328021 0.00271891858899978 -0.0789086865804576 21.1538491413516
107 -0.0836293661562677 0.0588646472233087 -0.994756795615681 -36.1177053210033 -0.00134761724838945 0.998246155944231 0.0591844242205419 0.985476674124244 0.996496017575611 0.00629010729961187 -0.0834033662756284 21.0521964580629
108 -0.0861832018408601 0.06013140177778 -0.994463005968898 -37.1997121366355 -0.00582412755565292 0.998129452281746 0.0608578345487069 1.03189483403075 0.996262282362769 0.0110368024346498 -0.0856717790952508 20.9426360880135
109 -0.0877837624431039 0.0614024220033027 -0.994245318632912 -38.2692381287837 -0.00975837628088574 0.997997523635523 0.0624957351322793 1.08009452227429 0.996091755383857 0.0151883307012882 -0.087008789595161 20.8323511581078
110 -0.0892811443416657 0.0609711009961722 -0.994138522595497 -39.3730601620531 -0.0110591113972486 0.998002354126933 0.0622012637508463 1.12919623715329 0.99594506541282 0.0165476886728531 -0.0884285060341994 20.7281085845142
111 -0.090931996254584 0.0602971967507756 -0.99402998954818 -40.4436116085874 -0.0112828816534226 0.998038838363035 0.0615725076682657 1.17586668058225 0.995793185675997 0.0168144337687011 -0.0900733377769847 20.6267562250525
112 -0.092127076793536 0.0595976020024461 -0.993962135876934 -41.4703379220026 -0.0124973870889933 0.998059426187837 0.0610016156634622 1.22290235038223 0.995668828997587 0.0180418300946141 -0.0912034830991191 20.5228346689751
113 -0.0928608562969153 0.0587716710336628 -0.993943032598808 -42.5479918311722 -0.0147997902901159 0.998064646426784 0.0603980774557229 1.26895475257153 0.995569097338388 0.02031876563401 -0.0918113293005713 20.4090555742984
114 -0.0936342706703182 0.0562496851073599 -0.994016396384567 -43.642803987223 -0.0193603150486966 0.998111062916676 0.0583050965573262 1.31648997457754 0.995418405273508 0.024703825790083 -0.0923683897991106 20.2918063869931
115 -0.093882731370555 0.0513723479776589 -0.994256966087574 -44.7309472442808 -0.0247748626881838 0.99823800714482 0.0539174115691776 1.35995303060388 0.995274956446301 0.0296944936781345 -0.0924445678015393 20.173391965936
116 -0.0930671008562058 0.0506923354409844 -0.994368544286152 -45.8098286058711 -0.0261570576040876 0.998233898178377 0.053337537111289 1.40540397612545 0.995316192511565 0.0309737252383435 -0.091576772541635 20.0608581812658
117 -0.091474654813523 0.0549219139700346 -0.99429169306226 -46.9137394489587 -0.0268781734550467 0.997977954335038 0.0575983198797704 1.45144269906568 0.995444599823851 0.0319935310198804 -0.0898134881541339 19.9492205311334
118 -0.0896177886179594 0.0581402910597072 -0.994277807515948 -48.0118376921441 -0.0270456105534118 0.997784522945543 0.0607830627735045 1.4966045504075 0.995608952808792 0.0323380940351646 -0.0878468027941424 19.8404653799421
119 -0.0882724271035988 0.057819218187631 -0.994416872655232 -49.0918173122018 -0.0250118667888589 0.997870490250885 0.0602402789352385 1.54646530880685 0.995782298061668 0.0301897779824576 -0.0866382835263586 19.7427292483093
120 -0.0856820481836418 0.0570274935873955 -0.994689123090323 -50.1845800581132 -0.0247611120987143 0.997930314480507 0.0593462279211703 1.59513029140242 0.996014796048076 0.0297145152404705 -0.0840926491278093 19.6459782702891
121 -0.081596569867106 0.0576307403385408 -0.994997837964463 -51.2906107082473 -0.0290487557108768 0.99776517942152 0.0601732210006397 1.64320928489566 0.996242023595458 0.0338133775593877 -0.0797401148761023 19.5415598147951
122 -0.0758508762777246 0.0586202519484472 -0.995394550230913 -52.4492511564314 -0.0339856744784535 0.997538387824133 0.0613362759504915 1.69309373482512 0.99653982283607 0.0384815654402315 -0.0736719120365643 19.4363652667239
123 -0.0700317159080679 0.0582234987884467 -0.995844155958051 -53.5644609624676 -0.0377596116130673 0.997425038911525 0.0609713332901003 1.74454111980351 0.996829860356221 0.0418726156476272 -0.0676528902636397 19.3437062841321
124 -0.064377647386086 0.0574418310038164 -0.996271024655421 -54.6915017785271 -0.0392035855802967 0.997425723813871 0.0600416884508141 1.79641667439177 0.997155252402895 0.0429227390238004 -0.0619599958038537 19.2592718838027
125 -0.0586554432406963 0.0567544664247426 -0.996663669207963 -55.8223199714778 -0.0387165251912007 0.997502128210833 0.0590807489117915 1.84624169415702 0.997527227525824 0.042052761570458 -0.0563115937346976 19.1854799260358
126 -0.0534301729830429 0.0565909235559908 -0.996966741664978 -56.963996360196 -0.0368863397429426 0.997599621963661 0.0586036875830318 1.89428338198654 0.997890081399435 0.0399056591104744 -0.0512144883366834 19.1187067895814
127 -0.0479785888486504 0.0572684738979445 -0.997205283233845 -58.1178408179616 -0.0359326221271714 0.997609855094545 0.0590205361319831 1.94411588223279 0.998201834139348 0.038663922662364 -0.0458061066365683 19.0583328935458
128 -0.0423037737519407 0.0590965003486363 -0.997355500497635 -59.2596758355079 -0.0348459952292538 0.997554537100084 0.0605863196399965 1.99104824135702 0.998496944082869 0.0373168749707238 -0.0401410450734896 19.0032885250955
129 -0.0369905164672448 0.060335604918199 -0.997492514493538 -60.388411412358 -0.035627284363478 0.997461462182957 0.0616549111484373 2.04256024475555 0.998680328383598 0.0378185964704248 -0.0347470208886576 18.9545262052146
130 -0.031835928472423 0.05957073661015 -0.997716292839815 -61.5027219210093 -0.0351281592503639 0.997538883275328 0.0606810413678996 2.09064734589083 0.998875610917586 0.0369797741141803 -0.0296649662141113 18.9180980319962
131 -0.0267646995860527 0.0549464876431126 -0.998130519697577 -62.6712671942517 -0.0353546732504199 0.997811511694656 0.0558769559745502 2.1412022489508 0.999016365199002 0.0367841083256215 -0.024763510237132 18.8789947150137
132 -0.0221695487177036 0.0497684314277945 -0.998514704119509 -63.8353190631324 -0.0351294278020908 0.998104628352581 0.050527954277351 2.18653842181012 0.999136844687429 0.03619743215165 -0.0203791926649619 18.8436488525834
133 -0.0182276718005328 0.0492977785562369 -0.998617785246264 -64.9930756443531 -0.034982841617107 0.998140729819329 0.0499127665846137 2.22916331372034 0.999221673490485 0.0358442813452571 -0.0164692052545827 18.8124600739669
134 -0.0148372990726828 0.0517183048835644 -0.998551486652641 -66.16815777348 -0.0343098278500871 0.998046987430825 0.0522019788240997 2.26924322384894 0.99930110090459 0.0350346659784996 -0.0130338755038479 18.7847603403358
135 -0.0128065101718322 0.0512311866255653 -0.998604705984383 -67.3570367965502 -0.0345199106899707 0.998068648402164 0.051646382667463 2.31544248375819 0.999321954658845 0.0351331551901345 -0.0110132803110934 18.7611398868007
136 -0.0117278168105615 0.0510311670851632 -0.998628198229343 -68.5335747938857 -0.0363745599314019 0.998014107371229 0.0514269664456812 2.36098365461348 0.99926940796897 0.0369277872872789 -0.00984829038009716 18.7366189090356
137 -0.0107095080575248 0.0519544209642803 -0.998592031101507 -69.7002467024023 -0.0376160626527169 0.997921510158062 0.0523229528444162 2.40230364333454 0.999234876426795 0.0381234534914989 -0.00873292769973699 18.7136789447848
138 -0.00964881777338178 0.0516816279761355 -0.998616998476049 -70.8848532542719 -0.0383078585738575 0.997911279897953 0.0520152422268113 2.4427829873413 0.999219399474941 0.0387567643407553 -0.00764885159836104 18.6922445762066
139 -0.00825824872299963 0.0497900706362651 -0.998725563002202 -72.0457679033418 -0.0387206883045325 0.997994650455345 0.0500738051254033 2.48140420859648 0.999215947443421 0.0390848631640096 -0.00631378224191592 18.6755172450986
140 -0.00749059896777071 0.0484488469140209 -0.998797577169572 -73.2394411754582 -0.0370936461518825 0.998124700247481 0.0486943956840537 2.52213533216946 0.999283719642356 0.0374137940949328 -0.0056794074654849 18.6592013772056
141 -0.00700966260519076 0.0483212586681005 -0.998807248967934 -74.414162355057 -0.0337773099430084 0.998250369237539 0.0485313676927686 2.56102537000388 0.99940480185117 0.0340772105350082 -0.00536523615299367 18.6479747803536
142 -0.00689907489113306 0.0490593589027766 -0.998772037088392 -75.5886449287498 -0.0314163666829966 0.998292128568173 0.0492527962989442 2.59999911087283 0.999482573469936 0.0317175872801565 -0.00534602534969819 18.6382531295476
143 -0.00688520864043696 0.0517950336887139 -0.998634001217244 -76.7482762130862 -0.0311513506403178 0.998161870405393 0.0519853231411591 2.63940423537233 0.999490964068841 0.0314667277293293 -0.00525906747880578 18.6235361940336
144 -0.00654481111926919 0.0553352258735493 -0.998446382248409 -77.9372650421588 -0.0336248734296853 0.997890955188821 0.055524854247265 2.68142255294026 0.999413094438056 0.0339360329129032 -0.00467036785313679 18.6056310534932
145 -0.00565107371063855 0.0552135818866638 -0.998458574874873 -79.1424542262569 -0.0360073094805276 0.997815777868237 0.0553818300634647 2.72619145623456 0.999335548767225 0.0362647737129248 -0.00365063797984999 18.5862977005002
146 -0.00531437018763414 0.0531831968942462 -0.998570630970898 -80.3119962921376 -0.0371429963786892 0.997885152090729 0.053344362934376 2.76954552607402 0.999295829716867 0.0373733970220742 -0.00332774781330381 18.5711857915305
147 -0.0050261577549926 0.0506760275187315 -0.998702497229852 -81.4903435547939 -0.0369205944944898 0.998024769339647 0.0508274481625595 2.81177088625786 0.999305562598546 0.0371281566936065 -0.00314524087148049 18.5566562163481
148 -0.00501342269838134 0.0499190456504172 -0.998740684299082 -82.6563336097882 -0.0347853720548562 0.998140075276281 0.0500636396845589 2.85108478442967 0.99938223092261 0.0349925564772234 -0.00326764553398107 18.5458337377464
149 -0.00497552388105649 0.0514972397454501 -0.998660742424928 -83.80858479688 -0.0332722747787772 0.998111624136024 0.0516346927519969 2.88938652425576 0.999433939734465 0.0334846242796185 -0.00325269791068972 18.5359757585798
150 -0.00472259390827845 0.0543397495955934 -0.998511336300528 -84.9713476826084 -0.0327583935261183 0.997978145373894 0.0544656681742821 2.92870269203191 0.999452142306157 0.0329668465275531 -0.00293296260857456 18.5258386388407
151 -0.00420802173736501 0.0567469392932326 -0.998379726073155 -86.1539293444947 -0.0332151836729098 0.997829736848263 0.0568556754853989 2.97130879634552 0.999439364907463 0.0334006158951643 -0.0023140292113466 18.5128995280931
152 -0.00400713976071732 0.0569479269112977 -0.998369108321889 -87.3240284209046 -0.0345386499666543 0.997773563663062 0.0570525837591395 3.01512396554753 0.999395329431461 0.0347109388466834 -0.00203131360523079 18.499390065582
153 -0.00367074144790247 0.0549659610413631 -0.998481481442707 -88.4834817928898 -0.0339601514702333 0.997905408318077 0.055059096992687 3.05832338052745 0.999416446617395 0.0341106900594324 -0.00179640038072759 18.4903747824673
154 -0.00336309374300359 0.0535975993117502 -0.998556952280887 -89.6782510280997 -0.0324376033199941 0.9980312652536 0.0536786313830074 3.10306814854627 0.999468104289142 0.0325713205798469 -0.00161789503811782 18.481788036541
155 -0.0032344495215737 0.0545995040085043 -0.998503095888199 -90.8537876537582 -0.0308751142107134 0.998026822542649 0.0546734744451028 3.1455684653069 0.999518016675422 0.0310057357185608 -0.00154230145657985 18.473009723466
156 -0.00310321336697683 0.0574018672173667 -0.998346330542041 -92.040826346389 -0.0284833162916248 0.997940996924053 0.0574670979888346 3.19194962867248 0.999589451104718 0.0286145469680522 -0.00146182830142672 18.4662829845236
157 -0.00279985120836712 0.0598012378817773 -0.998206377850301 -93.219105022599 -0.027184600320769 0.99783682774048 0.0598553482173041 3.23981469613074 0.9996265094217 0.0273034274885364 -0.0011681218973989 18.4580038187944
158 -0.00221794884197823 0.0615853682443655 -0.9980993553355 -94.3976352275757 -0.0276050356850695 0.99771766953923 0.0616231603703818 3.28956901938078 0.999616447797734 0.0276892453384638 -0.000512820461711971 18.4442264124972
159 -0.0020155535620483 0.0635128427262074 -0.997978985927397 -95.5591073842001 -0.0297894252344553 0.997534290416306 0.0635447054272604 3.33980809160361 0.999554164459355 0.0298572981442149 -0.000118572712493936 18.4354066106355
160 -0.00146619051715446 0.0627177105518973 -0.998030229536408 -96.7093708316627 -0.0318590457591124 0.997521742673559 0.0627325601009945 3.38894367160829 0.999491296354644 0.0318882686365148 0.000535569490616172 18.4206929014899
161 -0.00134243952483448 0.058755026154818 -0.998271528572096 -97.8592404470985 -0.0342485018657606 0.997684087137459 0.0587665074055463 3.43689079583439 0.999412446378408 0.0342681947911147 0.000672941071014344 18.4085956318088
162 -0.00132149261463255 0.0570035675893296 -0.998373100067985 -99.0308873639557 -0.035224953253303 0.997751735110742 0.0570147152216491 3.48446042314551 0.999378535053446 0.0352429903043408 0.000689426454419939 18.4004228029384
163 -0.00132552613764703 0.0554057925175178 -0.998463039444107 -100.194967070065 -0.035192284562235 0.997842842140038 0.0554180971992098 3.52865184041448 0.999379680645824 0.0352116535453273 0.000627189648152005 18.3953987191515
164 -0.00100265619035533 0.0556936917911154 -0.998447398401759 -101.315428537243 -0.0340566290504351 0.997866803038847 0.0556955061989105 3.57347228910259 0.999419401802009 0.0340595961178059 0.000896222074562303 18.3906669224156
165 -0.00108669537582085 0.0577850415072987 -0.998328457007592 -102.462793355525 -0.0340883947819068 0.997746698123192 0.0577884739845283 3.62066416579454 0.999418230989586 0.0340942130319414 0.000885552584298677 18.3842912779004
166 -0.000904248721653733 0.0599795043796279 -0.998199199252646 -103.612104785891 -0.0327819320209534 0.997661324624651 0.059976881222362 3.66660130505056 0.999462118975614 0.0327771323114445 0.00106411005778817 18.3784084908066
167 -0.00127792942506821 0.0590018006349324 -0.998257058286201 -104.790849490193 -0.0365431088563676 0.997588358109459 0.0590090582841704 3.71926501159272 0.999331260439448 0.0365548257595168 0.000881261706390357 18.3629330472186
168 -0.00149431235492181 0.0601941988732571 -0.998185566642091 -105.947827384162 -0.0405685557443453 0.997361280240344 0.0602052237115663 3.76970865177756 0.999175639872892 0.0405849122131436 0.000951622429092192 18.3495912340543
169 -0.00141253870057301 0.0594549339300226 -0.99822999131753 -107.07881521266 -0.0437920956892533 0.997269670592745 0.0594597045988444 3.81864992451431 0.999039667425455 0.0437985724335302 0.0011949741512417 18.3342758630618
170 -0.00156835511023279 0.0554821756710017 -0.998458446028206 -108.243116219553 -0.0446196287128505 0.997461371433138 0.0554968578592551 3.86817887493797 0.999002817311231 0.0446378839276136 0.000911220439474336 18.3223758112623
171 -0.00252865492861631 0.0515169066013313 -0.9986689212339 -109.427901473827 -0.0446596781452708 0.997669873598329 0.051578449591419 3.91841887267899 0.998999058584248 0.0447306566967605 -0.000222034375151114 18.3134541410422
172 -0.00330311663364324 0.0506733986053321 -0.998709815759458 -110.618751368566 -0.0410703981857615 0.99786571964636 0.0507664056982151 3.96221482692374 0.9991507953324 0.0411850971643615 -0.00121489019855936 18.3090160170484
173 -0.00376130316317491 0.0499461177328545 -0.998744831236653 -111.812261722958 -0.0364206342394005 0.998082421261338 0.0500501525542676 4.00445822042215 0.999329470194948 0.0365631739940817 -0.00193502128257328 18.3040264600761
174 -0.00402224519042704 0.0517075330020679 -0.998654170658926 -113.015107475762 -0.0356857205766362 0.998018730647378 0.05181836184136 4.05173997262365 0.999354967411757 0.035846119843519 -0.00216905546488366 18.291527071582
175 -0.00474962285272063 0.0556464481418376 -0.998439238958463 -114.245513101516 -0.034820446531025 0.997835808122727 0.0557784593857218 4.1008932039598 0.999382298015198 0.0350310267800184 -0.0028017095853583 18.2792493569443
176 -0.00518471358051098 0.0556354857230095 -0.998437685323152 -115.474634388124 -0.0331333105697 0.997893324353816 0.0557772080762624 4.15210994605952 0.999437493030845 0.0333707347605003 -0.00333040324352196 18.2698839990893
177 -0.00569030365715251 0.0512194246822831 -0.998671212651845 -116.706053886355 -0.0331830392717389 0.998127706033299 0.0513806223531192 4.20278033443883 0.999433092482423 0.033431317412264 -0.00398003355523846 18.2565099810439
178 -0.00636288421985776 0.047530575801161 -0.998849517228904 -117.94817619298 -0.0333969481937575 0.998302411270059 0.0477172872628862 4.24968348394693 0.999421911684824 0.0336621451543929 -0.00476470648166538 18.2403047053927
179 -0.00706644639668341 0.046121847750941 -0.998910827098877 -119.177168475273 -0.0325229842076893 0.99839669224794 0.0463281815593792 4.29031542661782 0.999446006962632 0.0328149366662718 -0.00555509658236297 18.2259649571688
180 -0.00770887282907617 0.0474088204734666 -0.998845822447599 -120.417619043639 -0.0343529192390613 0.99827334012818 0.0476467766914078 4.33232767088394 0.999380032930146 0.0346805728130456 -0.00606693084676113 18.2062810041323
181 -0.00821956385403788 0.0521888017370424 -0.998603408637935 -121.675716696474 -0.0390232784135593 0.997859691319288 0.0524711366565752 4.37804234711055 0.999204494841725 0.0394000686982501 -0.00616539330991484 18.1820481144031
182 -0.00857461669025317 0.0555203413810116 -0.998420736784624 -122.9545841893 -0.0444791919288617 0.997448031162673 0.0558482463024804 4.42605991112782 0.998973511878053 0.0448878248820654 -0.00608323461542581 18.1552233113078
183 -0.00853283855242482 0.0554003950759834 -0.998427757472549 -124.225506500396 -0.0519780937571009 0.997089736951644 0.0557703705840255 4.47731650883395 0.998611770627413 0.0523722511558026 -0.00562839881824817 18.1234783598046
184 -0.00849646041105379 0.0533905291590076 -0.998537561414995 -125.479233433442 -0.0552288555805124 0.997024339147869 0.0537795561344778 4.52629844695833 0.998437571244067 0.0556050226407264 -0.00552248000213695 18.0979133267683
185 -0.00914482343066525 0.0521358117090042 -0.998598132054064 -126.741775360373 -0.0573081840908549 0.996971198131348 0.0525756800503176 4.5733887760702 0.998314651921242 0.0577086408953454 -0.00612931687722407 18.0765555234251
186 -0.00986917203478122 0.0516369185695414 -0.998617157915881 -128.002390731563 -0.0573725604024632 0.996991429085026 0.0521198584405519 4.61591392685997 0.998304056265532 0.0578076030608432 -0.00687693770121434 18.0573748531283
187 -0.0101423883612666 0.0507720639485211 -0.998658765285088 -129.246618711426 -0.055076963770672 0.99716568331949 0.0512555174764597 4.65642994305245 0.998430598499532 0.0555229459987748 -0.00731727049409914 18.0412649172072
188 -0.0108110833107193 0.0514701179676262 -0.998616016011183 -130.490975729637 -0.0551531550528188 0.997123432828458 0.0519902797848865 4.6981938654308 0.998419375796248 0.055638895215395 -0.0079412451065235 18.0233800077131
189 -0.0111807365926759 0.0565732808890515 -0.998335842799754 -131.712300110385 -0.0550391927062957 0.996849864113372 0.0571054785759669 4.74225814763444 0.998421593514225 0.0555860801514143 -0.00803176804421657 18.0012516201967
190 -0.0116079937242957 0.0607401929252482 -0.998086110235535 -132.965726461144 -0.0538390835548341 0.996667503140809 0.0612800233766312 4.79131236323222 0.998482151850334 0.0544473796106709 -0.00829911379962867 17.9786081643521
191 -0.0115709200358682 0.0593598138082901 -0.998169587952954 -134.230933327208 -0.0543537763780678 0.996723227626996 0.059903877188926 4.84728294410387 0.998454696419906 0.0549474295437744 -0.00830657471918506 17.9548376380687
192 -0.0107554053630809 0.0579729607084188 -0.998260215115366 -135.48142702457 -0.0541769358161446 0.996817826338115 0.0584729058635652 4.90159863479888 0.998473425225254 0.0547115794074358 -0.00758038242403969 17.9331751717723
193 -0.00940044277427976 0.0573950228892585 -0.99830728887612 -136.733885955491 -0.0530776299139577 0.996915349732813 0.05781479628797 4.95064977592519 0.99854614158704 0.0535312695033848 -0.00632505391214533 17.9146546131584
194 -0.00826171920370555 0.0568058422249475 -0.998351060641954 -137.987305854274 -0.0532544510326996 0.996943309018082 0.0571664416356504 5.00008882615434 0.998546797822218 0.0536389307610694 -0.00521130173798068 17.8946227031654
195 -0.00758580083007132 0.0589597009311569 -0.998231540922183 -139.246829370997 -0.0532714324793497 0.996818893913337 0.059281086519977 5.05113711782732 0.998551255623548 0.053626918646324 -0.00442080186572191 17.8773760624008
196 -0.00663779264149378 0.0627320911845441 -0.998008328845237 -140.508842836515 -0.0543019271916128 0.996535106488795 0.0630006526842684 5.10245673537722 0.998502498951367 0.0546119608783742 -0.0032083199487607 17.8622943950348
197 -0.00517545746713921 0.0637080477610822 -0.997955158957795 -141.754452327316 -0.0559132399927877 0.996388855706425 0.063898026710922 5.15720311489969 0.998422217417819 0.0561296078243243 -0.00159464477950277 17.8463352567293
198 -0.00429589877577552 0.06103322242263 -0.998126490488264 -142.99705643987 -0.0581136271249431 0.996433558093883 0.0611798222189921 5.21185031527266 0.99830073204225 0.0582675730151357 -0.000733715772254673 17.8308617909404
199 -0.0041326829845314 0.0578446378402554 -0.998317043230496 -144.242758628153 -0.0569303022759594 0.996692802021998 0.0579861973257991 5.26639481472245 0.998369601707763 0.0570741296093801 -0.000825902666431899 17.820301639222
200 -0.00397198428713641 0.0563218352901277 -0.998404764717384 -145.505513266923 -0.0540695557914654 0.996940015105391 0.0564543126623342 5.31628058050653 0.998529271717829 0.0542075377711873 -0.000914533459718925 17.8107356393383
201 -0.00397633100297323 0.0557289081920277 -0.998438018899261 -146.73097930055 -0.0527056960136763 0.99704645962525 0.0558611399496013 5.36269335768425 0.998602172238509 0.0528454930952446 -0.00102735585446956 17.7995399327758
202 -0.00408563272931262 0.0561198179743943 -0.998415681785759 -147.958539705393 -0.0499718663168242 0.997165130855636 0.0562540165897075 5.4093330694337 0.998742269147559 0.0501225282301531 -0.00126963845361217 17.7937189634776
203 -0.00434275190200761 0.0546444023733984 -0.998496434543044 -149.221661190431 -0.04783525832014 0.99735142605152 0.05478978932652 5.4572605240253 0.998845798192776 0.0480012733399136 -0.00171732069917407 17.783449163727
204 -0.00409276744240317 0.0548781213256031 -0.998484672418378 -150.460020240353 -0.0470629381563992 0.997376041829105 0.0550100994126857 5.50440889526496 0.998883541313375 0.0472167659320182 -0.00149930256174491 17.7694205814429
205 -0.00442476065584252 0.0575626958882872 -0.998332087802056 -151.692512264637 -0.0445850306856733 0.99733772730542 0.0577029698717215 5.55171537368212 0.998995794051154 0.0447659885999606 -0.00184654617383906 17.760036719904
206 -0.00458053947738279 0.0589614280819333 -0.998249752645417 -152.911436832635 -0.0421069856354011 0.997363484830829 0.0591022917221123 5.59914954081011 0.999102607552796 0.0423040083756202 -0.00208577481027916 17.7510357035234
207 -0.00458624732522606 0.0574046395512634 -0.99834045980991 -154.118227601983 -0.0400585596870017 0.997539053369078 0.0575425824874569 5.64915562976295 0.999186808425369 0.0402559854122636 -0.00227541363554717 17.7390526514392
208 -0.00533967866358021 0.057616586565761 -0.998324504749974 -155.342833824142 -0.0412045691070259 0.997478177925154 0.0577881306828521 5.69983562565539 0.999136462809998 0.0414441010956231 -0.00295214632119389 17.7234203113495
209 -0.00517892471244497 0.0623816069589143 -0.998038934036166 -156.587234699376 -0.0420930766760992 0.997154115460853 0.0625447273191263 5.75306313043845 0.9991002710613 0.0423344438100628 -0.0025383523257767 17.7077824493916
210 -0.00481249610475021 0.0690973097571908 -0.997598316791664 -157.837452276669 -0.0470849937315427 0.996487723581127 0.069247527879375 5.81026369896585 0.99887929363189 0.0473051639509161 -0.00154214689138166 17.6874961093702
211 -0.00327940362233181 0.0691722602458735 -0.997599340378871 -159.044190238977 -0.0518657714316121 0.996250213772009 0.0692492116419361 5.87181675223179 0.998648680600784 0.0519683554839198 0.000320566079527573 17.6650708577943
212 -0.00173444478555207 0.0654013870378205 -0.997857530048662 -160.243129574569 -0.0556660442631722 0.996305475157294 0.0653964195326402 5.93096086723302 0.998447937159157 0.0556602079148806 0.00191259966951662 17.6476903873658
213 0.000112616664074028 0.0599387784123114 -0.998202048765643 -161.48241647447 -0.0575487611951006 0.996548119990063 0.0598329727590098 5.98772121931387 0.998342690363583 0.0574385531390804 0.00356163037003865 17.6327273276341
214 0.0010939666415386 0.0583703854872286 -0.998294396125241 -162.712925658517 -0.0600401125589203 0.996497866272929 0.0581995480859826 6.03975274136041 0.998195365707986 0.0598740395461401 0.00459469993882777 17.621069055721
215 0.0022934604456486 0.0552398853909685 -0.998470477831557 -163.933313230088 -0.0547461237920378 0.996982628068204 0.0550318204311237 6.08411478453651 0.998497672490493 0.0545361750786507 0.00531070982634518 17.6234504594776
216 0.00225501411360585 0.0507079348858935 -0.998710979338345 -165.120519212977 -0.0514502042139764 0.997396660136225 0.0505250317708284 6.12848342051733 0.998673015254587 0.0512699491779645 0.00485807715061881 17.6248841105378
217 0.00210906873900663 0.0473169169623572 -0.998877700821393 -166.325975373179 -0.0451843022478259 0.997864238875429 0.0471735053174795 6.16680981839662 0.998976441493708 0.0450340997771528 0.00424254614944719 17.6290348139842
218 0.00107470065263626 0.0502925182114344 -0.998733952376938 -167.559122545466 -0.0427816305090119 0.9978224459372 0.0502005824158897 6.21054313846889 0.999083868906659 0.0426735163287101 0.00322395636535311 17.6275506120724
219 0.00171927436319863 0.0567248761165663 -0.998388367583089 -168.796418143718 -0.0431927947819677 0.997462311254599 0.0565978807514651 6.25352099091345 0.999065276433221 0.0430258765883327 0.00416501731313224 17.6231390734621
220 0.00308600473870602 0.060052077277192 -0.99819047510455 -170.031734986615 -0.0448313532113033 0.997199910954036 0.0598538834371369 6.30258442058131 0.998989802922931 0.0445655203936537 0.00576957953812773 17.616340320007
221 0.00509462468545274 0.0567263468098083 -0.998376765743739 -171.241641442241 -0.0458261144382142 0.997354062834563 0.0564343918447431 6.35251304546634 0.998936440437934 0.045464215873626 0.00768069268922167 17.6101171667462
222 0.0056779510894549 0.0568647812168481 -0.998365743366922 -172.451470857814 -0.0480262891824599 0.997245246064632 0.0565278227853616 6.40242859943528 0.9988299336818 0.0476268396878326 0.00839331415836408 17.6066440549184
223 0.00662656894104874 0.0580696951030864 -0.998290538417902 -173.682868744828 -0.0458797371023049 0.997278814013692 0.0577062981213206 6.44798816384168 0.998924991331928 0.0454189126914981 0.00927275915944969 17.6114008572852
224 0.00722485806005002 0.0561004487070915 -0.998398988922202 -174.869641565637 -0.0460587508841066 0.997384065542636 0.0557101181890503 6.49345515942899 0.998912605232814 0.0455825126172871 0.00978987489638772 17.6148181578367
225 0.00903161715557121 0.0547182623300244 -0.998460986548367 -176.038465735523 -0.0463794444308084 0.997450052838033 0.0542433334861977 6.53589167310514 0.998883064740736 0.0458181608206608 0.0115463896161232 17.6144903328898
226 0.0108726917084836 0.0566447118277959 -0.998335194810319 -177.188226097546 -0.0480172461757398 0.997272008527508 0.0560614401991934 6.57432897188861 0.998787329036923 0.0473277680590929 0.0135629541706089 17.614220290686
