0 1 0 0 0 0 1 0 0 0 0 1 0
1 0.999996868457987 -0.00235929034801288 -0.00083475941024506 -0.00511540480606616 0.00236171456407797 0.999992962162619 0.00291512084637635 -0.0201112921493914 0.000827875918867932 -0.00291708318100962 0.999995402613021 1.51950480613732
2 0.999992260335496 -0.00279334960982152 -0.00277064379920201 -0.015744112647482 0.00280394452907645 0.999988743977705 0.00382750740947728 -0.0386868596350329 0.00275992104644478 -0.00383524651737684 0.999988836797676 3.02375719028377
3 0.999990007387403 -0.00154567139490128 -0.00419476164762582 -0.0308969023772265 0.00156059965392233 0.999992453090228 0.00355784925331625 -0.0550519109788248 0.00418923072431993 -0.00356436004468255 0.999984872727288 4.5112960234887
4 0.999984400384125 -0.000957268707261698 -0.00550296511206711 -0.0498428201853504 0.000975960134667471 0.999993760960361 0.00339492889006431 -0.0712390683256968 0.0054996809196598 -0.00340024660504954 0.999979095697908 6.00232491002572
5 0.999975883653789 -0.00106449605991993 -0.00686286812950092 -0.0671329586544237 0.00108929794230254 0.999992886309288 0.00361119935927398 -0.0879010150969477 0.00685897520169012 -0.00361858797847175 0.999969929688 7.49123786660423
6 0.999962064064097 -0.0011814579350239 -0.00862986615303563 -0.086648970800732 0.00121589088468804 0.999991317391653 0.00398581869429158 -0.103917009052342 0.0086250821461638 -0.00399616046412062 0.999954818309066 8.97323934665094
7 0.999941777322802 -0.00309642606448763 -0.0103370261750424 -0.105270613408721 0.00312821593109633 0.999990423484807 0.00306058879389986 -0.11859657163622 0.0103274502954401 -0.0030927470481874 0.999941887654523 10.4628256365381
8 0.999919965800656 -0.00437621968775755 -0.0118705810497654 -0.1263890923704 0.00441618525124378 0.999984661869688 0.00334265361543757 -0.134626478013264 0.0118557707906852 -0.00339480877378745 0.99992395509476 11.9507613904477
9 0.999905373199458 -0.00407295308528542 -0.0131398515980198 -0.149489596427607 0.00411695908228978 0.999986001605527 0.00332373899481366 -0.151605746180707 0.0131261302282002 -0.00337752071140315 0.999908144310804 13.4319644891626
10 0.999892400126059 -0.0036256697384242 -0.0142141721213835 -0.178352301146429 0.00367239640487634 0.999987934376037 0.00326260739166302 -0.167512289495223 0.0142021714816394 -0.00331445641011582 0.999893650696869 14.9011000162686
11 0.999887058781187 -0.00219736260821233 -0.01486745706147 -0.20867616215824 0.0022544636820171 0.999990143313195 0.00382500587751221 -0.183289733719089 0.0148589055927107 -0.00385809201867547 0.999882157081805 16.3700817405537
12 0.999882484905546 -0.000712976559259349 -0.0153136554596292 -0.24381204236082 0.000783184863092056 0.999989208814698 0.0045791784878913 -0.198961782116645 0.0153102253602129 -0.00459063378845336 0.999872253380821 17.8343713470672
13 0.999873323894707 0.000152642076235308 -0.0159158054822214 -0.276883035955001 -6.6557017675354e-05 0.999985368132006 0.00540916740916385 -0.211710683119061 0.0159163982708006 -0.00540742288835678 0.999858704039622 19.301736771491
14 0.999867145582791 8.19049489425306e-05 -0.0162998305421239 -0.307343597160734 5.73439510236498e-06 0.999985546054558 0.0053765834024489 -0.224767254677765 0.0163000353140516 -0.00537596256926282 0.999852693087944 20.7686119632472
15 0.999857120033667 0.000711899565231301 -0.016888834092096 -0.338803456712514 -0.000618442898354438 0.99998447273691 0.00553821392379537 -0.238855310698604 0.0168925145068103 -0.00552697784447065 0.999842035258342 22.204138047739
16 0.999855160149806 0.00119425959057022 -0.0169774104573051 -0.370167331580315 -0.0010906328902393 0.999980728343283 0.00611174786257559 -0.251532695222921 0.0169843822879789 -0.00609234651569492 0.999837193783182 23.6353789048556
17 0.999855719646999 0.00218057919737786 -0.0168459183051836 -0.404994338966504 -0.00205703984414421 0.999970892175067 0.00734733895230211 -0.26414318288946 0.0168614494116182 -0.00731162615047949 0.999831101560046 25.0650192561864
18 0.999856159029178 0.00240834944231931 -0.0167887195575896 -0.438455890928399 -0.0023079413320157 0.999979351482657 0.00599750074058891 -0.276826711246764 0.0168028169729865 -0.0059578906744813 0.999841071811157 26.512261230363
19 0.999858018723991 0.00293035086925633 -0.0165938373234651 -0.470742628567113 -0.00286485804080672 0.999988018896274 0.00396921305953543 -0.290789728863571 0.0166052696979182 -0.00392111051731652 0.999854434360608 27.9315867583136
20 0.999866361415917 0.000976796157362858 -0.0163188595852341 -0.49899798321257 -0.000914587327566356 0.99999228893422 0.00381911012145405 -0.306217564702314 0.0163224642415256 -0.00380367471880797 0.99985954474602 29.3365693940622
21 0.999870842859207 5.30785844706019e-05 -0.0160715519686971 -0.526505642104908 5.14964846807764e-05 0.999978832093199 0.00650635947628423 -0.32127167418482 0.0160715571159339 -0.00650634676192705 0.999849674953032 30.729758258051
22 0.999871300074948 -0.00165722908753965 -0.0159573455870531 -0.554215036324428 0.0017810352920275 0.999968401668569 0.00774748847662522 -0.335347834046621 0.0159440019982996 -0.00777491197109656 0.999842657393712 32.144306609315
23 0.99987423026038 -0.0025043360119749 -0.015660522416333 -0.585647517504107 0.00261647880809924 0.999971054838998 0.00714447498624332 -0.348680966744695 0.0156421769539956 -0.00718455185251068 0.999851841281906 33.5217065710093
24 0.999880815761017 -0.00238204596998774 -0.0152538562363513 -0.609935091173754 0.00246462736834569 0.999982397246528 0.00539729645494151 -0.36183892003469 0.0152407311182111 -0.00543424825382389 0.999869085961206 34.8786153433413
25 0.999892046347213 -0.00151638628882763 -0.0146149315498405 -0.63595951393657 0.00158372044837598 0.999988180812605 0.00459674500462479 -0.377986625912516 0.0146077883721275 -0.00461939473515771 0.999882629967716 36.2537971535759
26 0.999905364665019 -0.000886812981555028 -0.0137286298242248 -0.664063736866588 0.000937077005979607 0.999992880469524 0.00365525607163769 -0.395595394008717 0.0137252905542911 -0.0036677749385868 0.999899076820356 37.6153660551257
27 0.999922830596369 -0.000413665235696453 -0.0124161883530699 -0.690533413984577 0.000472435951722668 0.999988697940172 0.00473083461884551 -0.413183499986422 0.0124140910427487 -0.00473633539692065 0.999911724839043 38.9444629170701
28 0.99994084487437 0.000109357340264785 -0.0108763409703839 -0.715870899593867 -3.49967771672328e-05 0.999976627751396 0.00683686522993711 -0.429012420781699 0.0108768344272362 -0.00683608015743418 0.999917477835508 40.2569423301474
29 0.999957905199329 -0.000517286205446511 -0.00916079932928878 -0.737269381689557 0.000589602863713547 0.999968674371421 0.00789320241262914 -0.4441558082603 0.00915642931676666 -0.00789827138336538 0.999926885882824 41.5341667506466
30 0.999975858186508 -8.22553301881979e-05 -0.00694811328473699 -0.754463926952409 0.000141676931470165 0.999963419804174 0.00855213313670754 -0.457503656587168 0.00694715566285744 -0.00855291106007409 0.999939290527477 42.8051079057312
31 0.999993466799906 -0.000465572002589062 -0.00358463390272791 -0.765289788778875 0.000493962360835217 0.999968488887705 0.00792320849313352 -0.471043375033577 0.00358083212288139 -0.00792492740345236 0.999962185868525 44.0556218825741
32 0.999999262942302 -0.00121411748336894 5.79556478153124e-06 -0.768945743212187 0.00121405850629724 0.99998017812275 0.00617814078321422 -0.484467652508962 -1.32964386421726e-05 -0.00617812919341328 0.99998091508932 45.2758139080593
33 0.999993139337115 -0.00133547343865937 0.00345511061987494 -0.772291481551722 0.00132001331325 0.999989124925594 0.00447298506559967 -0.499522438967197 -0.0034610465980365 -0.00446839358594006 0.999984027180038 46.5028587255332
34 0.999970592970756 -0.00106656719013888 0.00759444719138814 -0.771631839557288 0.00102789117852933 0.999986493374247 0.00509475306583068 -0.515552539169136 -0.007599778512494 -0.00508679697900445 0.999958183057199 47.7070207968314
35 0.999914466608979 -0.000697493294413617 0.0130603586927965 -0.766379509916208 0.000632787293592635 0.999987509530566 0.00495785872106541 -0.529829246155156 -0.0130636536359981 -0.00494917022956623 0.999902418572791 48.8934609000942
36 0.999809312088459 0.000809170464027149 0.0195111430818784 -0.751643248927051 -0.000889480695333792 0.999991167385435 0.00410779444571654 -0.543955733052552 -0.0195076468415341 -0.00412436592408787 0.999801200899674 50.0850000410141
37 0.999636203382964 0.00220528651728662 0.0268811755224924 -0.729514074361514 -0.0023170910533207 0.999988792093699 0.00412877415644652 -0.557477252270842 -0.0268717691108158 -0.00418955825368181 0.99963010940372 51.277885300865
38 0.999371538227177 0.00319164830068922 0.0353035686945494 -0.696484813253145 -0.0033757592967457 0.999981006142011 0.00515670479871081 -0.572255346739907 -0.0352864397554712 -0.00527264035710001 0.999363330542525 52.4395109718342
39 0.998938910875009 0.00555757061248709 0.0457183305550108 -0.655936696172625 -0.00582871771200947 0.999966194499789 0.00579964718267637 -0.587439906954759 -0.0456845530752324 -0.00605997248319154 0.998937534755712 53.6068623106299
40 0.998255042634583 0.00791291571177406 0.0585171395367625 -0.602197579621923 -0.00826710444012927 0.999948930011721 0.00581311900713608 -0.60119393811385 -0.0584681523464062 -0.00628674266639657 0.998269478661871 54.7529522669826
41 0.997253188267895 0.00998775711456463 0.0733915744301677 -0.530309484551275 -0.0104804494234135 0.999925035537194 0.00633115201396487 -0.617654906974625 -0.0733228386616452 -0.00708293821525523 0.997283105901648 55.8695431346676
42 0.995897372707066 0.0124284710005311 0.089632338716297 -0.442431771969613 -0.0131595496611048 0.999884753573871 0.00757006097970966 -0.628873048956747 -0.0895279246262357 -0.0087185250535032 0.995946152175413 56.9746333779158
43 0.994138733376081 0.0125591385747668 0.107379918232703 -0.335405351927733 -0.0135481594940915 0.99987221017573 0.00848591141970512 -0.641444582228 -0.107259620434369 -0.00989097348900643 0.994181845774562 58.0813345703651
44 0.99189161964417 0.0122880060181979 0.126491184624706 -0.207904434174424 -0.0133564042238553 0.999881903185812 0.00760172005061544 -0.655304056193626 -0.126382836437048 -0.0092295498056884 0.991938603979355 59.188443669123
45 0.989120404205853 0.0113129548395193 0.146672570838756 -0.0586239094857461 -0.0124436961929085 0.999899492825311 0.00679401742299127 -0.666460339716426 -0.146580968780771 -0.00854525017096106 0.989161765481666 60.2481612167751
46 0.985853123031848 0.00852991895587934 0.167394325743015 0.120492302270502 -0.00976430624555969 0.999930859484224 0.0065524479917263 -0.675276195402931 -0.167326860162663 -0.0080942407764709 0.985868249379377 61.2916184304937
47 0.98191639715304 0.00360816713285851 0.189280664971187 0.323350644765364 -0.00533485128584063 0.999948670942951 0.00861364273601944 -0.68634834176603 -0.189239869910522 -0.00946766124062197 0.981885245345342 62.3250080834772
48 0.977202923729317 -0.00180976569663446 0.212299718801032 0.547044461580264 -0.000340963558426296 0.999949000402832 0.0100935790098742 -0.695401159588588 -0.212307158613943 -0.00993586138691723 0.977152469709704 63.3750437090786
49 0.971743337264116 -0.00710646320801767 0.23593300884673 0.794857180969235 0.00497058592030221 0.99994111810816 0.00964642898758478 -0.704234884604284 -0.23598766865751 -0.00820112780516885 0.971721442464 64.4117914193344
50 0.965267962176474 -0.0129550310133496 0.260940469009926 1.06898458835679 0.0113059442239595 0.999905507548224 0.00781994884467868 -0.712665404811247 -0.261017119785047 -0.00459816769722721 0.965323220498164 65.3888763363015
51 0.957851789810872 -0.0165713432569542 0.286784482388377 1.36777428607922 0.0147552976843679 0.999855067747598 0.00849262560652886 -0.718401836710058 -0.286883652281469 -0.00390308622850944 0.957957481296293 66.3723811838675
52 0.949297447544263 -0.0193367400750167 0.313784076347445 1.68519626730391 0.0167539313843854 0.999799944054385 0.0109260080548859 -0.725193216304943 -0.313932575355147 -0.00511491467371341 0.949431501362139 67.3591746871918
53 0.939657877553129 -0.0237157436589187 0.341292596835988 2.03115635880374 0.0201986163690901 0.999699973075102 0.0138556750255571 -0.72970653637771 -0.341518797504797 -0.00612595595348025 0.939854980097746 68.283683577577
54 0.928819610923025 -0.0267715665876004 0.369563815311031 2.40387249730141 0.0234558460209229 0.99963421540739 0.0134632341692086 -0.734647607478096 -0.36978906643145 -0.00383648397596956 0.929107812763653 69.2057009110469
55 0.916648387506352 -0.0259473793961881 0.398851434978583 2.78939711642305 0.0241382127970792 0.99966293507653 0.00955839511324452 -0.741220822523176 -0.398965011454598 0.000865873344229257 0.91696574085316 70.0826986864259
56 0.903591057214702 -0.027116848317772 0.427536990047561 3.20467613401876 0.0280243389146326 0.999598537416293 0.00417138149840555 -0.745492893876953 -0.427478464662274 0.00821221848944464 0.903988230961812 70.9497246975359
57 0.88938279075876 -0.0290306784988176 0.456240584788396 3.64706783107887 0.0316869655715628 0.999496169581242 0.00182844340686247 -0.753163879275847 -0.456063797856205 0.0128306936025998 0.889854586764967 71.797190952993
58 0.873680829136962 -0.0296101789789097 0.48559761747705 4.11505094974801 0.0310506766824599 0.999504898815644 0.00508062211641628 -0.761461068302456 -0.485507635651708 0.0106392924748506 0.874167684817692 72.636497835441
59 0.856026617316227 -0.0285882949203926 0.516140620218641 4.6045515429304 0.0268338352697572 0.999580903463269 0.0108610642329111 -0.770680297280346 -0.516234806779681 0.00455267230322418 0.856434993122096 73.4553735945644
60 0.836403215535876 -0.0288679626333316 0.5473539090704 5.12130080453274 0.0249675504729044 0.999582133821418 0.0145663711474207 -0.779317123446184 -0.547545689842072 0.00148272668486505 0.836774473234544 74.2511499978981
61 0.815299044458957 -0.0227015651734915 0.578594942116664 5.65265336505429 0.0209894223930876 0.999733135059898 0.00964897978611399 -0.782801916698 -0.578659582355565 0.00427756963496819 0.815557962468702 75.0032695872601
62 0.793269497472704 -0.0159239039865796 0.608662413544018 6.21354088025467 0.0180739700818454 0.999833266785492 0.00260196743461908 -0.786985251834324 -0.608602362782863 0.00893688485303778 0.79342504126366 75.7485679038823
63 0.770858444991217 -0.0136825357983696 0.63685951826117 6.80811297023305 0.0172219614131526 0.999851488979656 0.000635633738318013 -0.793396155830218 -0.636773634685676 0.010477986413989 0.770979604120564 76.4687823377398
64 0.747541976735015 -0.0161678656357754 0.664017765680927 7.42382505066618 0.0182484995497008 0.999826259495779 0.00380040614459852 -0.80408270359677 -0.663963843355413 0.00927636477629262 0.747707137703825 77.1498125904765
65 0.723019007764086 -0.0165549266690476 0.690629747994407 8.05485314706828 0.018532736814258 0.999817834841685 0.004564515161368 -0.818921063822649 -0.690579504530803 0.00949902813278129 0.723194106991009 77.7972567860281
66 0.697454693923653 -0.0144893703063579 0.716482385039568 8.69723577971133 0.0190086847011603 0.999817847110583 0.00171537316368762 -0.829421937504809 -0.716376730379899 0.0124229926863079 0.69760307440759 78.4111122626661
67 0.671039181085748 -0.0121058238709966 0.74132305135897 9.36785852990142 0.0188833949035758 0.999821399389315 -0.000765976570825592 -0.837802104953332 -0.741181377831826 0.0145126962207529 0.671147932131001 79.022635308613
68 0.643943611785572 -0.00977723975520117 0.765010477329116 10.0676720488836 0.0171821810725759 0.999850956641123 -0.00168438636315088 -0.84954386589993 -0.764879988948686 0.0142291983822163 0.644015630570608 79.6157360814047
69 0.6157968149413 -0.00838072341351691 0.787860423033939 10.7839124078331 0.0172378208338027 0.999847391430263 -0.00283749590323662 -0.861784264547956 -0.787716408513275 0.0153283177539251 0.615847304478783 80.1705633118821
70 0.587023140451657 -0.00193323723134047 0.809567844697454 11.5196141081535 0.0158335241349192 0.999833290832933 -0.00909340726332413 -0.877288650484691 -0.809415302602899 0.0181563524969941 0.586955888271225 80.7042613387598
71 0.556898280590562 0.00732932051932225 0.830548364718155 12.2631362696531 0.0146553866963565 0.999718679404476 -0.0186489058808222 -0.897275344304879 -0.830451398166116 0.0225575510748962 0.556634199608187 81.2058161527546
72 0.525716883650673 0.0158062294758562 0.850512740265766 13.0355987287651 0.013497279599206 0.999546497146828 -0.0269188314183198 -0.921057666674607 -0.850552515538015 0.0256312924228109 0.525265128445331 81.69002973874
73 0.493823455284726 0.0207496479864449 0.869314584669493 13.8413589706898 0.0109759225966478 0.999486877183369 -0.0300917174881932 -0.948802792095444 -0.869492912066457 0.0244015254989408 0.493342316672225 82.1558679932697
74 0.461660088616271 0.0202329173779085 0.886826133823984 14.6752544628498 0.00896505286383832 0.999582359326133 -0.0274724362070561 -0.983369724104182 -0.887011606691798 0.0206333705046198 0.461285891411881 82.5853712415757
75 0.428335398213964 0.0189696943922145 0.903420686796329 15.5263410451994 0.00416735299638825 0.999727520441135 -0.0229677609188273 -1.01712740076351 -0.903610214531624 0.0136027779253688 0.428139632160847 82.9897539530087
76 0.394084605975273 0.0200099941487242 0.918856312742902 16.3790153643875 4.99175714193984e-05 0.999762496536216 -0.0217933023635554 -1.05022391516794 -0.919074165038682 0.00863427205045722 0.393990010666018 83.3483521974253
77 0.359021360273983 0.0230519518304307 0.933044624004568 17.242494753112 -0.00725202294029194 0.999733663973951 -0.0219091140964826 -1.0803186115221 -0.933301168450084 0.00109937892771989 0.359092913235114 83.6823370297525
78 0.32356755714807 0.024928615658762 0.945876630477024 18.1477416065704 -0.0122975193185188 0.999679248180266 -0.0221398233134172 -1.10873180091461 -0.946125153972687 -0.00446820759101444 0.323770332397955 84.0133879361124
79 0.287463328375879 0.0243601019000074 0.957481811981033 19.0667670110984 -0.0150158282014439 0.999668274937808 -0.0209252236855848 -1.13785180099558 -0.957673931848668 -0.00836214794704643 0.287733756690496 84.3037554652232
80 0.251227394703521 0.0238951146484319 0.967633101772784 20.0036715769054 -0.0156867350075992 0.999664451791481 -0.0206133492969728 -1.16679444264234 -0.96780097256372 -0.0100003660120988 0.251517932132764 84.5583203765799
81 0.215370761304094 0.0233076684993066 0.976254161458184 20.9472944670078 -0.0151225593422879 0.999674847435665 -0.0205306503408631 -1.1969078565574 -0.976415251506363 -0.010341759695827 0.215653204548784 84.7695460971725
82 0.179988611629534 0.0220958233677365 0.983420497179805 21.9105937661991 -0.0130281695698707 0.999713540455908 -0.0200774457232846 -1.22284117930036 -0.983582414686909 -0.00919845741494378 0.180224920307526 84.9516262512014
83 0.145390648192978 0.0211290857824838 0.989148685058026 22.8705351336425 -0.00496191202452635 0.999774933144349 -0.0206267419936616 -1.25388484406879 -0.989361884674706 -0.00190913336586606 0.14546276624176 85.0868407380954
84 0.111555999052588 0.0245207933083816 0.993455580169998 23.8445030707668 -0.00272964355018936 0.999699320121389 -0.0243683892557983 -1.2874422482905 -0.993754400302946 6.66039192226774e-06 0.111589389433634 85.1981792345146
85 0.0788184250612487 0.0295229188223311 0.996451731462731 24.8280756575531 -0.0019761765288762 0.999564041391861 -0.0294588167226061 -1.32118319964148 -0.996887030007509 0.000352733014369098 0.0788424059896039 85.2858419890749
86 0.0497493787378391 0.0333692650084458 0.998204133165153 25.7947553997657 0.00499928667410026 0.999420868414506 -0.0336590984779108 -1.35724312939706 -0.998749220999921 0.00666482785911616 0.0495537447793721 85.3254370233749
87 0.0242354850911173 0.0316126110280313 0.999206327084846 26.7660299299762 0.00685007877595133 0.999471187335298 -0.0317871374510481 -1.39484235447962 -0.999682808536368 0.00761501874974436 0.0240061201838104 85.3347778312745
88 0.001945334801295 0.0285649256036302 0.999590046317874 27.7647681265532 0.00859651057449765 0.999554524274318 -0.0285806404526492 -1.43348286691197 -0.999961157084841 0.00864858531785004 0.00169890951685137 85.3354428504413
89 -0.0170514557924866 0.0259446939413824 0.999517944166909 28.7518284978137 0.00904996645843383 0.999626336773796 -0.0257931179833294 -1.47207409001334 -0.999813655619115 0.00860579365827014 -0.0172798829004477 85.3142482025799
90 -0.0336371610508122 0.0291457194416986 0.999009043219663 29.7365681382503 0.010721518809292 0.999527697250653 -0.0287998517917829 -1.50877172828729 -0.999376600902214 0.00974214899457275 -0.0339337605063721 85.2719274773333
91 -0.0483343798141986 0.0335391031050513 0.998267958160977 30.7212427964668 0.0135033026007557 0.999366693866858 -0.0329222114764141 -1.54499452818298 -0.998739930385708 0.0118886396418618 -0.0487566580132062 85.2133215858609
92 -0.0601259089422264 0.0388094285802549 0.997436064781671 31.6995707676478 0.0179721120660599 0.999124010187722 -0.0377917379104052 -1.58505173108074 -0.998028996703881 0.0156537701426164 -0.0607707266582032 85.1393191258739
93 -0.0690526059115857 0.0423815524157366 0.996712366548972 32.7025509172727 0.0234842074377038 0.998889385355387 -0.0408471275043824 -1.63098543543414 -0.997336567873575 0.0205863993735803 -0.0699712122446747 85.0613344093082
94 -0.0749290662658273 0.0477626804323945 0.996044357137996 33.7323750349561 0.0273456890199915 0.998575038621984 -0.0458269083958881 -1.68293496035016 -0.996813848379201 0.0238037517844595 -0.0761283986461732 84.9908187916301
95 -0.0785885798987016 0.0525353183883332 0.995521911075463 34.7230155685949 0.0290838432779881 0.998306240368812 -0.0503863126341774 -1.7371622405519 -0.996482797227171 0.0249938144852699 -0.0799833987011622 84.9116701934413
96 -0.0813477175720858 0.0565480867021456 0.995080329790585 35.7357313517987 0.0311164324334855 0.998046625024002 -0.0541728890757348 -1.79810226333065 -0.996199938003624 0.0265565089672224 -0.082948389695336 84.8267791076518
97 -0.0842054782647275 0.0594397167729659 0.994673995588584 36.7681349683215 0.0314212848890089 0.997881238717223 -0.0569713636145725 -1.86278976618309 -0.995952880555166 0.0264566340665189 -0.085894739232028 84.7481235497155
98 -0.0868080832546738 0.0630595847655133 0.994227260464554 37.7751349006347 0.032302495771648 0.997648035434512 -0.0604561507258073 -1.92746949613726 -0.995701212939189 0.0268679393117504 -0.0886408956891107 84.658260058965
99 -0.0887440313198493 0.0668729693058591 0.993807075282381 38.7706292482078 0.0335890232641517 0.997377159515537 -0.0641137987712413 -1.99515004891062 -0.995487957948896 0.0276912920055489 -0.0907574676035066 84.5611592422185
101 -0.0924571389865241 0.0670228720453609 0.99345840983567 40.806469908797 0.0365458443865002 0.997288191883587 -0.0638800719132649 -2.13696426112616 -0.99504576714265 0.0304006077629605 -0.094655820418706 84.3584967475517
102 -0.0948566107390669 0.0666080439449616 0.993260082697842 41.8287340277642 0.036265216464481 0.997327957631435 -0.0634174975972293 -2.21009993255836 -0.994830165140705 0.0300052230209395 -0.0970187049881732 84.2568259572933
103 -0.0970747388815696 0.0680266029074132 0.992949584001098 42.8513866667162 0.0361908514771294 0.997242919394005 -0.0647825747240863 -2.28202072273346 -0.994618880446393 0.0296469393934447 -0.0992690366839832 84.1605476585702
104 -0.0993038189476145 0.0701785467093845 0.992579328378432 43.8547088839076 0.0349504335283758 0.9971403522294 -0.0670043666637232 -2.35473896163442 -0.994443170190534 0.0280372883422564 -0.101472615635033 84.0557001558589
105 -0.101797950071286 0.0722600500768613 0.992177233423633 44.8777804981114 0.0332251412702247 0.997048959720336 -0.0692059383880444 -2.43237679108365 -0.99425010301677 0.0259202060849382 -0.103898390592236 83.9626973195926
106 -0.1042087787903 0.0758196235170806 0.991661189677585 45.9148404002284 0.0309400376838933 0.996854438685703 -0.0729653489043384 -2.51283192726142 -0.994074063886164 0.0230784046749496 -0.106226845695924 83.8571376645361
107 -0.106712203508273 0.0799213224768607 0.991072695535478 46.9817469428792 0.0275029602557504 0.996620133970726 -0.0774073364826835 -2.5982572181368 -0.993909499300404 0.0189971255120981 -0.108549603512395 83.7545296209754
108 -0.10931636757716 0.0822329820947921 0.990599650936509 48.032589292515 0.0252337526147311 0.996480510797108 -0.0799365331404503 -2.68532794513651 -0.993686665659107 0.0162581750923456 -0.111006676528725 83.6499356075871
109 -0.112110590892618 0.0807974307310232 0.990405467774171 49.0921429894218 0.0232116746099862 0.996629837348137 -0.078677731723955 -2.77382913503124 -0.993424598835517 0.0141683624562618 -0.113608203637765 83.5366188098801
110 -0.115060602078599 0.0765493775995156 0.990404589366607 50.1501765320002 0.0201397040725293 0.997001197989966 -0.0747194989707793 -2.86043708981613 -0.993154293234028 0.0113491848033293 -0.1162572399256 83.4216650529548
111 -0.117378661046375 0.0748942626033016 0.990259107183604 51.2126766515291 0.0204372471249542 0.997123185285463 -0.0729909055713512 -2.94743585627092 -0.992876915262367 0.0116705953267202 -0.118571616940169 83.2999653659709
112 -0.119301883058178 0.0753511730940509 0.989994576455913 52.2673453976341 0.0196038937404319 0.997100339095999 -0.0735295935311573 -3.03333041356532 -0.992664469017093 0.0106355295116761 -0.120433124442654 83.1795717923564
113 -0.120396556542204 0.0782074875184051 0.989640469094124 53.2952399444289 0.0208833585111081 0.996870909582765 -0.0762382775574487 -3.11567820116564 -0.992506198726273 0.0114881906185682 -0.12165305983096 83.0497757447035
114 -0.120905039574743 0.0810732874217252 0.989347812183392 54.3566635360643 0.0211682488310285 0.996643162349219 -0.0790842094477573 -3.20026989702318 -0.992438349040815 0.0113810811957133 -0.122215360507422 82.9158365845138
115 -0.121332692865497 0.0818691643375435 0.989229911381919 55.4118854114122 0.019895844420622 0.996593213354436 -0.0800382562945367 -3.28809516853499 -0.992412481288299 0.00997030724460538 -0.122548194424279 82.7890277078959
116 -0.121307015549119 0.0806361803438825 0.989334328929364 56.4619758596697 0.0169436849409391 0.996717882449412 -0.0791604342217919 -3.37620233862104 -0.992470412414994 0.00716025314561662 -0.122275145698963 82.6655742135011
117 -0.121356428700225 0.0800329294913674 0.989377252320952 57.5398163210785 0.0131902350419802 0.99678621085921 -0.0790143502186478 -3.46672565965382 -0.992521352371154 0.00346121914469802 -0.122022067878592 82.5405726395969
118 -0.121257871831771 0.0811058941168842 0.989301957168958 58.6161522723083 0.0093244943001028 0.996705341068378 -0.0805699503029225 -3.55906093251888 -0.992577242497972 -0.000545000246621419 -0.121614639948709 82.4149572865296
119 -0.121584460756828 0.0812474970803621 0.989250253030369 59.6845009275704 0.00516276747684041 0.99668255135829 -0.0812233811775223 -3.65175823844834 -0.99256766254722 -0.00476823196851402 -0.121600572488139 82.2922436521825
120 -0.121922324279009 0.080584115417834 0.989262931269907 60.7359478658886 0.00184964224778741 0.99671537339323 -0.0809632216821254 -3.74464427176277 -0.992537921525399 -0.00804144165675458 -0.121670906753101 82.1678950304609
121 -0.122224044421142 0.0754263658028746 0.989632328851028 61.8290588167981 0.00215230798861853 0.997125909834199 -0.0757316810036745 -3.83611564684126 -0.992500201781169 -0.00712623877589968 -0.122035102266717 82.0361514259123
122 -0.122637289137989 0.0667659718744793 0.990203211625039 62.9312750200447 0.00535775749406021 0.99776455299384 -0.0666122452979741 -3.92338204590243 -0.992437096116182 -0.00286387650901179 -0.122720855863301 81.9036029451075
123 -0.122561578029595 0.0614987533045667 0.990553664842486 64.046737107028 0.0108796476208863 0.998101548265982 -0.0606212224942327 -4.00480510604262 -0.992401276127022 0.0033470421320874 -0.122997985554338 81.7684539013351
124 -0.121659082818793 0.0639859365930597 0.990507378814514 65.1431599410206 0.0191994526167148 0.997884978692138 -0.0621043502486709 -4.07812853766412 -0.992386239619891 0.0114616411957453 -0.122630266224091 81.627657412222
125 -0.120463283228686 0.0697090524547145 0.990267259581792 66.2374558597928 0.0246116039066713 0.99743460264034 -0.0672196579048701 -4.15295591825901 -0.992412649227581 0.0162745648658421 -0.12186989862768 81.48727983912
126 -0.119588336886244 0.0754338384055391 0.989953718970836 67.3421995138209 0.0281266445943914 0.996966609173323 -0.072570462705622 -4.23582347924252 -0.992425070997626 0.0191654954763581 -0.12134727948538 81.3510182301013
127 -0.118998946244987 0.0797985179063325 0.989682498245036 68.4619135467479 0.028934003379284 0.99662051689574 -0.0768789226701079 -4.32534066393375 -0.992472707050945 0.0194869659624474 -0.120905681903491 81.2168586443831
128 -0.118929022849093 0.0768718148876224 0.989922528079871 69.5815196106148 0.0259443454126543 0.996898644309096 -0.074296594240888 -4.41335784833454 -0.992563740253123 0.0168468706461878 -0.120554570565208 81.0891141352041
129 -0.118694371356143 0.0722992750116562 0.990295138350764 70.7170495313409 0.02514279763961 0.997244586405193 -0.0697930842733727 -4.50415700871884 -0.992612455057473 0.0166147440042086 -0.120185125312789 80.9568164468282
130 -0.118592466850317 0.0702652161185329 0.990453747638007 71.8472754937621 0.0227549969757071 0.997423399596902 -0.0680350795486774 -4.58852998973787 -0.992682243680722 0.0144693241160455 -0.1198857862327 80.827023586604
131 -0.118323802396782 0.0709797945476426 0.990434927974747 72.9589437348063 0.0209551401933143 0.99739825458295 -0.0689753858587532 -4.67045456999338 -0.992753927157101 0.0125932728414731 -0.119503345531807 80.6982018227688
132 -0.117918712979789 0.0762168907087506 0.990094017101346 74.1062095754031 0.0219219804104039 0.997006999991656 -0.0741381733152588 -4.75829537027402 -0.992781246752816 0.012962543667346 -0.119236607455916 80.5600761617029
133 -0.117243096125822 0.0788322613118763 0.989969459623522 75.264176539275 0.0215098450381288 0.996812179169764 -0.076829720976079 -4.84838572947912 -0.992870274999341 0.0122863353072636 -0.118565015866614 80.423060248313
134 -0.116745380381128 0.0777570389980235 0.990113306165474 76.4232240749257 0.0218117431879124 0.996890724326777 -0.0757174458783281 -4.94125482894996 -0.992922335340872 0.0127564351404634 -0.118078403375625 80.2863521945775
135 -0.116058668401965 0.0709130313052473 0.990707690229497 77.5414397085536 0.0233491123219439 0.997367228711533 -0.0686544248104505 -5.03186196898774 -0.992967876843224 0.0151642040139784 -0.117408868805055 80.1522158992212
136 -0.116484021067661 0.0692757489344388 0.990773608573362 78.6802109495792 0.0226738066916403 0.997489960659913 -0.0670796308337731 -5.11909227889993 -0.992933719502978 0.0146509041447192 -0.117762386532047 80.0224476980559
137 -0.116099723084498 0.0724051538607294 0.990594946481208 79.8117567119098 0.0202939234321675 0.997304116862119 -0.0705170558205479 -5.20223930716547 -0.993030216545012 0.011916047342682 -0.117256116447266 79.8981294728701
138 -0.115818912865111 0.0755506330853652 0.990392892373095 80.974465751739 0.0197252507103036 0.997081361807295 -0.0737541349412096 -5.28899346314005 -0.993074465439103 0.0109936243755645 -0.116971134541516 79.7682400478216
139 -0.115816581905353 0.0750657511105353 0.99043003405893 82.1435082412758 0.0187857190113561 0.997127357566501 -0.0733766281160037 -5.37982984456372 -0.993092954419166 0.0101077100601031 -0.116894046385408 79.63781658983
140 -0.115736896649284 0.0715168624875956 0.990701927490769 83.3264305268807 0.0184175864145039 0.997387620141595 -0.0698478897243862 -5.4730445535375 -0.993109139654176 0.010162360366375 -0.116751715906562 79.5044307179654
141 -0.114853393264331 0.0705007576632212 0.990877561167161 84.4911365094348 0.0192574531878152 0.997448991081778 -0.0687361672386699 -5.56303028650587 -0.99319577554095 0.0111871962016873 -0.115918066274231 79.3733482959821
142 -0.113454632032154 0.0710242026618006 0.991001316400087 85.6870903187544 0.0207211005698019 0.997393819236019 -0.0691100957962281 -5.65249357408435 -0.993327077282013 0.0126937774536643 -0.114630648398813 79.2352529712943
143 -0.112132644098972 0.0712938071288295 0.991132414560462 86.865192827913 0.0232499995599814 0.997338094854568 -0.0691097827541153 -5.74088509877891 -0.993421213608726 0.0152943655290896 -0.113491738621049 79.0996952183429
144 -0.111059224891376 0.0706343986911285 0.991300474270072 88.0324682893675 0.0230192975862302 0.997386262007934 -0.0684890961867483 -5.83034532991088 -0.993547160684969 0.0152126946785828 -0.112394899419203 78.9722517791149
145 -0.109840588698335 0.0713524305660579 0.991384827262713 89.2207843319256 0.024271762201913 0.997315118575797 -0.0690900558673815 -5.91889494504751 -0.993652819969841 0.0164737643682311 -0.111277528969343 78.8465746368931
146 -0.108948963510885 0.0695757351629046 0.991609469713983 90.4197647125314 0.0244003377606221 0.997434137074588 -0.0673035341972446 -6.00772053611719 -0.993747828609991 0.0168629556962434 -0.110367086842569 78.7210061996192
147 -0.107859862982298 0.0687381320987657 0.991786932336282 91.6065087643793 0.0229811566550875 0.997512681747822 -0.0666356975731708 -6.0953605132583 -0.993900455979488 0.0156050936505167 -0.109171262958365 78.5974760822792
148 -0.106525203996371 0.0680391375689837 0.991979363027478 92.7905502656247 0.0242671906937359 0.997536753869823 -0.0658143459641598 -6.18130220068921 -0.994013825039353 0.0170616657371187 -0.107913924925885 78.4730979822346
149 -0.104885015447906 0.0688161595653513 0.992100534077655 94.0113640930898 0.0222563528490482 0.997515527096096 -0.0668388207560259 -6.27189898463189 -0.994235278137097 0.0150701488006458 -0.106156028198003 78.3483621406727
150 -0.103424395319651 0.0714437386739332 0.992068136096032 95.250489773278 0.0227500056041763 0.99732594612178 -0.0694506618924988 -6.36444688299477 -0.994377107388226 0.0153866629451283 -0.104773178369459 78.224246311597
151 -0.102537869139768 0.0703611302656102 0.992237520324656 96.4547511625791 0.0204348948234107 0.997433709442062 -0.0686178573128325 -6.45347889730061 -0.99451918054195 0.0132403404938817 -0.103712549470997 78.1110851034588
152 -0.101813371176958 0.068926258127276 0.992412821556713 97.7025288412206 0.0169036514448011 0.997572655639899 -0.0675504499421882 -6.55001697830941 -0.994659893640744 0.00989786139181176 -0.102731340507427 77.9922855745953
153 -0.10196107388684 0.0700420984373042 0.992319527097165 98.9165809026689 0.0142994013791325 0.997518337229382 -0.0689397854023914 -6.6383646590959 -0.994685611905612 0.0071604006611572 -0.102709600964714 77.876955816347
154 -0.102358288985828 0.0693532437692053 0.992327016791634 100.12092139491 0.0115511179326712 0.997582248802808 -0.0685290343433938 -6.72726142257349 -0.994680527782865 0.00444797169749513 -0.102911919607882 77.7643574123191
155 -0.10337335950837 0.0667948722324306 0.992397296241484 101.361525322456 0.00889686483303559 0.997764758483223 -0.0662293932107134 -6.81851323122721 -0.994602832461328 0.00198286973093818 -0.10373656003326 77.6424278151951
156 -0.104906764965288 0.0653203438048236 0.992334531974847 102.615831283501 0.00673743616454296 0.997864337336453 -0.064972080357717 -6.91054262909228 -0.994459238791841 -0.000130220200340643 -0.105122811150829 77.5179182110549
157 -0.106297196964439 0.0645909934106149 0.992234301708893 103.854660928854 0.00485693441208886 0.997909755580648 -0.0644401265135982 -7.00040295095598 -0.994322541284075 -0.00203058789560441 -0.106388724060298 77.394816114139
158 -0.108095900453759 0.0647843984548305 0.992027347416359 105.083557191721 0.0049316757714011 0.997897087491652 -0.0646303438778175 -7.09015177021823 -0.994128238648907 -0.00209391798428821 -0.108188079880818 77.2707930329961
159 -0.11050864791133 0.0634848290234542 0.991845509754757 106.33902278506 0.00455130810279318 0.997979700426734 -0.0633703647671328 -7.17994229720006 -0.993864741467049 -0.00248877882279773 -0.110574326353851 77.137890764587
160 -0.113734913979204 0.0587155949512532 0.991774595486123 107.620461229983 0.00179405584765286 0.998262631945736 -0.0588939642441248 -7.2701135074553 -0.993509512136526 -0.00491900094461438 -0.113642653629472 77.001093888456
161 -0.117834841519368 0.0587951703761836 0.991291116708175 108.890146598747 0.00116475301025047 0.998253184321286 -0.0590696482369506 -7.3582389082729 -0.993032523875493 -0.00580585332638546 -0.117697487622387 76.8593705208779
162 -0.12341867119336 0.0646583340384644 0.99024599541742 110.102370178783 -0.00400546870734669 0.997834472239298 -0.0656530443418817 -7.44255556701677 -0.992346606696118 -0.0120692108396937 -0.122892417701042 76.7274972197723
163 -0.130285775997207 0.0677131689191991 0.989161535507587 111.291640003302 -0.00320077700232398 0.997631227437129 -0.0687145477236753 -7.52939424702027 -0.991471316579248 -0.0121186136669123 -0.129760423871861 76.5780791860947
164 -0.139414215342265 0.0636678424119678 0.988185247007415 112.532008511287 -0.00133839606990651 0.997917861116393 -0.064483727876451 -7.62393715572344 -0.990233247904988 -0.0103125315751738 -0.139038722793509 76.4075024333964
165 -0.150389430091993 0.0614716765906456 0.986713865461381 113.798600064417 0.000636144370357984 0.998070833857982 -0.0620822512669525 -7.72151960384058 -0.988626630552175 -0.00870882191619744 -0.150138408756341 76.2225179341671
166 -0.163561050580727 0.062459389695508 0.984554014451109 115.065250643187 0.000968234659784629 0.998003465593591 -0.0631517631173116 -7.81364881962816 -0.986532739068792 -0.00937588940027101 -0.163294970661626 76.0223599960028
167 -0.177855019006813 0.0627234987341746 0.982055678116384 116.277115923229 0.00278274577081985 0.997994623906137 -0.0632375440733102 -7.90134224504548 -0.984052767152281 -0.00851430331811479 -0.177672896354357 75.8142504813887
168 -0.192236138969051 0.0604133875651694 0.979487360549983 117.446411563347 0.00314915911051304 0.998136123950623 -0.0609455565379647 -7.9902826881256 -0.98134364504549 -0.00863137693106998 -0.19206808600365 75.5928724426361
169 -0.207531174213867 0.0630250107485526 0.976196015024421 118.635483254053 0.00729052652067707 0.997994311872462 -0.0628824434422089 -8.08034563742876 -0.978201236940777 -0.00593308438808387 -0.207574416913981 75.3433727228268
170 -0.222672817016911 0.0661031095533928 0.972649574856807 119.781125964453 0.00787432682023336 0.997787966204308 -0.066008859064519 -8.1694796240733 -0.974861431968094 -0.00703941796198512 -0.222700774708744 75.0855658119661
171 -0.237627132548853 0.069923060181177 0.968836473060087 120.904922930872 0.00787837192211831 0.997511648443712 -0.0700602774399666 -8.2581125288422 -0.971324496310304 -0.0090153687671556 -0.237586712577799 74.8123281992497
172 -0.253587546549717 0.0678065392518336 0.964932966308844 122.080853938686 0.00430081869249483 0.997609293675463 -0.0689724592204601 -8.35102977868933 -0.967302878726963 -0.0133405549747113 -0.253272916829845 74.5198142110486
173 -0.26956380127708 0.0621159363078671 0.960977089996243 123.246424939841 -0.00127814314583062 0.997893510395552 -0.0648606834726664 -8.44310498719023 -0.962981683829526 -0.0187123586712004 -0.268916574873716 74.2170630545344
174 -0.285334015825922 0.0581172507332447 0.956664457675659 124.4239401071 -0.00538836932886227 0.998046768945156 -0.0622383521159665 -8.53217559411852 -0.958412992863008 -0.0229135803693887 -0.284463535353878 73.8882086806872
175 -0.300361874359072 0.0595480497054094 0.951964691681255 125.582505420386 -0.00708927658862488 0.997882357201232 -0.0646571213708296 -8.61972850864355 -0.953798975984434 -0.0261692751675378 -0.299303662604136 73.5402738094257
176 -0.314772081054767 0.0614997994105359 0.947172799261526 126.720026561398 -0.00714123930979987 0.997717007580447 -0.0671548619672414 -8.7062158987533 -0.949140421481232 -0.0279024632816338 -0.313614273994737 73.175104567778
