0 1 0 0 0 0 1 0 0 0 0 1 0
2 0.999974590262703 -0.00136315933136842 -0.0069971869759123 -0.0113055030793541 0.001336746111353 0.999991969412534 -0.00377812390946601 -0.00720648490734206 0.00700228096925252 0.00376867444584953 0.999968382077228 1.36781478037536
4 0.999864707713697 -0.000139101690353536 -0.0164483105309719 -0.0430340378273403 4.46320111042637e-05 0.999983504080862 -0.00574365512056503 -0.0183289356585805 0.0164488381531075 0.00574214392715377 0.999848220234718 2.80986662097292
6 0.999685126210103 0.000484011635953285 -0.0250881280096226 -0.0870996675769768 -0.000662591560692939 0.999974502115066 -0.0071102807363055 -0.0371271593477048 0.0250840468568101 0.00712466507715558 0.99965995705581 4.31038641867735
8 0.999409480070302 0.00342225580132246 -0.0341903394373202 -0.150878246648134 -0.00363476327283098 0.999974450654587 -0.00615520381532172 -0.0561333311885974 0.0341684012145628 0.00627584283486981 0.999396384901983 5.8846305851386
10 0.999106668459267 0.00215157098466863 -0.0422046891058647 -0.22314797747551 -0.00218553395153171 0.999997323982972 -0.000758596231123121 -0.075270096127284 0.042202943991758 0.000850158334137885 0.999108697164245 7.50139559452047
12 0.998888486547872 0.00305380601378994 -0.0470368548154799 -0.309324143361835 -0.00312630299393175 0.999994035892007 -0.00146779085906832 -0.0924400612958197 0.0470320919340458 0.00161321084981832 0.998892076191949 9.14315657241066
13 0.998807427551204 2.98167150717633e-05 -0.0488233732909757 -0.349143518900277 -0.000132709398270159 0.999997777348086 -0.00210420700114735 -0.098642573730188 0.048823202033071 0.00210817690234218 0.998805211506922 9.9768773477983
14 0.998710542882301 -3.98783344282838e-06 -0.0507666378622542 -0.394254229858615 -5.85942037288649e-05 0.999999240293418 -0.00123125111414027 -0.107108466598916 0.0507666042045296 0.00123263809934899 0.998709783921664 10.8124829734514
15 0.998629070278575 -0.00150100429510579 -0.0523232929072196 -0.437708785616969 0.00142791595955463 0.999997952040057 -0.00143421466451278 -0.117072741420614 0.0523253385135832 0.00135753519200362 0.99862916843423 11.6588271375219
16 0.998521547605826 0.000752097183961825 -0.0543521233871443 -0.48831166676905 -0.000957096202948032 0.999992526623473 -0.00374575280286286 -0.127782808822254 0.0543489000231264 0.00379223509657948 0.99851480510769 12.5239284552135
17 0.998444575083702 0.00129281629938519 -0.0557383091952197 -0.541298782254522 -0.00164577060009958 0.999978882878465 -0.0062869099141144 -0.138987347965287 0.0557290043429605 0.00636886356836022 0.998425618487321 13.3875296276237
18 0.998333207520609 0.00528548779382197 -0.05747060448955 -0.60099908421426 -0.00574848979658096 0.999952318742327 -0.00789399182300419 -0.151334603916282 0.0574261406214237 0.00821120336031275 0.998315989310351 14.2591279449319
19 0.99826923819135 0.00621495066900043 -0.0584799321908171 -0.662276797837363 -0.00666811018344555 0.999949212558469 -0.00755702390360955 -0.165240084065452 0.0584299956139148 0.00793389512661893 0.998259980626629 15.1617039552085
20 0.998200543262593 0.00537001302207323 -0.0597230139092683 -0.721439014241873 -0.00574776896922533 0.999964538072466 -0.00615514007927455 -0.179011036583013 0.0596878428336986 0.00648733825708552 0.998196010741476 16.0526733434638
21 0.998091608355458 0.00590350739810491 -0.0614677958838273 -0.777554151508249 -0.00620252168745302 0.999969836583751 -0.00467489544083796 -0.191153081329075 0.0614383435252938 0.00504722924648893 0.998098119135489 16.947373041563
22 0.998026266451235 0.00548114848335599 -0.0625582007790419 -0.835366538999329 -0.00577904938097669 0.999972803416798 -0.00458203175472891 -0.205395675843899 0.0625313846133263 0.00493451497642023 0.998030799374592 17.8552777487699
23 0.997935511484593 0.00516416414000394 -0.0640159849312531 -0.89815500260778 -0.00551375847077941 0.999970830108208 -0.00528558418976667 -0.21783367558694 0.0639868219675679 0.00562764084108966 0.997934875767479 18.7629816440882
24 0.997879029225412 0.00351783284643407 -0.0650005221841659 -0.960434699542171 -0.0039097244719682 0.999974934979781 -0.00590283548271689 -0.229344448602011 0.0649781277562149 0.00614444987344499 0.997867771124536 19.6802379711233
25 0.997841645580685 0.00356056494302589 -0.0655696021195624 -1.02555192444098 -0.00384519711165245 0.999983723023385 -0.00421522804387034 -0.241534776832468 0.0655535262514822 0.00445825813247577 0.997839094809589 20.6032029499571
26 0.997834801478376 0.00495954697128991 -0.0655828624905073 -1.09244762163127 -0.00502375104389903 0.999987049501019 -0.000814098086852925 -0.254166793628407 0.0655779756020125 0.00114180737677739 0.997846794549071 21.5285915809277
27 0.997884483123984 0.00597822848384728 -0.064736536241702 -1.15830295280595 -0.00579690198222145 0.999978732279272 0.00298846391134786 -0.264059223911516 0.0647530251632061 -0.00260687041024837 0.997897915600026 22.4619713586391
28 0.997991406399951 0.0050806588209912 -0.0631453850870582 -1.22027471941307 -0.00472089407084038 0.999971772417586 0.00584529958196567 -0.271011050553997 0.063173300618379 -0.00553545607657654 0.997987220767382 23.4073094040349
29 0.998079938107429 0.00508139499155582 -0.0617301917412492 -1.28016462300346 -0.00468197245122333 0.999967170611017 0.00661338295912985 -0.275441668363879 0.0617617703878183 -0.00631166579738778 0.998070962704268 24.3550410575709
30 0.998163065937119 0.00531337384143669 -0.0603511545658601 -1.33878611477294 -0.00510266739062375 0.999980338471614 0.00364492190557286 -0.280879955890594 0.0603693348026286 -0.00333027455597826 0.998170552905098 25.298835982167
31 0.998215934865927 0.00637804724907856 -0.0593655446621342 -1.40205930217622 -0.00646005204332794 0.999978426137399 -0.00118953241567147 -0.286860842917883 0.059356677024079 0.00157091472046072 0.998235602009666 26.2404972283596
32 0.998294341001094 0.00559537523821778 -0.0581128256165081 -1.46056881060656 -0.00583926092217707 0.999974839624176 -0.00402779722515847 -0.296420380173138 0.0580888264391172 0.00436026312827538 0.998301896396265 27.1893360231792
33 0.998343929882533 0.00287248050999444 -0.0574556047955352 -1.51679386225062 -0.00305300001342022 0.999990674983515 -0.00305436358885353 -0.306668026999322 0.0574462954211939 0.00322471731079799 0.998343389991964 28.1554881730895
34 0.998331167890692 0.000863334020933886 -0.057741959374233 -1.57543322235553 -0.000750308553244856 0.99999776014694 0.0019790750814774 -0.316594120856725 0.0577435386435764 -0.00193244805143509 0.998329579542471 29.1386707120987
35 0.998283708214011 -0.00292620663436492 -0.0584899583622393 -1.6324190026795 0.00324851906834086 0.99998005555954 0.00541623550104674 -0.327816403344425 0.0584729427884907 -0.00559694540559151 0.998273303842079 30.1283039272276
36 0.998159227657365 -0.0104866549724721 -0.0597342976014701 -1.68165984747234 0.0107912952712455 0.999930349232633 0.00477960561899678 -0.33450996215666 0.0596800149867731 -0.00541541789640254 0.99820286969142 31.1071483279457
37 0.998042622449504 -0.0125476067060559 -0.0612656619981067 -1.73971146249345 0.0126229681726977 0.999919971662374 0.000843175680161629 -0.339775750086255 0.0612501791722047 -0.00161487976849551 0.998121138797644 32.0851525458798
38 0.99796278779309 -0.0122231223480019 -0.0626168464577136 -1.80519020995099 0.0120549681947866 0.99992264627509 -0.00306254927196788 -0.350753038123176 0.0626494367258461 0.00230146611670119 0.99803294100528 33.0727921765789
39 0.997837521888969 -0.0110025826298 -0.0648014126848692 -1.86978954832895 0.0107828753579089 0.999934871698271 -0.00373924601742243 -0.362128558552712 0.0648383336421912 0.00303241442376063 0.997891173902879 34.0522133203859
40 0.997790664756623 -0.01094538575772 -0.0655285270332773 -1.93904402054691 0.0108067148213237 0.999938554419033 -0.00247028361628253 -0.373615019450519 0.065551538801975 0.00175667782731791 0.997847638592037 35.0558545646405
41 0.997761570775997 -0.00765942349717977 -0.0664317778951225 -2.01394226109641 0.00769704167091032 0.999970329180457 0.000310335696885219 -0.386745978237282 0.0664274298172999 -0.000820969195123477 0.997790921274316 36.0552282515081
42 0.997670153814774 -0.00770274098116891 -0.0677859275114075 -2.08658483562905 0.00783467041151769 0.999967896193929 0.00168063114075572 -0.398041878500919 0.0677708058587742 -0.00220779592929457 0.997698473242486 37.0689014366788
43 0.997598962131625 -0.00643573482908359 -0.068955725441142 -2.15540253984295 0.00674504568064775 0.999968204482342 0.00425374930225005 -0.406701270976634 0.0689261569556175 -0.00470864540713548 0.99761065228162 38.0545405308661
44 0.997601207688695 -0.00660452694056799 -0.0689072611699906 -2.22332528800706 0.00712937716492785 0.999947399495705 0.00737361668498902 -0.416176273455623 0.068854937363258 -0.0078471947642616 0.99759581952564 39.0500434588142
45 0.997586450859263 -0.000753615747251978 -0.0694312978801756 -2.30561081884182 0.00142446445637667 0.999952779006088 0.00961304629212729 -0.421009188102642 0.0694207747222162 -0.00968874714849947 0.997540417334385 40.051426423393
46 0.99757891264262 -0.000765338170722605 -0.0695393939307252 -2.38135604613644 0.00139590657118073 0.999958347854426 0.009019645286358 -0.426758900289867 0.069529594386942 -0.00909487843413097 0.99753842968111 41.0500505055863
47 0.997595554672096 -0.000636257479310265 -0.0693015474206278 -2.4563794432493 0.00114448194811672 0.99997274301953 0.00729406464653722 -0.431100223232189 0.0692950175665173 -0.00735584083687589 0.997569091414744 42.0684954510017
48 0.997594642525973 0.00156139885062868 -0.0693000089257261 -2.53448860638204 -0.00120991356635011 0.999986193397902 0.00511362129383689 -0.438469488036917 0.0693070365304882 -0.00501747418569099 0.99758275829134 43.0669610459532
49 0.997536179666495 0.00130389065991343 -0.0701417858734736 -2.60686077667913 -0.000944747876370633 0.999986276048725 0.00515317044665453 -0.447237454243364 0.0701475424218363 -0.00507420765727724 0.997523721376503 44.0658232570022
50 0.997444282576177 -0.00070463768357129 -0.0714451302877244 -2.67781559304338 0.00115518970658018 0.999979706551759 0.00626514336629642 -0.453281436361977 0.0714392657635619 -0.00633166410932608 0.997424854982454 45.045670719917
51 0.997393779318224 -0.000248331496851505 -0.0721497561241785 -2.75140120010133 0.000778708313215668 0.999972883132369 0.0073230194114053 -0.460610156950861 0.0721459811124202 -0.00736011762165263 0.997366926500935 46.020598433879
52 0.99737495788571 0.00224775507282342 -0.0723750024498187 -2.8302561068863 -0.00197212480597341 0.999990529678008 0.00387959766565412 -0.472425308879521 0.0723830374205748 -0.0037266810207316 0.997369945277248 46.9856936646148
53 0.997319511522686 0.00273573384365472 -0.0731184497680777 -2.9061378713825 -0.00276109217065886 0.999996157984788 -0.000245734996350797 -0.481329786892762 0.0731174965803353 0.000446963085709958 0.997323233419248 47.9282607080526
54 0.997271112290194 0.00350054471158784 -0.0737433032769786 -2.98255781990967 -0.00362206613623286 0.999992293845255 -0.00151422818966467 -0.491015232849312 0.0737374343761906 0.00177719915254154 0.997276106369138 48.8946781301142
55 0.997252429941854 0.00203870678167829 -0.0740502170808835 -3.0523723492372 -0.00187705795003435 0.999995701460581 0.00225249057975351 -0.505098706898531 0.074054490940927 -0.00210730515540688 0.997251969983746 49.8677151032296
56 0.997233386050949 6.9782263917514e-05 -0.074334170310799 -3.12536197991561 0.000328022726757081 0.999985691745432 0.00533935440862905 -0.516309895191458 0.0743334793108056 -0.00534896577347978 0.997219094491629 50.8551165790019
57 0.997223974723582 -0.00181655143657019 -0.0744381916584395 -3.19912190975659 0.00227702524055034 0.99997879265922 0.00610158896211179 -0.527280771515769 0.0744255291721475 -0.00625414843819385 0.997206962588388 51.8191220121969
58 0.997216353555851 -0.00495572783694991 -0.0743974795431742 -3.27157582433382 0.00533821737394132 0.999973533796435 0.0049431914728869 -0.536541756109303 0.0743710134127504 -0.00532658129339547 0.99721641577728 52.7789456896967
59 0.997176230543817 -0.00764345351704943 -0.0747070469015965 -3.34502667426899 0.00793524434748708 0.999962000068512 0.00360975291778101 -0.546252475520893 0.0746766170602975 -0.00419237847939076 0.997198990586691 53.7436644450036
60 0.997094172821201 -0.00903344102357761 -0.0756413079558911 -3.41683356370009 0.00942292411012841 0.999944112603906 0.00479376365723141 -0.556040187895452 0.0755937763788738 -0.0054925961129667 0.99712356925344 54.6837418707267
61 0.996967528601088 -0.0121466181074222 -0.0768648592244243 -3.49066857923465 0.0128725062645198 0.999877043232804 0.00895527768942218 -0.563476556005579 0.0767466318316838 -0.00991756444784753 0.997001302114453 55.6450183459209
62 0.996912822148618 -0.0130395171672067 -0.0774260681406758 -3.56480954003304 0.0141552657666622 0.99980347892085 0.0138791926581259 -0.566494343928273 0.0772298743152779 -0.0149323316937556 0.996901485595961 56.5942884997186
63 0.996895583299722 -0.0112784081646199 -0.0779229972907838 -3.64728612042615 0.0125699305437272 0.999791310999112 0.0161037665408936 -0.568991098568534 0.077725110766297 -0.0170332604028108 0.996829310963726 57.5625028889198
64 0.996798540056302 -0.0101383638187409 -0.0793087896812392 -3.72678203996789 0.0111372295938378 0.999864009229697 0.012162448934737 -0.573065860489853 0.0791746970856114 -0.0130067915411446 0.996775897940559 58.5162060335241
65 0.996701416344359 -0.00866041337746619 -0.0806925268985911 -3.8046851269253 0.00904534147047931 0.999949383289057 0.00440597974538937 -0.57775196449007 0.080650284902354 -0.00512133771252773 0.996729302993146 59.41364632601
66 0.99664368579531 -0.00700333997314038 -0.0815617360872088 -3.88279386892841 0.00699305137352211 0.999975463522994 -0.000411806339571052 -0.58533710623818 0.0815626188693458 -0.000159941222467534 0.996668206386649 60.3118140218015
67 0.996579638031114 -0.0021434255241915 -0.0826101131145283 -3.96712800434301 0.00219656244390648 0.999997435010284 0.000552346162154856 -0.596454938627848 0.0826087173075755 -0.000731915210302401 0.996581789982599 61.2104207338551
68 0.996507482468318 0.000756432312914788 -0.0835000909868478 -4.05177420262147 -0.000524258730049992 0.999995935817182 0.00280241001687389 -0.611339979834714 0.0835018714607035 -0.00274884689909917 0.996503829045973 62.1061012567597
69 0.996401019338341 0.00321280405994972 -0.0847035214828016 -4.13481984373449 -0.00285061693300743 0.999986272119655 0.00439653901808416 -0.624369256121595 0.0847164839014009 -0.00413925866655561 0.996396499338027 63.0150315413477
70 0.996311777194681 0.00377692494053736 -0.0857238441810122 -4.21386816764843 -0.00343279174771489 0.999985448854606 0.00416149250487496 -0.633942790162242 0.0857383144457233 -0.00385187188842734 0.996310245113921 63.8944027395328
72 0.996030804381299 0.00624814834671736 -0.0887896242011452 -4.36917138124931 -0.00576767386252564 0.999967309471867 0.00566691501709454 -0.657586018123261 0.0888221293471324 -0.00513231232806872 0.996034280890175 65.5635411200861
73 0.995899098771365 0.00618381269513172 -0.0902593237673206 -4.44583303349582 -0.00565032739536028 0.999965033238088 0.00616490887808438 -0.668624738359696 0.0902942903328207 -0.00562963246592264 0.995899215970969 66.3871418988696
75 0.995638483515967 0.00889729048653312 -0.0928700617207929 -4.604000577171 -0.0080080280695686 0.999918494655482 0.0099436176692171 -0.684260839758191 0.092950963569307 -0.00915654235575921 0.995628583410312 67.9954901849836
77 0.995294417099308 0.0135450020354809 -0.0959455898455312 -4.76628616369284 -0.0120708462938098 0.999800271910291 0.0159283068108386 -0.695781232798644 0.0961421757643299 -0.0146952103750782 0.995259128484302 69.549878480897
79 0.994984213895592 0.0163948661140028 -0.0986793922948189 -4.92427223139867 -0.0160249276952932 0.999861283706515 0.00454037852168435 -0.713220446418786 0.0987401427532463 -0.00293627482764658 0.995108919917415 71.0214098483097
81 0.994812912560443 0.0164515918117639 -0.100382339730988 -5.07304237730968 -0.0167974205596508 0.99985553077853 -0.00260081412771963 -0.726154473043409 0.10032505004011 0.00427348785464826 0.994945537019995 72.4164709039616
83 0.994565871962284 0.0195617018957124 -0.102254907690756 -5.22265401664788 -0.0193138272135782 0.999807642928745 0.00341368124336186 -0.755132106414172 0.102302015651041 -0.00142019724352582 0.9947523715144 73.7460418058852
85 0.994627493211144 0.00832555414721348 -0.103183501087416 -5.34430078622824 -0.00888919567172349 0.999947970359523 -0.00500387591585837 -0.782221276082671 0.103136472447067 0.00589421088978936 0.994649750580154 75.0192797103454
87 0.995077530539182 0.00674293738481683 -0.098869818506293 -5.46973988605909 -0.00778285444291094 0.99991833974062 -0.0101361248552603 -0.804169208906459 0.0987933975160452 0.0108557194964408 0.995048751550119 76.2350386037651
89 0.995884475054961 0.0101209439046533 -0.0900648590682502 -5.58364264831681 -0.0105408461740851 0.999935674444029 -0.00418778415140073 -0.825602243923399 0.090016681267636 0.00511990904639028 0.995927097545256 77.3731786426979
91 0.997090619921189 0.0021015262830456 -0.0761963204653719 -5.65149079422665 -0.00183535164004551 0.999991967757396 0.00356313135427183 -0.8517659307039 0.0762031964522314 -0.00341291780915997 0.997086468087142 78.442505853851
93 0.998676005448754 0.0109194791093161 -0.0502692860194042 -5.71068039439271 -0.0107887544920245 0.999937677827389 0.0028711039129574 -0.867013046395278 0.0502975040874821 -0.00232495960166788 0.998731573369652 79.4323814460474
95 0.999844456268694 0.0143446460294684 -0.0102613059134698 -5.71954567869023 -0.0143066548436814 0.999890561506982 0.00376624965140654 -0.876524900663218 0.0103142084497223 -0.00361885887293329 0.999940258697745 80.4247113508614
97 0.998920293750451 0.00987245711786 0.0453958293675572 -5.65360055964531 -0.0101680673030863 0.999928548677948 0.00628553467359291 -0.891875442847927 -0.0453305321040054 -0.00674033599081282 0.998949303383259 81.3603806270737
99 0.993217435658976 0.00926290130224873 0.115902218108514 -5.5208631009235 -0.0102917731510732 0.999912742039686 0.00828176986414204 -0.904419233945058 -0.115815391500506 -0.00941843756365997 0.993226101210316 82.2250114508369
101 0.979254862220799 0.00921213011185064 0.20242295194895 -5.31244808440983 -0.0111370817191168 0.999902927813802 0.0083725957844041 -0.915076315160255 -0.202326172868727 -0.0104533060889674 0.97926240005634 83.0594973940063
103 0.952564711515242 0.0122750491750639 0.304088463351757 -5.02399027904375 -0.0140338550448689 0.999895043786127 0.00359893380308522 -0.935118406987356 -0.30401237028855 -0.00769575075539382 0.952637000190444 83.8523647856632
105 0.908782592791127 0.0129652991248852 0.417068459678311 -4.64691511824184 -0.0140816860531702 0.999900768141216 -0.000399985633081313 -0.949537997064129 -0.417032259133195 -0.00550952713115841 0.908874985877076 84.5580501544871
107 0.846259467126917 0.0113246942719853 0.532650603677226 -4.1906210005496 -0.0105456493139291 0.999934244939881 -0.00450500577780955 -0.961948415699653 -0.532666597017886 -0.00180474268429988 0.846323247539159 85.1821288311222
109 0.769152993386261 0.00953858917988253 0.63899349611824 -3.66412656618876 -0.00861495590152832 0.999952506846226 -0.00455703705959139 -0.984108674451143 -0.639006616006258 -0.0019998420950652 0.769198638410018 85.7215574489882
110 0.726653597777987 0.00895147254815696 0.68694571836174 -3.3692726317987 -0.0102991637143742 0.999944681653204 -0.0021356170671511 -0.993870706805936 -0.686926834577811 -0.00552311259097451 0.726705593183523 85.9514142545017
111 0.681304473859318 0.00779912968807865 0.731958596831396 -3.06166200121334 -0.00960432936517766 0.999952406737685 -0.00171496850036828 -0.99857435997543 -0.731937135795638 -0.0058615557338133 0.681346953767064 86.1610373381622
112 0.634819961267048 0.00648801576144396 0.772632850989643 -2.73984379769333 -0.0067273498067042 0.999973253577461 -0.0028696505509327 -1.00632589643652 -0.772630804162947 -0.00337606000916542 0.634846629255707 86.3272565216305
113 0.588043856751471 0.00395903995273109 0.80881935470135 -2.40094326411244 -0.00142251414502519 0.999991536181009 -0.00386057247747536 -1.01490017158855 -0.808827793161414 0.00111962895609038 0.588044511445042 86.4872313718901
114 0.541304208982278 0.00597697082226709 0.840805583448314 -2.06482047084731 -0.00358881250724591 0.999982049426574 -0.00479804641668512 -1.02503100306535 -0.840819168289388 -0.000420290873797516 0.541315942488971 86.637032550812
115 0.493958716742012 0.00881605413711478 0.869440661197782 -1.72777367050868 -0.00762372799311341 0.999954071024108 -0.00580815063508935 -1.03560495378285 -0.86945193364905 -0.00375939247277152 0.494003240922734 86.8002920364149
117 0.406283612072688 0.00827697434534986 0.913709537137955 -1.02091451780865 -0.00145384220531858 0.999963562778403 -0.00841186414329882 -1.05155754197516 -0.913745868884786 0.00208921305991091 0.406280841641319 87.0484579349679
119 0.331875180928519 -0.00293677551781089 0.943318737030714 -0.268789049727218 0.0177102978192149 0.999838298508224 -0.00311804222767761 -1.05770675245454 -0.943157043993638 0.0177412565997129 0.331873527385729 87.226604532897
121 0.267385115003962 0.00878300979297168 0.963549717976865 0.475784072546777 0.00389538813186065 0.999940435141533 -0.0101956912596958 -1.07893749881121 -0.963581873130468 0.00647957621588341 0.267334975015321 87.4185786580997
123 0.213238694629653 0.0146286031520559 0.976890609578402 1.25962477157479 0.000292145042438651 0.999886899229198 -0.0150367350542915 -1.11186485826921 -0.977000088927282 0.00349180750306227 0.213210303495037 87.5609995171176
125 0.169815030900117 0.0222442308496998 0.98522487254144 2.09751143157611 0.0147162880338348 0.999576500674614 -0.0251047837194158 -1.12127513650158 -0.985366067077052 0.0187620226254714 0.169415761840815 87.654447426025
127 0.132485239271623 0.0297517668409912 0.990738357864972 2.99357775481414 0.0141555938753524 0.999390674299076 -0.0319045339422732 -1.13418045133893 -0.991083891775654 0.0182513696438617 0.131983358681866 87.7662414006316
128 0.116515364162718 0.0254355762071988 0.992863133255051 3.44698017334201 0.0124774801130302 0.999555629985338 -0.0270712957695499 -1.15645563879868 -0.993110508656543 0.0155426518850966 0.116146216332348 87.820001183822
130 0.0887495582711276 0.0195335062384937 0.995862419233054 4.40864865706386 0.0150612815539659 0.999667064500182 -0.02095036876862 -1.19404007943985 -0.995940095439797 0.016858300258915 0.0884258107553919 87.895254482386
132 0.0668263664582209 0.0193735192287603 0.997576515109836 5.43326698730111 0.0220160578266228 0.999539418272442 -0.0208864673260659 -1.22157927541631 -0.997521693971498 0.0233584689626884 0.0663690589352656 87.9468361601459
134 0.0535390697032908 0.0204373822275422 0.998356590313797 6.50847241794439 0.0259714505895608 0.999423820808597 -0.021852005734473 -1.24830120920041 -0.998227955814492 0.0270987049142718 0.0529774331426981 87.9932156202541
136 0.0420444000679946 0.0220970233051029 0.998871358075692 7.67708454452419 0.0278221518739544 0.999341802622901 -0.023278517897698 -1.27922062685029 -0.998728289520241 0.0287694819464058 0.0414019398157912 88.0390366833864
138 0.0346691208098164 0.0221581943921082 0.999153174685221 8.91853456443924 0.0310610468070965 0.999247318842137 -0.0232380540934041 -1.31489765870918 -0.998916044236713 0.031840386431106 0.0339547693026492 88.0768675176974
140 0.0291462012826931 0.0211402040724597 0.999351585140367 10.2221350138768 0.0340515522235112 0.999175046312417 -0.0221295869312523 -1.35145669100797 -0.99899499034878 0.034674466086057 0.0284023002534769 88.1106499315559
141 0.0283401116851479 0.0207211927293392 0.999383545112459 10.9122412894106 0.0387072157259143 0.99901252518225 -0.0218111434760175 -1.36948366995968 -0.998848631936001 0.0393014847156881 0.0275100668614539 88.1228405299911
142 0.0293404432527862 0.0203459464629855 0.999362387151055 11.6153926522742 0.0422596226737052 0.998873650748196 -0.0215767034657193 -1.3888153176206 -0.998675754527568 0.0428657474389151 0.0284475836460156 88.1360777597378
144 0.0357200137200722 0.0201850471881767 0.999157967735758 13.0746078316224 0.0465507535674677 0.998677156207087 -0.0218395286676779 -1.42797409605006 -0.998277069736723 0.0472916645946885 0.0347331325642353 88.180639227955
146 0.0442500600228594 0.0180175944125582 0.998857997154529 14.6168282005936 0.0487433964918293 0.998607607561596 -0.0201724420570506 -1.4679083305735 -0.997830653711547 0.0495803631661699 0.0433102078256044 88.2414486769404
148 0.0520807773616291 0.0143936910973543 0.998539140087159 16.1683291192957 0.0455881282194789 0.99881945623596 -0.0167754704835684 -1.50695886958041 -0.997601781872333 0.0463952098938529 0.0513631122893907 88.3257097038647
150 0.0602879958273302 0.0142925127116043 0.998078695113523 17.7778714888387 0.0422289128901645 0.998965762048264 -0.0168560129166305 -1.54654744567392 -0.997287359027096 0.0431639935098612 0.0596220864197317 88.433062151553
152 0.0649073680602692 0.0235214767602679 0.997614040449765 19.4008062839154 0.0345855835742274 0.999068510100994 -0.0258059980122984 -1.59643840517635 -0.997291768230501 0.0361780631819449 0.0640334035022685 88.5559481478493
154 0.0649059278374975 0.0261620340962959 0.997548379029056 21.0680039776677 0.0295390186661718 0.999167827616564 -0.0281264756454947 -1.65675843672853 -0.997454092631733 0.0312921751871183 0.0640791141033143 88.6815673583388
156 0.064860811910704 0.0230847318254636 0.99762727019405 22.7024659910482 0.0278918884967568 0.999299853479629 -0.0249368280195326 -1.72153338874093 -0.997504444919605 0.0294431314934008 0.064171523072883 88.7977786237773
158 0.0649662559188596 0.0228862853707066 0.997624981410257 24.4004757920041 0.0238209276509551 0.999416509928657 -0.0244786251221359 -1.78669605729924 -0.997603101938709 0.0253546371291857 0.064383176205544 88.9289143524094
159 0.0653607801375763 0.023457455910744 0.99758594425844 25.2257368983017 0.0210065752997155 0.99946976186131 -0.0248780810971031 -1.81929749792625 -0.997640562634652 0.0225819150448353 0.064833362545244 88.9935003358021
161 0.0614897781806644 0.0244015793512744 0.997809385656627 26.8229943826489 0.0154173731354154 0.999558615868243 -0.0253944491802003 -1.88101902619039 -0.997988633094033 0.0169450986637985 0.061086429314358 89.1097316596697
162 0.0574591650592634 0.0231741663192452 0.998078855785504 27.6427804915173 0.0129834423686073 0.999628662755937 -0.0239576046598715 -1.91334194831023 -0.998263429448837 0.0143350832639927 0.0571369478784177 89.1640006322685
163 0.0526685232439527 0.0208897129249461 0.998393532908349 28.4623008078493 0.0111200731546295 0.999706922039268 -0.0215038136108117 -1.94239095252184 -0.998550134260838 0.0122347832300445 0.052420792124661 89.2111959600525
164 0.0460375007678689 0.0188834799639793 0.998761214058445 29.2568459179998 0.00903470054583601 0.999772548339095 -0.0193190520885457 -1.97054777974929 -0.998898855094496 0.0099129093611746 0.0458564228751175 89.2566272235418
165 0.0386282933302374 0.0190370202279621 0.999072293087559 30.0708456509894 0.00858311252069488 0.999775303558519 -0.0193822747356474 -2.00009185504268 -0.999216785854727 0.00932385410177501 0.0384562168035103 89.2957621135511
166 0.0299224453948644 0.0199880748498467 0.999352352338948 30.8984522633794 0.00830398936726257 0.99976056570903 -0.0202448762344602 -2.02881879408677 -0.999517729218537 0.00890438751162288 0.029749300174342 89.3251170731632
167 0.0202530793838215 0.0203262715481321 0.999588242958281 31.7257881621021 0.00869514440762476 0.999751923037817 -0.0205057759160047 -2.05645204285698 -0.999757074113108 0.00910686922813986 0.0200713151950336 89.345129829655
168 0.0100982155375687 0.0192864713892918 0.999763000947878 32.5368497455666 0.00969245074241207 0.999765122901718 -0.0193844119828058 -2.08537519078461 -0.99990203642235 0.00988590161104478 0.00990891052406984 89.3517548988245
169 -0.000356448924933916 0.0183206777284694 0.999832098760454 33.333416706775 0.00855854019368906 0.99979559933487 -0.0183169577272121 -2.11291992412579 -0.999963311493935 0.00855057414429191 -0.000513174323251375 89.3523869529282
170 -0.0114246393461099 0.0174919747596764 0.999781730396599 34.1153229427436 0.00993822803795247 0.999799585744934 -0.0173787216942041 -2.13822958281968 -0.999885348047104 0.00973751319720742 -0.0115961889195217 89.3411635284484
171 -0.0226248747754008 0.0178682344009534 0.99958433423138 34.9180862513781 0.0101213827400431 0.999793121863012 -0.0176428763766317 -2.16449965405527 -0.999692789137157 0.00971800775900784 -0.0228010454227185 89.3260203056735
172 -0.0336696624931758 0.0184602094863112 0.999262515304821 35.7058817301791 0.0105338994733588 0.999780420612468 -0.0181148425839747 -2.19078961674918 -0.999377501642638 0.0099162102477972 -0.0338567273202932 89.3010720502906
173 -0.0438378718974939 0.0194640758072011 0.998849033007727 36.480557138202 0.0103505905779972 0.999765379163254 -0.019027661475926 -2.21576835031494 -0.99898503805722 0.00950454520360089 -0.0440290512989676 89.2656593911701
175 -0.0639568802560759 0.0213940913460361 0.997723313511009 38.0133352649286 0.0123218102428711 0.999710898537265 -0.0206468481408953 -2.26642597615053 -0.997876590796802 0.0109732493497586 -0.0642020041623266 89.1743906078135
177 -0.0828406513291156 0.0222410255050339 0.996314590514388 39.5409543549995 0.0137214169985869 0.999681614160823 -0.0211752927810188 -2.32110682786888 -0.996468338284222 0.01191667291216 -0.0831194544242548 89.0587604550957
179 -0.0988842471707951 0.0205889897847501 0.994885922687174 40.998114255083 0.0165555847379275 0.999681592764311 -0.0190427335799201 -2.37131297477248 -0.994961214457855 0.0145878918234942 -0.0991936244760501 88.9117741468366
181 -0.107638727091708 0.01739660689612 0.99403785767876 42.4414675348637 0.022329614268531 0.999636975591742 -0.0150766493761906 -2.41865516765358 -0.993939280216199 0.0205736505826225 -0.107988111128071 88.7512942522066
183 -0.111877712189018 0.0153254692992719 0.993603798053384 43.8438432737692 0.0242085013025531 0.999626354200838 -0.0126925352796568 -2.46331284327792 -0.993427061227968 0.0226336470304306 -0.112206916195332 88.5939799987108
185 -0.111681631047044 0.0167966585244784 0.993602076059166 45.1765777741663 0.0257311445323489 0.99957078695937 -0.0140053582060875 -2.50841326308588 -0.993410852310225 0.0240023773788663 -0.112065893082754 88.4435921352101
187 -0.103616130564247 0.0187606903003017 0.994440412486515 46.4289693330719 0.0265629931846088 0.999517663699725 -0.0160887334901778 -2.55327688098371 -0.994262593523445 0.0247482615894473 -0.104064492831767 88.3162417865977
189 -0.0844705844459883 0.0194271171806323 0.996236572045718 47.5981344047087 0.0247503374837169 0.999542347307647 -0.0173930081688165 -2.59828978001251 -0.996118537704121 0.023187993806459 -0.0849127539621484 88.2237706536461
191 -0.0533362896741569 0.020845410644504 0.998359008102224 48.6942277606531 0.0231437904278748 0.999539336808114 -0.0196336226363515 -2.64198404842652 -0.998308371781197 0.0220586270710133 -0.0537941614240518 88.1797941346976
193 -0.00741359548254672 0.0263774377670929 0.999624564213417 49.724233114953 0.019772196806092 0.999460470715568 -0.0262264696533112 -2.68496592536111 -0.999777024558718 0.0195703411788867 -0.00793113552145241 88.1913918996508
195 0.0538924876948316 0.0275482821818994 0.99816666540157 50.7468969015398 0.0157672538098325 0.999471265828371 -0.0284355849373601 -2.72757956065448 -0.998422252094453 0.0172708115692327 0.0534296321378064 88.2693333216387
197 0.134507163334456 0.0213523468356138 0.990682542642359 51.7534885103489 0.0126395357151337 0.999649506044659 -0.0232617110629172 -2.76953381266992 -0.990832006522107 0.0156506341494663 0.134190135636327 88.4220730430874
199 0.228730157654626 0.0135949169898073 0.97339493177812 52.7111563965946 0.00573426951185298 0.999866320261357 -0.0153120788980386 -2.80866286326844 -0.973472975039603 0.00908404310065593 0.22862162414892 88.6766572752812
201 0.335645091267984 0.0113795870052268 0.941919783053364 53.6813969370556 0.00139727744336973 0.999919914915649 -0.0125782101599377 -2.84353343538699 -0.941987484164972 0.00553793776344436 0.335602310662301 89.0350599816335
202 0.394101740824727 0.0116059865959734 0.918993535860865 54.1723587010756 0.00380538234270095 0.999891086279295 -0.0142595457304032 -2.86275306581024 -0.919058940952182 0.00911683357014293 0.394014652521336 89.2513224866171
203 0.453744951460721 0.0148719156270246 0.891007488829073 54.6000342260979 0.00497175165118529 0.999802923090563 -0.0192196947188425 -2.88194113574366 -0.891117725505125 0.0131507074010955 0.453581589336939 89.4961520536591
204 0.512796586336552 0.0180441734622589 0.85832049308265 54.963781319077 0.0066130183032577 0.999666414455733 -0.0249665335627281 -2.8975089136599 -0.858484670236167 0.0184788423144407 0.512506198358828 89.7665652750896
205 0.570789639217335 0.0224331415928505 0.820789828104869 55.3383000610091 0.00292332906455259 0.999564856622443 -0.0293521984276344 -2.91009578720856 -0.821091128870191 0.0191533695111332 0.570475684431024 90.0764856051492
206 0.625577419250461 0.0255248902240048 0.779744427683191 55.6549637298923 -0.000896525198446455 0.999487502039443 -0.0319988985673418 -2.92043586786004 -0.780161578627468 0.0193187278568487 0.625279695806197 90.4051831592322
207 0.678062309636279 0.0260690932097462 0.734541970638804 55.9774124987869 -0.00212191034681153 0.999436079354494 -0.0335115022193601 -2.93635824832738 -0.735001361731525 0.0211642543865748 0.677735252579549 90.7548653035953
208 0.727209975846909 0.0244240642234223 0.685980405052177 56.2775906183544 -0.00239943553257547 0.999451103098843 -0.0330414167921342 -2.9515657425129 -0.686410878219353 0.0223820821488228 0.726869416512223 91.1229011284037
209 0.772653245376025 0.0206783367677961 0.634491425315121 56.514672672942 -0.00429280259425784 0.999616691630071 -0.0273503502799997 -2.96825838018919 -0.634813779194957 0.0184085904693857 0.772445848937741 91.4998947271155
210 0.814193952886501 0.0149445364886159 0.580400609848228 56.7003509500917 -0.00406254122835123 0.999790839361312 -0.0200442831743157 -2.98167917832416 -0.580578765407264 0.0139620327440039 0.814084368354922 91.8957942257609
211 0.850013602349884 0.0121995309213611 0.526619452038635 56.8955331067676 -0.00579832349335931 0.999887906798567 -0.0138041038335411 -2.99409029982524 -0.526728825169878 0.00868016608594447 0.849989058430684 92.3272088295214
212 0.880741014446157 0.00835307914596237 0.473524541646085 57.0765755438208 -0.00592476408775392 0.99996053792285 -0.00661965010770006 -3.00642449907996 -0.473561149845358 0.00302467615211951 0.880755748599643 92.7740542499062
213 0.906170432532281 0.00879708581306252 0.422821189730903 57.2453361004301 -0.00907303550798395 0.999957914449144 -0.00135991072863575 -3.02015014989035 -0.422815358319598 -0.00260396077478336 0.906212112122407 93.2330714952599
214 0.926010087168 0.0108445949757689 0.377342964984011 57.3670451523347 -0.0124616044508657 0.999920650810326 0.00184404380742458 -3.03128829462262 -0.377293025217302 -0.00640990193880244 0.926071750070971 93.67611758367
215 0.941072877273481 0.0167704587872169 0.337787790442873 57.4593397279109 -0.0193704648867793 0.99980300839542 0.00432775848877999 -3.03691394604327 -0.33764867058865 -0.0106158426671374 0.941212345400433 94.1297140671176
217 0.962270023245824 0.0230588174187928 0.271117489848457 57.6685512723884 -0.0248678601113587 0.999685501169119 0.0032385622935972 -3.03817579592168 -0.270957546298241 -0.00985848322483699 0.962540813894425 95.077299818653
219 0.972433091787771 0.0142767807904177 0.232744614387399 57.8937037276867 -0.0156229496178762 0.999870185876248 0.0039414262690505 -3.04768178555312 -0.23265812997038 -0.00746893071727267 0.972529901665047 96.0546568453802
221 0.977329487310341 0.0243216878182094 0.210322439923513 58.0819180859292 -0.0257595737703514 0.999659762098451 0.00409931706973365 -3.04755616335891 -0.210151177947867 -0.00942419985685534 0.977623479088029 97.0722778446716
223 0.978819836626736 0.037785383116049 0.201206342466589 58.2918227405043 -0.038414985416055 0.999261570738546 -0.000775977201441078 -3.05305091695119 -0.201087086411568 -0.00696979683393117 0.979548572359023 98.1743530876077
225 0.978407467297009 0.0378066862216751 0.203198135853627 58.5187329403365 -0.0372202622483059 0.999284571401442 -0.00670801291022605 -3.07065871557394 -0.203306369835331 -0.000999917982748973 0.979114661389772 99.2682960217866
226 0.977623807660476 0.0366996619523395 0.207134800330646 58.6233460886012 -0.0347313185021158 0.999310399197319 -0.0131324624956773 -3.07469657872107 -0.207473916940268 0.0056445432658266 0.97822426514618 99.7957612402301
228 0.97556065371552 0.0418546056006431 0.215707215716495 58.853696647254 -0.0389958920201424 0.999086229172851 -0.017493629775617 -3.08961335133935 -0.21624229773035 0.00865440160771217 0.976301372530588 100.930192540133
230 0.973141023986196 0.042102026203101 0.226327123484329 59.1243704834316 -0.0411536142353402 0.999113108926278 -0.00890929890823987 -3.11371027823696 -0.226501495514856 -0.000644174868304632 0.974010604443439 102.168417127256
231 0.972468419666286 0.0376837716679812 0.229967619687278 59.2900054861614 -0.0378955408612044 0.999275586194056 -0.00349725883550018 -3.12584194716274 -0.229932817872077 -0.00531377355569033 0.973191997026283 102.77704543651
232 0.971682217120707 0.0351287681476032 0.233665655541884 59.4429101294 -0.0364188105329628 0.999335885977863 0.00120716038828277 -3.13512282042927 -0.23346806884615 -0.00968280151974733 0.972316257286681 103.395695625489
234 0.971163832647132 0.0270055618174306 0.236878681584177 59.7670013125616 -0.0274661449829188 0.999621814476262 -0.00135606156319954 -3.14880137945765 -0.236825718700293 -0.00518918626673133 0.97153829122067 104.679251420306
235 0.971289152151777 0.0262437862851374 0.236450093241052 59.9341355229471 -0.0249620887365341 0.999652996897893 -0.008413080230896 -3.15782934772021 -0.236588835404783 0.00226924535520696 0.971607211524969 105.350001155495
236 0.971417132061327 0.0285720198965181 0.235653124776183 60.087495516325 -0.0257567204513813 0.999555442002812 -0.0150169808601187 -3.16637793476802 -0.235977428770922 0.00851810082100175 0.971721202335869 106.00501208463
237 0.971979883007229 0.0315576086565386 0.232936095024224 60.2413488499201 -0.0279425175840841 0.999432650964441 -0.0188040393866039 -3.174176758979 -0.233397349471489 0.0117683270718723 0.972310230192819 106.67724798795
239 0.973027990791122 0.025943854914038 0.229223571059332 60.5756700919632 -0.025035755533055 0.999662954603572 -0.00686936228080925 -3.19942541254179 -0.229324530048319 0.000945296490656851 0.973349560195443 108.1058779568
240 0.973574882901023 0.0264817210853521 0.226827392156718 60.7398896173541 -0.0269833545600252 0.999635487291832 -0.000889451240922285 -3.21562523499104 -0.226768264889397 -0.00525461655876351 0.973934568153258 108.837175935723
242 0.97421457398508 0.035439973397367 0.222822736992128 61.0571075568978 -0.0349297367992833 0.999370340481803 -0.00623185786249915 -3.23500221732521 -0.222903291411774 -0.00171197280338078 0.974839059448747 110.320083008375
243 0.975090595182318 0.0360912058957111 0.218850990502639 61.2263459814515 -0.034359662879186 0.999340879979115 -0.0117140586218512 -3.24276011923161 -0.219129515934804 0.00390262213913488 0.975687975116337 111.086234896351
245 0.976898029710639 0.0326265761490774 0.211200724611115 61.5507974067169 -0.0305684121064869 0.999448088344038 -0.0130034951738611 -3.26894217572675 -0.211508419994948 0.00624701802759546 0.977356210926704 112.615371269904
247 0.978123061766894 0.0277676124035538 0.206165554206233 61.8874180435947 -0.0266828862313538 0.999611611265022 -0.00804053521303235 -3.30217594957947 -0.206308748292751 0.0023635408931068 0.978484089830961 114.217022914318
