0 1 0 0 0 0 1 0 0 0 0 1 0
4 0.995248193395458 0.00580503962058498 0.0971974025274344 0.104419768217785 -0.00617030249276187 0.999974985222215 0.00345778787371446 -0.00366823690088704 -0.0971748985604024 -0.00404109450956405 0.995259116333501 0.618763252824514
6 0.984531987039046 -0.000154768221758583 0.175204858790347 0.237530194841286 -0.000806344052171045 0.999985016674453 0.00541444695818716 -0.00404024509953581 -0.175203071623238 -0.00547197161825859 0.984517110679338 0.99865473572933
8 0.963750504672715 0.000131376166692746 0.266805073946111 0.421007612168577 -0.00271207530395817 0.999953037634267 0.00930414819039133 0.000486411411101814 -0.266791321805325 -0.00969047296605936 0.963705600971096 1.42765505168192
10 0.932761929399965 -0.0132155132634567 0.360250653394603 0.695701431418575 0.00452794485358966 0.999678479451782 0.0249486560033841 -0.00643781372592102 -0.360464534701346 -0.0216399614176122 0.932521866388337 1.88533268129835
12 0.886069550669613 -0.0198381909144947 0.46312762556059 1.03143430937113 0.00513810671893203 0.999442771185812 0.03298100944134 -0.00440657248652363 -0.463523841064831 -0.0268438690517025 0.885677737926635 2.34934476434878
14 0.825591700252922 -0.0273977895452072 0.56360243576614 1.43810168865111 0.00431781781137694 0.999098031028296 0.0422431159448468 0.00639778449214089 -0.564251451857093 -0.0324420332812009 0.824965340819688 2.80166668776985
16 0.751299208188773 -0.0371955650440268 0.658912733004893 1.93387773804993 0.00717822275302745 0.998811999405243 0.0481981634734082 0.0142912428245505 -0.659922702210668 -0.0314814196814094 0.750673662333915 3.23667045225309
18 0.66899919583945 -0.0419648766682327 0.742077506122096 2.52491278904388 0.00710687587238351 0.998720366811962 0.0500711616633307 0.0412141827504643 -0.743229149241002 -0.0282237141638177 0.668441361435164 3.67527484748912
20 0.58372104480957 -0.0427555082296079 0.810827792051094 3.24264660141936 -0.000590398177647587 0.998590015672413 0.0530813717735567 0.0748500416893416 -0.811954058599633 -0.0314634250423988 0.582872764510563 4.1296154323927
22 0.505788791499325 -0.046439082277319 0.861406472015908 4.06587414720739 -0.00369258164038394 0.998424278277835 0.055993976338651 0.109522133097711 -0.862649444000564 -0.031501939347042 0.504820329011118 4.55298042129468
24 0.431765192913383 -0.0456045811781408 0.900832415249383 5.0081288359614 -0.00817620184914749 0.998482100752393 0.0544669092239492 0.143268639240433 -0.901948982987282 -0.0308823032278081 0.430736944590958 4.96599867417058
26 0.368318832600287 -0.0421363041186751 0.928744189444639 6.03782196755967 -0.00485387693712606 0.998871639341446 0.0472428618736396 0.190975814595073 -0.929686870634754 -0.0219084457356307 0.367698711684999 5.33736608073115
28 0.322774255272483 -0.039364652885186 0.945657022517426 7.16653678283518 -0.00264673899072796 0.999093283254642 0.0424924243621658 0.239772801282374 -0.946472278995011 -0.016218367941573 0.32237740248861 5.69243126404522
30 0.296472720205098 -0.0413981286195129 0.954143658534181 8.40407636574222 -0.000491048084024038 0.999053339548793 0.0434992368689835 0.28888104710741 -0.955041195470629 -0.0133648674968003 0.296171732734278 6.06186536267085
32 0.274770214825133 -0.0447494542605814 0.960468018930527 9.76016322135991 -0.00323985854651342 0.998867628467818 0.0474653991416471 0.341479333499249 -0.961504462996168 -0.0161538584386959 0.274314090954136 6.45802606813739
34 0.254612489454124 -0.0483968646132574 0.965831364012155 11.1654857133932 -0.00502466098705489 0.998667212201231 0.0513668380979963 0.401808189404949 -0.967030109663571 -0.0179316136983436 0.254029967197247 6.83070698734752
36 0.23374579104178 -0.0509628637033035 0.97096122048896 12.6452327772007 -0.00546133623124947 0.998540824936264 0.0537251779166424 0.465489652818394 -0.972282407007769 -0.0178607799035805 0.233126389678248 7.18735467356794
38 0.21172390225928 -0.0575185364512261 0.975635488887429 14.1861104771166 -0.00859934267208157 0.998118393111134 0.0607101691552285 0.535609235768853 -0.977291686508031 -0.0212436178123528 0.210830899501311 7.51964117349438
40 0.187034968737243 -0.0638661024610243 0.980274982556373 15.7722205664523 -0.0104708423773163 0.997698094323197 0.0669990600215394 0.606162722279184 -0.982297450841326 -0.0227954719253275 0.185935699988823 7.82594319401331
42 0.158607754590248 -0.0635695139664044 0.985293102116276 17.3566485025462 -0.0122520345513424 0.997721608027493 0.0663436547409458 0.680180270367995 -0.987265652108485 -0.0225944632401001 0.157467528073884 8.07904437961646
44 0.121279640962984 -0.061206383927632 0.990729542940147 18.9437415591248 -0.0157033172393653 0.997853901727439 0.0635688338339357 0.751216424681352 -0.99249415842894 -0.0232673456550158 0.120058219671126 8.27349399562025
45 0.0958379584210446 -0.0599849308600651 0.993587889315988 19.7844116236716 -0.020487946827154 0.997852240167685 0.062218573007901 0.785990750293795 -0.995186077957532 -0.0263194768573581 0.0944031534296453 8.35625703443491
46 0.0651890600714794 -0.0596650874801844 0.996087578369984 20.6380089865943 -0.024469776116054 0.997815090176473 0.0613699916322885 0.819993343285373 -0.997572862754309 -0.0283746921057994 0.0635866365211578 8.41466253851367
47 0.0318439232734035 -0.0593024808763971 0.997732018285703 21.4808871597899 -0.0278162426287863 0.997799031978449 0.0601942557798293 0.857565602943606 -0.99910571072163 -0.0296699771616963 0.0301242636200512 8.43658033521477
48 -0.00257183867948596 -0.0587377765182181 0.998270133408539 22.3108024385777 -0.02944102586009 0.997845147007601 0.0586369217275729 0.890461229416343 -0.999563210428491 -0.0292392921096914 -0.0042955971426486 8.42653078995734
49 -0.0365180569603514 -0.057720287360022 0.997664673095583 23.1278764535662 -0.0303866559525053 0.997933075890647 0.0566235567891641 0.920688060444004 -0.99887090389893 -0.0282479109051997 -0.0381965034214822 8.38871942875974
50 -0.0692040691960154 -0.0558953667762217 0.996035393336836 23.9667884832372 -0.0325712026730185 0.998023401635678 0.0537438977371709 0.949484750049216 -0.997070666283562 -0.0287227742480071 -0.0708878598657892 8.3239063565793
51 -0.101365553977391 -0.0531694363453855 0.993427418337933 24.8011697717443 -0.0349173164881185 0.998145704646914 0.0498591346112545 0.974269119479546 -0.994236292576431 -0.029633820773377 -0.103034126338054 8.22935262082359
52 -0.133762847841153 -0.0487595546849761 0.989813116888409 25.6054002438193 -0.0321534160454732 0.998476554959179 0.0448411310456887 0.993359439455666 -0.990491624585504 -0.0258277955654899 -0.135126853741942 8.09891535883615
53 -0.165528720617739 -0.0427108605947645 0.985279668438312 26.411584748028 -0.026895247966259 0.998885671746172 0.038782217794134 1.01153597803621 -0.98583816536361 -0.0200797701045803 -0.166492986474083 7.94183964443138
54 -0.196059684874726 -0.0362450998304272 0.979921880919651 27.2222557563076 -0.0207604784556247 0.999246094759755 0.0328061677382928 1.02615783472744 -0.980372175503322 -0.0139116801883106 -0.19666434006505 7.75543203345755
55 -0.225109113460664 -0.0303958322196396 0.97385932270561 28.0625055413951 -0.0147220062292463 0.999505275910296 0.0277932718489444 1.03669830910424 -0.97422233066664 -0.00808064422919445 -0.225445234190703 7.54875983842503
56 -0.252979875510637 -0.0242114463430428 0.967168541906012 28.8812937319792 -0.00613741567684693 0.999706859907319 0.0234206401077646 1.04205184032907 -0.967452073601288 -1.09647524054417e-05 -0.253054312676828 7.31357561504506
57 -0.278981955474876 -0.013753416696357 0.96019785047072 29.6984354191083 -0.000104234917324915 0.999897861925398 0.0142917756804652 1.03936903574639 -0.9602963384573 0.00388706138298508 -0.278954894381347 7.0614983701356
58 -0.30402206708628 0.00188164990832069 0.952663131499381 30.5100436699317 0.00491608064551186 0.999987833477472 -0.000406261145809415 1.02620492353834 -0.952652305343178 0.00455985642913101 -0.304027618537648 6.79482678562143
59 -0.328571443156843 0.0192611095195108 0.944282699408343 31.2798479370828 0.00595937078529405 0.999814410711038 -0.0183202083608002 1.00671830387546 -0.944460318193238 -0.000392166568129501 -0.328625247909698 6.51183194523739
60 -0.353798411901605 0.0341287316276842 0.934698835675635 32.0705209928173 0.00621159224195115 0.999397760266509 -0.0341399018174614 0.977391382274731 -0.935301074444867 -0.00627267500925101 -0.353797334204917 6.21657998436688
61 -0.378120444768361 0.0445241039152173 0.924685099598087 32.8392233384046 0.0100455804914212 0.998981301983674 -0.0439936881790236 0.933534461509702 -0.925701904265497 -0.00734591434402259 -0.378182524691033 5.89570881526934
62 -0.401723229532543 0.04870181519061 0.914465187993006 33.5980602957799 0.0129529548230211 0.998787138421304 -0.0475023482107573 0.882195972656659 -0.915669518885114 -0.00723777046630591 -0.401866827274137 5.54946266974324
63 -0.424307452676172 0.0484359963965926 0.904221842169569 34.3478642028594 0.0166040023479168 0.998816675618759 -0.0457116572869756 0.830777642769682 -0.905365944085313 -0.00438209527062156 -0.42460959072017 5.18991841108162
64 -0.44450823426279 0.0441359574458409 0.894686787056183 35.0838871214482 0.0202334013356585 0.999025312996143 -0.0392305169905987 0.777239770113264 -0.895546223900791 0.000664268995511147 -0.444967998404082 4.81171332704731
66 -0.475840941217684 0.0434231564082693 0.878458779994038 36.5252582403977 0.0300814911326122 0.998999671247774 -0.033087168783065 0.68091562288639 -0.879016781723937 0.010681120464794 -0.476671177137143 4.01400089535323
68 -0.496907458490885 0.0501722410831973 0.866351963073218 37.9479903229592 0.0348445407789499 0.99867574675564 -0.0378498457060053 0.5903034296393 -0.867103705259085 0.0113797656721848 -0.497997655877227 3.19426166287141
69 -0.50760773861938 0.0496342788514174 0.860157440272779 38.6613887652906 0.028708616465811 0.998759291660436 -0.040690203520785 0.542616307456647 -0.861109864671366 0.00403926785985699 -0.50840287693995 2.78946861054889
71 -0.527660711008214 0.049579539046648 0.848007101011677 40.0434984907835 0.0302012532365501 0.998759049334459 -0.0396010817462144 0.451367790212194 -0.848918169414018 0.00471494225314448 -0.528503274311808 1.93964762195166
73 -0.538188535718792 0.0555373263836747 0.840992690455164 41.4426298675268 0.034475723175371 0.998442105081174 -0.0438723980722448 0.358179789627385 -0.842119067906907 0.00538220951166935 -0.539264784023929 1.0382222156866
75 -0.534436775741533 0.0579753148621 0.843217762859414 42.8892281403625 0.0365618886086094 0.9982966492554 -0.0454645838737468 0.264627532630329 -0.844417290820342 0.00653168830255095 -0.535646129465669 0.119694764820597
77 -0.521233276300935 0.055216045071537 0.851626126914418 44.3479426983532 0.0319950416920358 0.998467530812929 -0.0451542602581197 0.169376805527271 -0.852814275785601 0.00371191042336899 -0.52220114202986 -0.766977632097152
79 -0.507797102575872 0.0532572551791923 0.859828917509947 45.9022189948943 0.0274684297231547 0.998580724956576 -0.0456291695491324 0.0675129310824613 -0.861038668112004 0.000447790104565521 -0.508539291992201 -1.68315866982093
81 -0.502617743926501 0.0481588795764862 0.863166337276989 47.5459536090379 0.0183671591902874 0.998816676548658 -0.0450321453139088 -0.0323970065686805 -0.864313629970923 -0.00678004175738342 -0.502907526370659 -2.60772120326593
83 -0.504183953932096 0.0444385495768681 0.862452176012619 49.2251217659379 0.0138167432530324 0.998962440003153 -0.0433951733355973 -0.140715476996699 -0.863485748697266 -0.00996286978992465 -0.504274828860485 -3.56336433746762
85 -0.504594524668138 0.0431137849951698 0.862279286089099 50.9833304780958 0.0133961998351455 0.999023097507431 -0.0421116667520379 -0.251679377890893 -0.863252516651364 -0.00969805083757143 -0.504679145898698 -4.57597508878382
87 -0.504795992925895 0.0418380379334213 0.862224207563115 52.7503178742251 0.0130771446418294 0.999080826652381 -0.0408226665421614 -0.366456688930891 -0.863139614323185 -0.0093316878150435 -0.504879119976798 -5.59508604934178
88 -0.505062780747622 0.0401873161662115 0.862146488204201 53.6645278551435 0.0111678574917813 0.999136047104279 -0.0400304675950521 -0.42249884009381 -0.863010351306706 -0.0105895701608803 -0.505075236515595 -6.11951590232287
89 -0.505667764294557 0.039459495544511 0.861825423368746 54.5576577460849 0.0105097373182995 0.999161090971917 -0.0395810524027581 -0.4828414290279 -0.862664278601384 -0.0109573034630907 -0.505658263974765 -6.62256590983032
91 -0.503548760021163 0.0370986095474257 0.863169936600434 56.2978297316979 0.00890830317082966 0.999247495203409 -0.037750304162081 -0.599404412103185 -0.863920880877275 -0.0113197393680551 -0.503500322824995 -7.62864845280414
93 -0.498923807178111 0.0334570564223895 0.865999803698851 58.0604892136789 0.00933073072027575 0.999403997428104 -0.0332353334412634 -0.714380936002587 -0.866595622014747 -0.00850148812122344 -0.498938626090023 -8.64679331448911
95 -0.494514981040358 0.0334395719362875 0.868525606159872 59.8582568773808 0.00994301624959965 0.999411897483458 -0.0328176110705 -0.822611547085344 -0.869112230931377 -0.00759303610107717 -0.494556645742683 -9.6559896476128
97 -0.494360710047391 0.0351877292031804 0.8685443639072 61.614637882366 0.00895837845216585 0.999333514330176 -0.0353874920276506 -0.932118763634751 -0.869210697021699 -0.00971343657120937 -0.494346450713495 -10.6430411765902
99 -0.501553567619173 0.0375845927632267 0.864309792374992 63.3249058732467 0.00654449123807981 0.999192108576804 -0.0396522356529178 -1.04183456414851 -0.865101837035914 -0.0142312523926124 -0.501394338831646 -11.6149882831727
100 -0.50717429571375 0.036348340795364 0.861076670157011 64.1886511847817 0.00792146736653662 0.999264634265328 -0.0375158774566472 -1.09656687197046 -0.861807103777883 -0.0122060979844236 -0.507089269310613 -12.1156842622572
101 -0.512574400359787 0.0339951461766861 0.85796958811617 65.0357098160759 0.00913633542463254 0.999375307669416 -0.0341397392443001 -1.15333507402485 -0.858594206520643 -0.00966045843042344 -0.512564790121308 -12.6244719599691
102 -0.517961810021537 0.0314048650941268 0.854827057250549 65.8846438721179 0.00589616318227277 0.999433167918377 -0.0331448053903793 -1.2101880988592 -0.855383421992116 -0.0121275435706412 -0.517853380859874 -13.1401608489784
103 -0.522851692876114 0.0347308795691423 0.851715840677474 66.7752008444312 0.00804981631823516 0.999326250903779 -0.0358084447000908 -1.26579139609812 -0.852385656680018 -0.0118663498579182 -0.522778999221683 -13.677298156741
104 -0.527972885701174 0.0362569277005243 0.848486928100896 67.6140266294101 0.00852191446897165 0.999264148068139 -0.0373970501435678 -1.31983748914749 -0.849218469498962 -0.0125138954516946 -0.527893354270032 -14.1935082783229
105 -0.532859583836362 0.0372019436844667 0.845385521108469 68.4033468671447 0.00739826795307346 0.999199775442034 -0.0393074342571785 -1.37335485925457 -0.846171335809146 -0.0146909544511462 -0.532708406459181 -14.6767864017651
106 -0.536448656301928 0.0373207654866666 0.843107347622677 69.2321241567689 0.0061467418021666 0.99916799683688 -0.0403178826601062 -1.42697468085857 -0.843910573886282 -0.0164461108006066 -0.536231730432339 -15.196815424103
107 -0.539613548071735 0.0367558238653535 0.841110116542069 70.0739701862023 0.00719878277406818 0.999211469146321 -0.0390463500601921 -1.48351070646333 -0.841882056029232 -0.0150149704771737 -0.539452643331706 -15.72782628449
108 -0.54202892245312 0.0299447925788943 0.839826146664723 70.8948785240657 0.0081373340994335 0.999505102445471 -0.0303864110948037 -1.53217423940285 -0.84032043353596 -0.00963636772208328 -0.542004344446667 -16.254201866883
109 -0.544257288295311 0.0210143162649919 0.838655115437419 71.7438537594472 0.00724676125937955 0.999766685808425 -0.020348424973151 -1.5830255292267 -0.83888705353503 -0.00499724519643536 -0.544282591079084 -16.7960667342058
110 -0.545771226065949 0.0197034623748773 0.837702538117745 72.5556003880337 0.00848811735832858 0.999802206617523 -0.0179860920281028 -1.62499209739038 -0.837891234386768 -0.00270577404339949 -0.54583052143009 -17.3196296751399
111 -0.546988236943772 0.0240789793354163 0.836793924093208 73.3793340151655 0.0082587037485675 0.999692818893547 -0.0233679623644757 -1.66218157721452 -0.837099553492616 -0.00587116741702586 -0.547019073648829 -17.8488559808258
112 -0.548157892621115 0.0306569226176021 0.835812824652025 74.156017588425 0.0104181718553861 0.999500744685458 -0.0298282260352061 -1.70387041721894 -0.836309982274736 -0.00764293587792437 -0.548203610968403 -18.3566230853187
113 -0.548280868728126 0.0344618908044673 0.835583907856604 74.9395658744473 0.0157924572215172 0.999399083201896 -0.0308556443801786 -1.74532986555642 -0.836145135297479 -0.0037216363861168 -0.54849563548033 -18.8838011717946
114 -0.547799913172681 0.0357750672370177 0.835844124039997 75.7395105412518 0.0193209145557981 0.999359807648304 -0.0301110796530572 -1.79386479483261 -0.836386248923744 -0.000345573916937678 -0.548140422875323 -19.4180638564686
115 -0.54719694300122 0.0322818219039834 0.836381126965858 76.5005935069728 0.0181317315379235 0.99947865646315 -0.0267143329703775 -1.83713387266151 -0.836807472410205 0.000547036721823556 -0.547496990739921 -19.9189929997983
117 -0.545700886778152 0.0208030137582946 0.837721777673299 78.0676858497186 0.013556354800052 0.999780142369796 -0.0159966298815108 -1.91008223209187 -0.837870376260001 0.00262707853006723 -0.545862923309802 -20.9332860503975
118 -0.545504607891837 0.0149224320793023 0.837974966087658 78.8615139914589 0.00504510686216318 0.999881831457296 -0.014521364204286 -1.94725454697526 -0.83809263787813 -0.0036937978345838 -0.545515431671767 -21.4221586325363
119 -0.544154047230722 0.00977657369990878 0.838928358972991 79.6701567621014 -0.00234437732729239 0.99991048087261 -0.0131732355954368 -1.97628661200672 -0.838982047947018 -0.00913503408837965 -0.544082415057528 -21.9208059139708
120 -0.541968946465534 0.0105793052738188 0.840331922139677 80.4877082276235 0.00101789154728456 0.999928292489586 -0.0119320482591533 -2.00969030741024 -0.840397896810694 -0.00561143286372987 -0.541940851807075 -22.4469155882567
121 -0.539035037788169 0.013896635000141 0.842168695436004 81.2750669655531 0.0053286844147787 0.999900140443799 -0.0130887074563476 -2.04330382931877 -0.842266485833976 -0.00256762071634625 -0.539055260770862 -22.9532954419724
122 -0.53380338528848 0.0171378775980577 0.845434940729323 82.0699279147363 0.00763541802658154 0.999851532668304 -0.0154471036897907 -2.07228984827871 -0.84557415183183 -0.00179046705576585 -0.533854987783765 -23.4494538765213
123 -0.525919835612249 0.019399799408127 0.850312868474017 82.8582310104096 0.0128237036436022 0.999807065183518 -0.0148790132059392 -2.10304839911203 -0.850437463388371 0.00307899205031205 -0.526067144643635 -23.9472753802662
124 -0.517770349777933 0.0226729864567592 0.855219153536665 83.6477998008423 0.0201368937118953 0.999694791458275 -0.0143118637092735 -2.13789085495326 -0.855282626038009 0.00981119851642025 -0.51806888536294 -24.4351751127794
125 -0.507957243635718 0.0215127490267241 0.861113604739419 84.4468801765365 0.0173920856319737 0.999740433728039 -0.0147166751218624 -2.16502306409401 -0.861206684829707 0.00750111982210193 -0.508199546640924 -24.9016765095919
126 -0.497377348034029 0.0191380974624351 0.867323184798005 85.2371340034574 0.0153520560878981 0.999794257541247 -0.0132573361359143 -2.19132203111571 -0.867398459784493 0.00672129549007664 -0.497568825541176 -25.3414009821397
127 -0.48569933861373 0.0160273662416569 0.873978990595049 86.0386689559638 0.0157767286485487 0.999829763334855 -0.00956761113959415 -2.21863844957631 -0.873983550934075 0.00914154697653631 -0.485869514186206 -25.7809738190588
128 -0.474746869400142 0.0151851039071537 0.879991376443027 86.8779771888058 0.015270087292053 0.999842763023256 -0.00901519074200652 -2.24761685513531 -0.879989905867595 0.00915761155272615 -0.47490409949988 -26.2265973348091
129 -0.462858823053882 0.0143544530586687 0.886315778714653 87.6932704189572 0.0157805350406974 0.999843857397666 -0.00795207758924989 -2.27054819722502 -0.886291534786948 0.0103058479293362 -0.463013072022219 -26.6462557856933
130 -0.450930636073657 0.0154995600465534 0.892424408613173 88.5176240472013 0.0171959913629971 0.999814497080948 -0.0086757885989685 -2.29672884520802 -0.892393332186683 0.0114339435512665 -0.451113517425067 -27.0595959105819
131 -0.438748022312945 0.019347374874686 0.898401832145248 89.3540694810397 0.0170153493736658 0.999767819552998 -0.0132206229783815 -2.33043566416018 -0.898449025155112 0.00948609886638291 -0.43897535594396 -27.4661719090701
132 -0.426763792912381 0.0286202888251765 0.903910141621723 90.1901155443919 0.0200470928652396 0.999552897636886 -0.0221837529141973 -2.36051732965365 -0.904140906676991 0.00865354801622864 -0.427146739399986 -27.8653366594493
133 -0.414289959738601 0.0332946349789546 0.909535758803032 91.0245748948437 0.0197897063946004 0.999423938781832 -0.0275709649926397 -2.39215798196477 -0.909929775741295 0.00657707164534699 -0.414710194410468 -28.2393791238881
134 -0.403247880576758 0.0297506621800229 0.914607043986763 91.865496741413 0.0183299224807485 0.999533447501937 -0.0244315629205771 -2.43206819144975 -0.914907186960625 0.0069127002497235 -0.403605071602247 -28.5947294758552
135 -0.391516833865482 0.0260574386044118 0.919801923619062 92.7142133825896 0.0171041220968537 0.999632346442933 -0.0210385587028045 -2.473435031466 -0.92001196612177 0.00749545451408619 -0.391818580920281 -28.948605671931
136 -0.381923999412611 0.026835514198435 0.923804045158053 93.5481727692558 0.0141376679244491 0.99963102967592 -0.0231933364291836 -2.51192571554371 -0.924085593989179 0.00420234300895132 -0.382162472379094 -29.284616219668
137 -0.37519566929083 0.0311652399376342 0.926421576586511 94.3981274805872 0.00911673835909318 0.999510367820723 -0.0299317507101554 -2.55329804984198 -0.926900800963673 -0.0027843201167852 -0.37529608675603 -29.6147124244649
138 -0.370433600236518 0.0361309909262427 0.928155967125407 95.2490007934785 0.00347185330235731 0.999290054605387 -0.0375144372396649 -2.59617603495607 -0.928852460862574 -0.010674186687969 -0.370296054108185 -29.9388020721097
139 -0.366765044517239 0.0382386720999452 0.929527410072614 96.0773126778237 0.00108232874340359 0.999171777232083 -0.0406766290069776 -2.64405034423009 -0.930312974586918 -0.0139127114148523 -0.366502668170817 -30.2536688320256
141 -0.358036770055978 0.0380596761009762 0.932931472479609 97.7675984545198 -0.00024283891813893 0.999165059570832 -0.0408549233517319 -2.74837459922399 -0.93370745542549 -0.0148541168672134 -0.357728588310961 -30.8905206110406
143 -0.346833762205777 0.0299775443832271 0.937447432247237 99.4788698560286 -0.00258703328856857 0.999454722554651 -0.0329175458071929 -2.84952414262535 -0.937923050496655 -0.0138421239683964 -0.346567088672731 -31.5115458170409
145 -0.335377849757472 0.0252135756879175 0.941746236251085 101.184674943834 -0.0131056345909981 0.999420190415397 -0.0314249157838071 -2.94191574778737 -0.941992537249644 -0.0228814027341373 -0.334852954556021 -32.0932723677603
146 -0.329159552220012 0.0252892765747015 0.943935613096915 102.031241283665 -0.0202725004710078 0.999221647949879 -0.0338396807458633 -2.98513188041215 -0.94405667992286 -0.0302745893226848 -0.328390673336452 -32.3664308621204
147 -0.322246492318901 0.0294402905823933 0.946197900800139 102.878859409523 -0.0181749269513349 0.999139664798098 -0.0372773692400332 -3.03391082006388 -0.946481310020689 -0.0292095792090261 -0.321434177187109 -32.6526231456507
148 -0.315051286239902 0.0327758105907404 0.948508530946719 103.703557370413 -0.0163069972448226 0.999069030736449 -0.0399393748597843 -3.07935986320592 -0.948934544043709 -0.0280502774220315 -0.31422350812297 -32.9247112411484
149 -0.3087480438215 0.0309686653757976 0.950639567449851 104.564669744991 -0.0177158594159933 0.999109179225883 -0.0383013878565071 -3.12415611190864 -0.950978860838426 -0.0286668755085673 -0.307924368127998 -33.1953268737203
150 -0.301543826451086 0.0261341383471879 0.953094081159928 105.434184115765 -0.0181984998316789 0.9992844112605 -0.0331584079176346 -3.17249216279056 -0.953278624187658 -0.0273435956780726 -0.3008524429721 -33.4646387054188
151 -0.294614948120509 0.0235270535709999 0.95532638930065 106.286455094746 -0.0193805825353283 0.999344171477852 -0.030587905352231 -3.21806722426329 -0.955419502294432 -0.027526436084481 -0.293965763230935 -33.7176301789887
152 -0.288079605686284 0.0268600684030782 0.957229689005214 107.146887865067 -0.0211166591830559 0.999185291531512 -0.0343924394603406 -3.2607122980971 -0.957373609147747 -0.03012125350095 -0.287277709881832 -33.9665773160672
153 -0.281594851209197 0.0296839570532048 0.959074138148941 108.009998207795 -0.0200272350966182 0.999121813982118 -0.0368036775263848 -3.30542650055665 -0.9593243714338 -0.0295713293367889 -0.280753070961655 -34.2111398653051
154 -0.274605916644462 0.030243599173185 0.961081117935894 108.863630612534 -0.0218535619001399 0.999050772279962 -0.0376825720869549 -3.34939746844225 -0.961308489703556 -0.0313509029513269 -0.273684322729682 -34.442174426
156 -0.259937033171419 0.0294962758128322 0.965174962635902 110.606467502006 -0.0178564115796951 0.999215611158912 -0.0353455935275995 -3.44725141112379 -0.965460453540971 -0.0264221900964906 -0.259206443822232 -34.9023346890887
157 -0.252061398562476 0.0305271201362216 0.967229624386535 111.471649979785 -0.0152949834747408 0.999251785959957 -0.035523678530586 -3.49387309072949 -0.967590365203807 -0.0237479092137751 -0.251405890887104 -35.1295681183266
158 -0.245373747741641 0.0311235862096127 0.968928813845824 112.33141645138 -0.0138730758791019 0.999269415187441 -0.0356114256468643 -3.53959977054972 -0.969329284446144 -0.0221801319293252 -0.244762701535024 -35.3451255844369
159 -0.238513798861438 0.0300371498189904 0.970674475498062 113.186620514641 -0.0194725628240686 0.999172686489949 -0.0357038074933367 -3.58457739681097 -0.970943864005406 -0.027417370464909 -0.2377315728864 -35.5435480191347
160 -0.232260497264216 0.0284222295506946 0.972238262093169 114.06021409819 -0.0230665590179578 0.999130890564751 -0.0347188331364723 -3.62909804817225 -0.972380067291411 -0.0304900047007992 -0.231403034439255 -35.738940822438
162 -0.223327400136188 0.0288651317266119 0.974316004445589 115.829425730502 -0.0184392864754267 0.999257465886388 -0.0338306013040302 -3.72149039075541 -0.974569066337881 -0.0255209921578383 -0.222629319490024 -36.1459144342837
163 -0.218576133052864 0.0300590281104164 0.975356821316545 116.69111934035 -0.0180146266318223 0.999230812187077 -0.0348318418012833 -3.76957364266591 -0.975653600048179 -0.0251840982568522 -0.2178665047868 -36.3323044747948
164 -0.212912797190051 0.0293191705841098 0.976631213421406 117.571342066764 -0.0122364583094333 0.999391282138953 -0.0326700822267265 -3.81217903002493 -0.976994580271943 -0.0189063857180436 -0.212424430559036 -36.5251593885131
165 -0.207530958939984 0.028150646957807 0.977823318476967 118.454921575798 -0.00519793252106561 0.999540006200363 -0.0298790478844987 -3.85428085851956 -0.97821464034176 -0.0112834870866514 -0.207289170822328 -36.7181596828261
166 -0.202507671084868 0.0271047709588686 0.978905498269905 119.314888861282 -0.00319802592638432 0.999593249269672 -0.028339171559396 -3.89982712620128 -0.979275454497843 -0.00886946479591511 -0.202338619181502 -36.895297802628
167 -0.198446835924427 0.0287283724256323 0.979690529672181 120.189112716923 -0.00546330917155967 0.999522378138632 -0.0304165720124541 -3.94077006431211 -0.980096426666519 -0.0113884247315872 -0.198195101396713 -37.0614961854416
168 -0.194771113457188 0.0303967812295066 0.980377605340684 121.077909306555 -0.00728016880290627 0.99944735205057 -0.0324343894856098 -3.98334480071991 -0.980821702708932 -0.0134545966118855 -0.194442179902312 -37.2304903844091
169 -0.192841134338893 0.0295216739922764 0.980785790920516 121.951769184507 -0.00992113080988927 0.999437546028262 -0.0320337751827573 -4.03002990300413 -0.981179834724676 -0.0159079336716031 -0.192439781687565 -37.3984573118151
170 -0.191786863622963 0.0284020980150644 0.981025544912063 122.845192854989 -0.0103541661504165 0.999466986411059 -0.0309602053889534 -4.07374336346814 -0.98138197975355 -0.0160954621784925 -0.191390558576604 -37.571996501757
171 -0.190775175840416 0.0240814978699139 0.981338327868325 123.725088208184 -0.00906218740323916 0.999613237605402 -0.0262916709913178 -4.11281595087596 -0.981591925925701 -0.0139088699896311 -0.19048316012993 -37.7426630902496
172 -0.189571385087571 0.0188115183810864 0.981686720258646 124.576220871101 -0.0101638598583528 0.999725285106814 -0.0211199022459477 -4.15117722388756 -0.981814333725455 -0.0139814553711933 -0.189328109368218 -37.902529292092
173 -0.188825676710338 0.0169933005797071 0.981863580926745 125.428842721797 -0.00938005469490985 0.999773439427845 -0.0191071815958831 -4.1884103173732 -0.981965823432162 -0.0128178605869028 -0.1886234981681 -38.0583500582563
174 -0.187646909541577 0.0216286120523917 0.981998391281871 126.292451836274 -0.00985575140153384 0.999665746336784 -0.0239010410909663 -4.22318464064295 -0.982187101067717 -0.0141632885167263 -0.187371021651123 -38.2168563588767
175 -0.187585595103799 0.0253129319417276 0.981922043741797 127.142445848551 -0.00988378661398855 0.999568634252131 -0.0276560333652258 -4.25900354933758 -0.982198531495401 -0.0148929814289419 -0.187254489485391 -38.3716612952003
176 -0.187542621335213 0.0244292555886321 0.981952634628627 127.99677659007 -0.0128373573858162 0.99954434145228 -0.027318706522751 -4.29505538191661 -0.982172575181198 -0.0177290987394356 -0.187143558852079 -38.5259160172638
177 -0.186930916388886 0.0232803166885497 0.98209717408864 128.860493936072 -0.0147950423236869 0.999539061381124 -0.0265098377207606 -4.33811155414984 -0.982261644991116 -0.0194856775150772 -0.186500319439744 -38.6820988026797
178 -0.186689240612823 0.0240409279598016 0.982124819573479 129.706193163418 -0.010029756663806 0.999601795404532 -0.0263752650280803 -4.37871929127061 -0.982367818803462 -0.0147744511528606 -0.186373775441878 -38.8395115469758
179 -0.185565912438792 0.0266100650455522 0.98227144750269 130.543653314321 -0.0118683456929498 0.99949964727864 -0.0293188925504866 -4.41316462985041 -0.98256014294865 -0.017098524151102 -0.185157246578639 -38.9886279241327
180 -0.185744394065868 0.0273523672513289 0.982217322225001 131.378368549338 -0.0206176038654111 0.999283913248501 -0.0317265682608787 -4.45579456438389 -0.982381766160159 -0.0261439998567862 -0.185047444693343 -39.1305827782781
181 -0.184921548641618 0.0288279986516039 0.982330375862281 132.215887934316 -0.026352681970521 0.999064773945366 -0.0342799301990961 -4.49931603644586 -0.982399896682073 -0.0322261377648245 -0.183988910110953 -39.2765333227185
182 -0.184899376574577 0.0323584997544703 0.982224591443308 133.047898079191 -0.0236412287635922 0.999022099749573 -0.0373622337996821 -4.54238827696906 -0.982473059602593 -0.0301292500005319 -0.183953568732779 -39.4285295881511
183 -0.184412707960749 0.033339322053738 0.982283280295242 133.875223314289 -0.0221820681040528 0.999028763503575 -0.0380721098331135 -4.58956755838206 -0.982598549254583 -0.0288100554930849 -0.183494064496034 -39.5805346559329
184 -0.182984951806915 0.0342808149777369 0.98251785385136 134.693995302276 -0.0231857918540704 0.998963419911745 -0.0391727550005077 -4.63644568595837 -0.982842269374044 -0.0299484791382175 -0.18200044540876 -39.7215979964665
185 -0.181219503282455 0.0338164631661875 0.982861098247861 135.508637751758 -0.0145038915065178 0.999208038127447 -0.0370531196077363 -4.68205690850862 -0.98333571518644 -0.0209700586653433 -0.180585514032396 -39.8715233922171
186 -0.17769621405367 0.030695467859183 0.983606549268507 136.315862928972 -0.00904582417015028 0.999420238375406 -0.032823165458699 -4.72928419648257 -0.984043814357916 -0.0147300841325592 -0.177315526802852 -40.0184209799598
188 -0.172104500891043 0.0257152163037132 0.984742996128177 137.940268394821 -0.00293368177103875 0.999641400375234 -0.0266169901962542 -4.81350734850862 -0.985074329319525 -0.00746982638984743 -0.171967344020294 -40.300430898373
190 -0.160707938285202 0.0340340109496331 0.986415046859485 139.545755073836 -0.00143418454199848 0.999396204379511 -0.0347155553970551 -4.89642321108852 -0.987000963366713 -0.006993766546487 -0.160562092483481 -40.5471746775393
192 -0.143303797870335 0.0306306666284763 0.989204621793607 141.138307715852 -0.000351438991460073 0.999519292573054 -0.0310009719992291 -4.97345266951918 -0.989678684223609 -0.00479020209979222 -0.143224145859802 -40.7701006226891
193 -0.131420362331613 0.029271541060063 0.990894477352961 141.916362634208 0.00313604144079242 0.999571238464226 -0.0291119301863385 -5.01264789719495 -0.991321770974848 -0.000718414268829991 -0.131455811101028 -40.8686804822021
194 -0.11754535384823 0.0319585965578168 0.992553141093589 142.699466370695 0.00804049886684641 0.999479901829268 -0.0312294126958643 -5.05176561106338 -0.993034964221637 0.00430975004044008 -0.117741181784124 -40.9573938745286
196 -0.0894632933699113 0.0327483496490238 0.995451588343037 144.281436586469 0.00940347796251152 0.999442526246211 -0.0320345334412866 -5.12892128201063 -0.995945728311346 0.00649479221050478 -0.0897213683161633 -41.100859185748
197 -0.0761979741618675 0.0344011990775277 0.99649908491461 145.045833028788 0.0102393680163435 0.999378944599945 -0.0337176575836075 -5.17183570353774 -0.997040131627736 0.00763430365703578 -0.0765028975360993 -41.1539980160425
198 -0.0624192183736825 0.040541082009287 0.997226284173826 145.812280205025 0.00706802272217323 0.999167555492175 -0.040177594584418 -5.22019586715885 -0.998024991787489 0.00454056398559492 -0.0626538031269877 -41.1948417750146
199 -0.0498375723574105 0.0497499322319769 0.997517498906377 146.572840244254 -0.000346659256003108 0.998757698390772 -0.0498291052752006 -5.26564465520943 -0.998757275922874 -0.0028291603136788 -0.0497584127865773 -41.2130983278378
200 -0.0362581414808538 0.0578780415512683 0.99766501366067 147.328774538461 -0.00446539713169391 0.998302103038643 -0.0580772872737679 -5.31298431425204 -0.999332480911539 -0.00656074498918817 -0.0359381304518778 -41.2249122337822
201 -0.0230340727978553 0.0586167165178659 0.998014785479157 148.074923625351 -0.00456161145885533 0.99826309439619 -0.0587365820204196 -5.36143019174495 -0.999724273583093 -0.00590549838770429 -0.0227266781019857 -41.2350892808187
203 -0.000805240317163447 0.0522552151156602 0.998633438295177 149.613114121844 -0.0124488541544961 0.998555854067325 -0.0522611934241393 -5.47539803407978 -0.99992218578161 -0.0124739248471078 -0.000153559880847975 -41.2158513026876
204 0.00785992098581112 0.058709663897377 0.998244157011277 150.361777633977 -0.0160564118003372 0.998153705059199 -0.0585779200440843 -5.5351278098505 -0.999840193872098 -0.0155678014391939 0.00878807579365559 -41.1935450796165
206 0.0171988810753069 0.0697302697662407 0.99741760961399 151.857449271591 -0.022325099030561 0.997343240383445 -0.0693401097109357 -5.64205137320784 -0.999602815343691 -0.0210748746087907 0.0187099229605751 -41.1418163402411
208 0.0153383038803797 0.0607904613652708 0.998032692972065 153.375115521801 -0.0261104451966056 0.997834080559395 -0.0603770844428696 -5.76906447780312 -0.999541385379169 -0.0251329958656717 0.0168923483597736 -41.1010645013399
210 0.00987240293831959 0.0582769090786224 0.998251640383559 154.872677637221 -0.0220635464092747 0.998069946434853 -0.0580481002563882 -5.87597075929968 -0.999707825106951 -0.0214518971602022 0.0111391439598771 -41.0793793482024
211 0.00625374559748693 0.0581530626321641 0.998288090669473 155.615882716442 -0.0201270267052511 0.998112698201396 -0.0580167603812392 -5.93372527637433 -0.999777872060594 -0.019729749000624 0.0074123911367624 -41.0726594631612
212 0.00157277379749543 0.0565974226608422 0.998395842404571 156.352779787948 -0.0209458827063391 0.998179903787609 -0.0565521853884692 -5.99125602382703 -0.999779373852169 -0.0208233384141326 0.00275539417439874 -41.0651150684956
213 -0.00375677558718679 0.0569024720038462 0.998372673562853 157.110051290982 -0.0216821868504087 0.998140375119583 -0.0569708199828911 -6.04136177251435 -0.99975785538828 -0.0218609294402256 -0.00251601936359735 -41.0607305207618
214 -0.00970461176109527 0.0549962535245631 0.998439398565997 157.863275995747 -0.0225899859272728 0.998219536292947 -0.0552037127274963 -6.09391380891651 -0.999697710833816 -0.0230904625626319 -0.00844496845889098 -41.0629292862865
216 -0.0214334693553224 0.052207395255525 0.998406227079954 159.332376248519 -0.0208526281921527 0.99839504949426 -0.0526544684033013 -6.20149781492855 -0.999552787144768 -0.0219479617729712 -0.0203104082956966 -41.0816448581925
217 -0.0269698125618496 0.0535212811491362 0.998202435217694 160.043018699378 -0.0226706943412317 0.998276085581093 -0.0541377555406278 -6.25042963895663 -0.999379141681707 -0.0240900274189434 -0.0257099543074157 -41.0929107836633
218 -0.0309710440596285 0.0557170309347121 0.997966135143712 160.764415782526 -0.0230466190199796 0.998139849056598 -0.0564419620231273 -6.30525397678163 -0.999254546039999 -0.0247478118041287 -0.0296293440579261 -41.10959665419
219 -0.0334949841944507 0.0579337331118769 0.997758371852392 161.477898499496 -0.0230224531193826 0.998008914399762 -0.058721149775658 -6.35988825017694 -0.999173684944805 -0.0249377093240588 -0.0320945161591419 -41.1297497846872
221 -0.0346808204132929 0.0579528675909865 0.997716746292976 162.89816368321 -0.0164409952062299 0.998149113499961 -0.0585494739162504 -6.46208312107226 -0.99926319574579 -0.0184340000331604 -0.033663827332729 -41.1741702833257
222 -0.0307213863858384 0.0541284473128426 0.998061274476689 163.607252407395 -0.0139776716480917 0.998411688361209 -0.0545776990997095 -6.51748774641844 -0.999430248248386 -0.0156272753614032 -0.029916001586922 -41.1909724951639
223 -0.0231774597174534 0.0539298974075461 0.99827569915663 164.321205797724 -0.0127476718477678 0.998446818623657 -0.0542351107932887 -6.57308419807197 -0.999650089893213 -0.0139827231221328 -0.0224539802837342 -41.2037606963966
225 0.002503665086379 0.0549905820303423 0.998483734243628 165.700184450136 -0.00732325048534379 0.99846109698143 -0.0549709724942915 -6.67095022255306 -0.999970050383242 -0.00717451758680927 0.00290252199516317 -41.198299157948
226 0.0177211965469701 0.0525776763243582 0.998459587136743 166.354331496734 -0.00842484642418758 0.998588803148084 -0.0524349519882141 -6.71425893752956 -0.99980747204433 -0.00748265859227071 0.0181391472985641 -41.1741134925196
228 0.0499535845365936 0.0411515382566448 0.997903397274034 167.701879235703 -0.0147423637330527 0.999072324001126 -0.0404617612882936 -6.80362796188427 -0.998642729960774 -0.0126902448400486 0.0505139147403154 -41.0846932772124
230 0.0842637251051922 0.026626227478668 0.996087681201635 169.040088959953 -0.0155899249487743 0.999555795713934 -0.0254001081646592 -6.87230628850347 -0.996321523842323 -0.0133886244603031 0.084641395685402 -40.9583906555552
231 0.101486139518666 0.0207508694694361 0.994620513010797 169.690046019953 -0.0172511292704953 0.999668816332911 -0.019095973147483 -6.90351282184359 -0.994687368988111 -0.0152203504499454 0.101810504898514 -40.8740394049018
232 0.119858496280048 0.0184050902397445 0.992620367271775 170.311895563937 -0.0181213594255187 0.999702131112842 -0.0163482531486892 -6.93048165429969 -0.992625587622069 -0.0160281534092148 0.120156319418638 -40.784808677501
233 0.138077739983414 0.0168882269506787 0.990277398263504 170.941300378324 -0.0166230502308574 0.999753290448878 -0.014732020827561 -6.95282368342063 -0.990281885082271 -0.0144272667925588 0.138324408731074 -40.6873399519413
